571053808
490089300
691366584
782447790
434755466
682372742
399832548
178543725
897520447
758467972
961132684
758382080
763498646
890834554
322959144
542360898
813202084
497035885
772684301
792742467
882427736
985070399
194342575
594135975
425680143
623214563
714424270
232910420
108433807
990972330
426063866
357600515
162872448
222585443
205881417
24803519
607680721
482531224
890347839
488865450
594873816
730539628
997530552
358211177
449778678
392229979
378990373
354563730
228210669
646181113
785488715
714565026
214064462
783963349
189345536
329231862
178989525
364759417
182657129
372772074
171974151
884808910
251449919
97577759
980897334
39506981
802507149
262605379
261214275
164262649
778382460
520722580
330892
384409394
623270208
860561145
633336457
444408205
943285714
453107184
324097634
264892771
700819856
395994448
4010609
721176990
917723986
910761966
705788367
910884326
423321210
339621050
427327602
898657771
643408415
677091188
260145076
193512420
350539745
877703510
835521574
544197136
16498995
680260396
560420450
314875635
373100996
343936560
20786385
379577656
544867897
576584494
152179081
877849491
667735907
759983357
364587036
68781174
417205987
117529846
935605499
287863338
311655739
895283817
853661717
804690873
892645465
803876892
872865114
684954310
512446387
965575024
801778706
520993657
210288469
956464007
679057397
380085466
316930139
259715918
661610115
609250497
737979607
185963682
786176511
205686876
470464533
460909714
923034218
984470080
940725136
311681572
174392065
571185116
647510970
667252585
629785040
16754633
226249314
619735664
504632232
190962813
445736454
638866067
987845566
133050951
752508385
293813702
762009066
287248902
340861799
284048870
181936182
240678093
394056474
392836607
714001849
882071605
578133068
368591143
433221574
406036669
676206252
961980579
402329671
426627671
369948496
693291241
499750823
591217106
150781948
805435905
230472627
437962249
625117342
78532289
933842868
965630629
389022713
761513798
578242723
389171585
916307397
982430253
242607533
195037884
373506701
956217239
351435747
22375216
817592330
781307201
456739832
879353501
973919182
228242869
837879295
429560942
461977585
605696547
430124444
156281457
272094701
57800510
618001337
827520627
722769623
825497427
908593993
456095528
34327898
906976292
137561940
979643446
610013655
428449284
247991333
419961324
510413913
212334457
3485374
376354519
767521463
750261534
609709036
192538871
811883178
297643777
244639378
772364464
776370194
519975784
646632418
578441394
986593480
382981435
436616954
206575656
123194375
934072467
951864260
957743060
166742022
551018431
508216864
802124825
80955384
420251628
166344584
585973169
213396211
900992297
398467831
2054377
117055924
124007919
919628893
514242065
698520474
83689037
231620268
111226643
906939432
939223853
396867013
221683425
859966603
574934717
593160698
729671624
520486434
612778619
169602850
274132493
787819701
799197472
257241349
781334783
240318169
573764771
222143253
337770053
203532604
916957647
20550232
508336659
864537044
748588043
50750871
510118522
662396820
468049883
472581727
437557449
22363152
228390715
45134438
308689700
552235854
267962286
568847204
787769554
986738632
236543816
765681489
489764756
162045215
87964852
794991081
296008166
424903337
300942319
553620379
368775963
993152760
543104749
529495500
272728672
866821231
32572635
432603117
646099681
847362016
373647150
737426872
719256242
872524083
175177635
840911398
136843322
383862868
585503798
936659344
473488668
982797018
563992177
587987611
149264262
447886856
431125737
997147869
936389054
783951848
8625324
550238917
27329136
173358014
209810010
827217214
774702715
894684373
413573267
703750478
203048836
405451190
205040923
229257699
676235696
546493009
687303028
646304740
76411638
111970637
616278953
962564818
542784126
827048073
220409110
202035007
58077670
545164311
43364582
378022511
56971120
659886755
622716084
643739030
464089663
3556690
476274873
651418454
372215855
145559803
573044646
903542521
111330747
831821766
594011642
42515974
728419227
450834705
821232729
712775854
421855828
30091109
554463989
22854497
31926827
168613339
966480997
574582012
333983900
372107966
317607264
335562691
980118518
923390779
355772176
130374645
144214035
117315364
506862833
456764256
833348577
740581773
180073448
707931455
559280522
61742960
411665287
33014418
475468879
817408363
846870961
198765836
160382636
332901290
178209797
923258019
413489043
888515191
262879829
712978969
922171894
546971586
958042788
649285786
981740455
442104417
377520916
438166743
178462388
667316117
378225875
104312679
96889403
554695840
924187472
586111833
367710266
29866551
379480742
187771590
626214592
962075175
242185548
203520825
572227434
80110202
634000093
398756226
922074129
857844686
171367495
900747559
267312337
174657503
618073980
755950649
880756736
2173142
918354297
242979856
562141950
194371575
151023541
245996168
928802577
171103768
751686784
884002726
212278776
258743573
958945862
972993596
2291615
883405628
276897987
846996210
823801828
940553363
932556985
529621102
215868172
549580460
471428235
730181859
143698160
942502525
696831791
258270829
382772645
867648891
327092747
463134254
740278772
58710770
256302506
896644295
448517137
210163494
125525397
347780141
797641751
680374134
683267916
321902793
850627329
384795840
451755499
187301049
401186435
214879374
784009562
732539808
747020876
282090982
594701075
5901641
79650213
904081410
876478955
498162577
82630580
308716264
26050595
448124445
314374192
527505774
556210530
837238692
432363303
583493376
246899598
573537837
616056886
94631041
556483800
612565640
306060574
902208357
458757786
798702783
123564078
142103342
358450090
215901223
335254186
551581850
225540068
716195347
929438163
318486566
174764959
648882997
199046437
899604011
405331369
878469759
925601777
389626260
815189745
579374514
65719833
194170182
101822746
419979444
131595117
962719261
589486666
337678562
755547163
436513730
701382908
14808805
789395861
194221144
33092585
523731598
801314833
224364137
798220765
882379935
829935806
335490843
995054817
444578219
485346842
380715804
512720134
669955969
289462977
553328993
455377997
980056731
863845634
686676861
862339102
503943892
9818796
399325034
171898568
297146694
285196609
471143928
353122840
1158639
677554147
961262453
81440245
188784781
487861503
685896689
10064903
524677351
979661161
805585034
648674470
121390500
667041991
868457661
900433437
486182084
413957334
59915882
356799706
381162218
250290474
70866343
713629703
625960922
299824572
734427004
330335399
724604060
964855789
364725141
726294938
469523328
56061389
660266659
656139035
785635986
538624894
379049837
306017991
930545189
72711366
540724538
673942980
759559178
987076644
789006494
641606633
256989142
235018959
859734829
989191336
389908555
667826682
233427139
87435915
404437641
906380202
805530790
75104289
147794455
987456284
915955488
473864681
657850617
942957899
110385479
74057980
158802739
260380344
215123033
252403117
766502633
236059329
826072041
955987
14463429
166193280
521251711
3185334
654371179
184446464
423074314
105250397
633955250
465153188
779274532
763071204
408609460
406882344
664708569
304935518
818904683
229388854
927171403
566931496
963981059
556643164
498587459
247786354
526285986
695240120
796991625
146230837
752410989
355325779
989677801
72089194
420531141
707437797
48682232
958059951
90730317
920331617
673835981
800166935
398603590
398447789
172135891
603465947
396616164
428223959
569054438
498917183
713162931
88587566
964326728
750267277
537867177
774207309
675275947
253057126
117865680
881269455
804030529
395299885
914483715
709682891
918622830
631914038
180986740
907566856
428907201
515146215
984608979
75154375
200312740
805766568
599044651
321029726
2653259
369167049
479003159
43627447
273042222
673782948
618000024
390145512
876904542
539946052
444851580
595278997
538484286
122778479
399143051
713880087
860794347
552138765
665168996
180002500
903955683
158798180
542080168
59614591
176236696
95472221
846686406
793183456
334011916
384860800
303843052
551180240
38555025
870187761
834955422
424929922
147214431
257890965
143631101
751659824
399262881
738569880
686051562
372095995
669545804
512205425
650414642
677246105
670077245
859070713
659592970
623293719
867206067
619357146
956028556
918444473
639092352
874583676
621188671
839851857
988638871
441675371
638930333
753061607
632415921
138109655
176437799
341446064
925750137
848038321
858108835
229533695
378609625
930014515
730726803
492883926
495682409
225434355
694395238
230522222
49990601
975931694
358397660
148252644
688126737
72116680
351592839
345166437
623366278
193464690
923536874
642098144
220155267
319830359
893968057
537182315
621165450
481492445
469397285
192566163
44083363
780651193
496613119
775826386
694665798
417339199
236340469
870625053
705112623
102812656
808064447
963318286
330575400
460329175
890312629
320572995
300981215
172316789
224847555
302361438
999928930
339162793
404626368
995598683
246494399
527569459
508100546
674551449
336811118
617934029
892762624
971922405
407466103
692684503
757984068
199280544
702395268
58198708
915532334
479522779
484443413
792079642
205802726
298071903
430088882
837830181
528518153
809999985
14005540
727225956
839678808
610059142
388455422
925304982
51336045
365529929
908963830
879983311
997593439
955956800
841444707
16299751
44932356
228463699
491886367
896120007
419837481
659669032
630755911
794413784
327147109
242094932
112081129
376010565
477194829
38689923
333390801
67193882
61694285
870462324
766303483
277204925
472826803
436138573
253956425
902033075
314000441
777902954
411997210
910350477
841317711
549873376
661398653
719074902
17770755
504995561
751414697
376033077
113487
392913518
773620809
483791955
536633122
633107976
892811049
991706558
521625440
893254819
28222524
297656045
491893482
676777326
26554710
382259912
278810808
942918448
567543031
495394561
619663363
15949872
36616160
427718710
973006841
438228090
358678297
609187805
932911723
252187594
353005567
728020247
721630643
60858531
294611390
398745974
105011336
10037072
521577698
434632314
38392401
463073972
835976869
486741131
570584273
400477965
62876990
542560521
115296143
252678546
834730257
35417405
862717945
232762471
805429625
578963162
370760172
319063100
185622276
195452574
788664958
95597295
119259766
583697485
641843629
942215149
32115476
827250225
518415891
414785957
692514327
126562988
249298300
788310940
215953339
952765277
604199839
688461746
543735020
938954654
881116377
383635776
154456296
933304612
234509779
688930617
864500951
661961407
872866845
861626985
647063291
371524458
594876106
509633764
440696899
361478980
809227335
807660821
119105741
107263478
297325848
165932344
279318830
741377653
760050612
898436246
95251148
245670110
385061423
597043194
512747525
890243957
895472026
824946173
855168
435986261
870843182
189764942
354631496
74313029
305886969
675277341
712555011
24298857
45843486
835925195
127618119
259113739
253875985
366969555
380463490
245334837
606962367
779700621
688158166
982349502
958077052
98764026
21362529
859188925
479003742
96923037
969039626
392363575
524857476
191368084
78704258
764251019
511435924
704965132
884844124
614188924
879020503
985706430
731432246
445014231
480926340
495558048
907680688
736619955
661072732
986580696
474637334
69577571
826409226
367438083
230939040
131802822
397864074
627495444
279324989
63660073
128495761
511583606
221058457
747639935
303509626
750825280
181683066
985077935
711528938
279011092
585656069
259123403
629040946
947312723
384219698
590930640
260280106
561966460
859276456
685684103
827034507
249060409
189950166
727523543
315077666
476325742
245747905
684694893
560779405
434874906
424612498
102794406
810200389
667123520
308444100
475734358
279818960
808519624
330677904
284969089
970627420
748951637
179280322
200917058
313546638
543927223
371098305
85753780
364156528
155804727
565780662
7747639
264359659
489754107
746015018
677903882
346116338
582820042
583934699
990063726
754022059
672002561
550275981
26910245
522200231
531016966
49330740
97417856
859271822
89814308
776342156
154704940
804245048
740964590
862797483
369470253
852306589
182256581
485553448
39170922
122486327
523724274
110879633
799343518
600010960
708099933
891663996
902373121
487618308
187586142
966597449
617926620
183773588
952395567
89959366
185682973
310221027
44016181
515663019
25547316
373767852
953299949
352586496
207375313
610816360
379662984
32511367
134749409
518362232
902051928
511833139
896241228
683587815
221078493
915280672
703981483
598340912
610040250
357244239
844938866
286362979
928768403
186885346
778895498
520873833
379482512
938399529
405449723
486821964
221181314
579768712
117842931
626476162
273187139
383456301
760033447
707344129
554406522
199581888
615533446
129313388
578822401
629391615
477590086
729718376
253019590
142255
800314697
68776298
258572411
506692232
516072915
421821007
658830392
227486475
711652943
334145399
17551862
980421865
647288083
292785648
462961466
789678464
535912175
914770240
947944340
792913300
784896058
217299864
218226615
5566855
508434687
756731196
964786469
907367359
102799326
742213244
696606494
996938887
754674360
897513200
569618943
436930492
80354742
353574551
736040268
510908173
660189121
909273627
360455393
24340165
636367753
657974542
368975403
108279844
597172248
965104177
957921628
359518828
968601030
450118704
873700958
335682237
983038318
572119880
533122125
970112369
351893746
910648321
978161704
233348105
933629448
749123047
235081339
647486283
772921391
393519680
563003268
150741799
514013060
992862018
536517116
776643184
233939810
120168381
288971476
49593555
538818030
168777231
568033182
314002321
338044510
198914339
373094215
210745021
361166887
623901021
296722800
748750190
425883701
408250180
926459301
88676111
412251269
579402730
182390175
533703070
556677957
290592675
440648838
915006932
114066427
138889942
94467681
770752551
49104382
728990997
886179877
121327207
942714377
219803502
780139210
434090586
720140937
617201699
636578925
894041136
966224525
885554925
816358324
853149968
75633506
106132475
746127561
161231215
143690090
370470358
414962975
958253126
384089415
202062320
949497782
265739780
931973684
213055277
349908883
567555745
560057703
251460338
24227220
593130988
563667974
36134831
701166713
728215946
992842397
809419649
454293503
687647716
490874553
613634687
975322345
192931380
185074273
90334547
603005451
967849371
553752784
473306569
455491228
469877839
466533971
112926143
659158818
765732648
935700071
460080893
733798440
966174045
788082696
139605315
59949765
177349382
142285928
886663915
152376333
878532008
401192786
943415055
331436424
879852752
25346821
860548157
19739344
604744524
527965761
445927443
358468020
676888970
983338101
756651843
169514541
987028433
473799995
825794730
297989703
851375191
213522385
220111753
987440816
996475818
285347312
692000748
711180139
314191889
27020605
464651564
853565347
590581971
102415653
656428981
565029122
663282271
767437514
629195619
355631999
998967335
957725887
297847115
553028317
992011441
771130340
743635146
473459358
807594695
879690469
47017826
122934370
831289669
84792183
428380201
739741209
718071393
159057744
2403120
322482695
325899449
510264866
111538737
228870530
185183968
605284986
947055023
883896675
725100161
663145896
573919819
294885333
726881393
615518223
791852857
377509752
71008801
634756932
59027712
734936948
675092801
297398972
531837726
103541078
845355966
934255214
326880806
604099474
785865809
569996401
257623658
372243498
100827224
903347331
213629569
579343073
281221076
396931777
677874189
412149477
623369499
930803782
269030934
770048479
957005407
269478498
916189649
191597398
605308329
837195953
933531178
572129503
379517620
93008904
673503011
991459777
921723264
579955390
79922585
298302341
946700711
572719894
918628644
249504562
83087151
621923062
474201969
997519164
536590932
306390005
262827457
24688428
796240749
623251455
556584493
782667297
670877564
293245800
655097318
312959012
816072153
116789666
212152614
701529524
816947270
800226735
326961191
519780773
758760057
553406504
973010135
45869739
390846042
174977246
32426855
148624326
877498675
497002575
355961857
237465538
493393162
294580596
56706940
359226122
261376176
92443973
101902043
724161010
800950633
419051583
656793645
433210146
324762742
674099580
475731314
876324506
694341636
36829825
506285467
598916980
472798405
99254056
804789266
545139812
610270937
256664664
542037766
685974134
964686159
743186963
916844527
297492108
975937422
424949602
308246416
755257342
480933327
761156523
442230600
257400748
592566260
612492524
642384565
664810092
586685994
423885143
351976027
658033471
266675001
552332110
893779904
669295401
545443280
444751008
631120489
848508293
787160223
800028378
167868746
584729459
178669018
317061673
451864913
166256223
312430185
545896349
893710523
810627562
751509207
830290908
656608023
139841885
474798736
771646605
550554790
814305024
149389930
5317025
559716711
856404074
678520697
327352696
462992558
104938019
162274912
286298598
261088190
852425395
52742237
336386158
523490513
716075696
899100835
848118190
396477680
570050844
919432398
133010787
755622886
318207391
432216261
732997384
876009165
717684619
16534338
564993726
592947353
969431941
243658148
614451879
910163978
403355568
240041068
46177560
432365761
306451278
671839790
208731919
440411907
491624108
27102153
603471639
902917451
357012137
438689844
844067283
302094578
65982835
802848380
304722070
512735870
708830750
99707562
749046734
286769468
389626569
303686587
745067276
603436260
33147944
212786510
141639931
177277602
771791973
371077008
803777101
528262542
688746576
351128063
292486499
963050682
254291704
787729570
265788913
973010135
499352194
543738826
723950675
552344741
743376038
350307416
361041256
229024300
72264142
550385873
327647806
302863581
659878161
195529034
198277518
376246383
213167950
832330667
785745770
386031238
648530819
249676509
875204903
284421409
258182096
72862464
562179714
948994643
287621351
103928578
621257882
453319550
845739375
458922539
665221999
443704989
532801826
645128268
827667386
760007287
609942416
903449410
810919082
618581006
50537040
441927724
805736536
625879928
981241361
204982363
102902268
932183723
525711267
329191631
929224001
864852299
54445220
403074833
764713488
42817306
534107390
322236935
543520983
479048117
127683616
448608717
795885721
386341917
602023321
302123941
925876284
306486946
737169161
495609408
72937967
249256669
876840138
104582405
932507782
284566076
67627959
738312055
680817546
971512669
748895316
344414164
165323780
429830122
587489582
560909185
916887833
928636531
810373999
956992886
220864450
31387287
831709050
112328468
886721254
8261664
257025064
738098023
25738371
267198761
562190594
950677926
761625275
975551006
867518686
960645388
613327094
966001997
331395947
191591272
386764545
565285323
349184064
52305391
206426278
237506429
266807126
791656385
362977664
637547055
325954767
225557513
444512876
387675873
462719197
768385315
381512842
960770586
903586077
652686406
231527197
91439079
119490562
937117269
746818659
598024535
289834328
436327087
701902263
18413423
505983361
94087840
686041701
846928630
859107135
646922534
623412815
807383661
75628329
293012521
800451804
129717692
631439785
421447686
677279836
182999319
430733298
388062994
201566345
771971157
156417710
121561824
318812949
403466313
209635308
29500585
733346976
85279255
464258987
864848904
608209464
414928968
212000754
478250727
68611051
246804072
458109655
272002771
80551260
589978308
954024949
470445928
811835759
669113735
369089362
190817685
887259419
804169958
663350211
92869033
478988290
918544612
444708256
262116248
882641304
353430271
279608819
585490511
879196243
226755840
482083942
712547327
980451103
72660536
657108783
498781388
253048501
887424589
96577030
981713477
208718266
988524329
51590218
21974745
81664454
791078297
642120600
778203447
117899562
325911095
519522981
881668098
639040633
61430371
868335410
298729566
779468573
441803336
716704231
641770728
830559849
625803537
122182379
818581804
36007981
741499435
692273605
938957396
526762474
272826714
229592250
490310954
825575702
828166926
313179863
255238406
395802247
287925792
407497029
508175767
63638926
610426118
360674093
616501799
183418539
436484098
88783264
177805342
659328990
517500145
858789834
299548008
444597001
379538152
835148537
261521001
316475441
320072826
136075680
198193345
126884428
147845386
476717590
994389904
33096538
814689758
695402796
263031730
826799118
231335318
818194114
789877322
469397139
206584501
903357095
866835314
47181550
964564502
216450968
379694469
460024110
75807773
715902886
145769685
706921582
597838719
305038263
354079435
345115870
450504792
512899119
310590177
210616898
860459512
94209194
654822610
626976182
814342751
983968517
137188076
636873994
477566002
908133797
569555451
453835727
940367355
46265031
74862610
115390396
682492402
801670061
722606669
508089540
719592464
639254347
132637820
907737672
550197973
390548691
70719722
998273
845366580
851090108
646482604
730654757
540602798
32522639
755049853
838361690
635110220
116132467
173558281
888360163
410371132
828512421
828212120
502557131
430421204
721838836
265744614
617347286
134902257
694904309
106517646
442208842
28386527
563402417
388008202
344930211
763745188
297707728
235884379
800503263
21325440
555006142
133765308
57184764
793250725
653535939
539330866
423365558
975150883
819427090
415596719
958447728
130957419
333734644
30401946
493546056
750943296
958709673
167144478
775201225
682730166
927307882
414975685
513669080
773973400
950105715
165008816
976137464
262966100
683837331
938598979
836852066
555089331
384548496
41657298
21093588
980985816
514176207
697868642
972418531
966065248
331694353
620967148
620589820
879063767
137796973
514534132
688345313
616999297
388765849
589371171
337514120
339113953
408346113
358686447
842713455
540468867
76817275
800824256
612839104
27856825
487271185
739501120
802646147
372970024
304026863
98701180
93644654
855797730
504061391
435692901
682249329
146544990
265744614
30944589
340298503
966923404
157339750
954106682
374971210
139377107
850448759
563078407
5192943
350306624
446370373
459147695
634259332
682030644
117301086
432677989
89930527
190804191
539624327
403906563
539581043
405887009
836960559
172704450
335881956
666354400
503086424
897072938
316255090
26973100
132484131
611789800
430092707
821309359
119223709
39481820
987822684
241010868
171948274
399205449
993260326
542847639
50234207
398303255
518889970
11651320
346671257
861596137
208372917
93434579
675115699
246735017
155591311
85465821
985120709
563381368
179780371
916167667
331531072
238003865
948196671
119475680
696258231
889404990
666491791
330650869
214981629
544254920
94583807
546653022
759202214
890527615
779919453
799898556
25943707
914012047
839187427
991037386
541817193
497164191
700743125
949483081
916368736
554113402
910361151
126151645
996134375
951935017
365136061
549869399
938528012
534013149
485958208
655157606
783054448
665527228
955168891
262374066
970170647
837540993
849518276
64716441
744773124
718517419
304347223
438485471
858545505
670802217
964173291
432473659
356832711
562746802
787901138
650463630
156988967
187442925
930952677
860179245
168075454
501887173
104673619
107952069
248160758
764450287
199052507
968218497
28684355
183100142
981560811
963939487
547895054
677263701
79422996
562079147
150782722
670883667
941784170
60835273
794807889
645017547
140999636
337177384
883375415
143406564
118073269
265744614
155796822
65288088
694417295
885332522
292260966
689622361
509742164
21990748
724187302
459060359
156418142
283463629
892322183
703733237
386406070
717894316
863226959
394540799
322732356
435800400
242762357
543867607
268206486
867235078
429686187
503649300
839153971
449133865
245254555
335972977
7595110
25038300
805043736
486159390
380558917
16806433
183061552
731839221
860603798
201712564
257514697
871191735
31544040
928380518
978185994
849894919
420162998
786319107
403523152
452341945
210839615
556722100
887657948
424766414
742784081
314676403
172394442
733107934
481170651
14253832
868152649
536425218
414907306
790532274
531227498
24299791
322752433
724303081
649381654
549897724
566641016
282899962
670850335
840329740
342996225
305916773
228392010
231883177
356570397
380401666
980446161
30579133
589279933
166914971
93772329
585922539
700209575
406129341
978918299
550585289
98118909
408403677
539364258
740157725
348746702
636569174
681931965
318114871
520205601
427444975
316805197
141396861
725659118
235360902
231635812
945038216
160121538
998752114
662464433
627835039
693801580
539122352
918411079
42174649
17982828
128562439
41311197
594227336
341050676
701162540
247230384
523461394
547728172
832094817
184938838
493636830
536556399
818765144
322855384
69777916
493640252
479432942
86184481
821509455
370335558
444482057
720065360
722035722
310264455
679935798
677541597
291914157
338869089
152303674
913082024
681292002
111472302
415968634
103861241
831936449
50430738
839393113
571719807
396027109
227221837
302611586
136545350
910308906
930938609
830410548
27843894
591378867
912069253
620395554
219869000
916216935
21281000
801828959
917661372
323190365
240409791
386312170
460069226
61653285
674798628
254222499
326156849
583031537
268568955
738491632
9185648
124775008
612826815
84273411
923139611
118768836
74677298
693172082
793091775
299733057
849594064
281908369
253610066
835729059
216946841
216116900
335491554
663238044
268409139
312587403
215998940
15309983
696564871
842379154
216909771
331176261
389504403
650659278
687029139
51442166
937255939
357752899
718981600
292961011
536180979
115234518
251248220
149425213
841042163
962502696
422668760
202097336
74275340
945366689
38601353
746641537
838468057
622212169
199148109
933011802
416069042
849477495
62434093
142336195
281170673
354849207
527858238
381254635
992819134
542880412
364936228
86327905
187046877
629085152
640241416
552932849
968157099
967509482
344219239
106894146
682579151
783782354
275850720
519130772
937021892
246993089
138772465
461037142
61121164
105908820
868816612
751908672
926432419
217639470
477135443
782128181
863609876
548095756
236116398
631645203
397488246
447683121
268408165
680495192
281598357
522191221
698006564
364624661
364124468
565381657
934892431
529919337
233803724
600971129
699029977
885455600
916574033
818385793
39672684
258132288
729669005
591431329
363420705
781385085
666534765
411241427
619430716
379238420
588285845
951901306
935581966
738267274
791042992
553571445
846460278
342488278
612648884
143514143
227985227
511813606
990214497
177592955
653828709
455549181
919806722
846591447
185145923
78861570
144783281
423720626
292578537
142676578
592697915
488024281
587509464
523382501
401098712
642517896
238261738
61915152
142406355
168143199
118211402
783307816
227340977
98082744
861293709
322594031
297166351
334658876
260354438
788371344
380175328
792921976
323094955
267018914
906525410
880366120
550555428
94071123
323985920
179566942
90078291
500861692
884345645
378277642
65216951
183234859
735442158
848185094
365050629
531752673
261828215
586088946
643798702
99417367
200288892
443809374
982181817
588842750
744939338
913021711
172199213
144726982
380447832
243065314
371050089
905768061
678421905
7042130
831925320
252839926
166665812
849350230
948822698
48868766
733916812
964566376
590741498
500265114
881852481
752513
797978418
341659484
806617961
401799337
827248826
988944236
269288750
929422445
705592030
980997897
505511383
154720479
772188033
526183006
192890413
550486471
233345823
180495697
778508811
406262286
590926644
265952565
194681596
890221015
245065699
639425355
943205498
10273312
172119697
608456672
558285726
918376188
761982846
304803062
27830973
732787847
421727823
284588652
336584918
567018618
746962258
63251904
493127628
864079643
833731492
559367573
970568393
492546431
261387470
104915090
889240482
47372472
615874543
254234388
553950795
39200324
466059699
549542765
508655986
929350152
924278381
274907506
756308171
49278080
819471868
435543549
565161222
305000793
331136720
178899611
145090209
709053823
228346955
15201948
504419732
37446312
9196177
566968450
648067581
664321336
26146458
594906305
142394582
716518578
128232534
215523662
611521108
918908863
300190190
221245834
3310287
335608250
234805321
798964687
247158910
171175121
570774456
814965618
628709384
133576782
198801488
969688761
574026405
379328055
301764394
530837026
38377717
918647058
488214012
815584086
875820420
777074214
780513242
118305756
194654466
99697621
918908863
954351801
669904086
757729263
568131495
845432433
224979501
292962385
233133992
161640947
66874472
631618748
3068195
58874100
15502378
931047015
533066416
406151807
961060225
887928061
357406215
701098925
901305538
802026335
720639691
17170053
896973914
95906609
369816765
135204575
718700723
601835199
993287020
791027475
834395980
825684688
626733629
309448981
718669558
650795414
973139153
426762616
222784614
820880274
246522153
389386190
632106826
661958122
691390517
761907076
953107462
998482189
560456022
413644180
103200066
494540319
879157161
168537839
501802673
941559176
147883387
620328288
297765447
406112818
674794823
575105331
390142523
49569499
902116445
783494906
172163353
714320129
141393164
409277482
445226500
312527532
560346478
528944730
64589583
572397158
606742337
132569224
152760494
567482339
295374441
108052894
495521674
177931317
404540673
859471571
40643090
226659614
196093831
13162138
539156376
121848829
150051046
120855170
290627344
86386026
433021618
740539808
971594568
804701159
219618753
381593512
535250497
543811163
104434352
810514758
974977654
490698275
834622842
150280689
741261435
995793088
600589522
4012959
370793889
238654620
42744899
285853643
153375469
295609599
251970168
321265081
604894710
511224300
368045640
845324477
301534047
115304791
49791222
727136469
358036826
462079442
53103963
534082192
600027665
84017138
972843585
697948660
783143533
818293456
882956421
776666728
598474849
132365023
732438792
614425991
482131804
318037231
219158409
523622397
376466550
436204026
60506488
88071233
401290165
455087859
500395375
375384920
984102602
834440851
939341932
614901441
91703149
267140019
542887884
310686563
945699660
481369141
163765883
304129212
780015264
950819180
987003801
98057921
967881140
784433423
165737371
966407149
700667405
246766800
223711030
241589029
863826787
956455857
189107262
680680051
282892955
88353075
942456550
482622053
450908926
286290809
32251369
236481151
809749712
565344935
877175054
935630534
714923696
170479962
310059050
686639809
629897602
240036319
277292125
930048918
242840220
609636372
20819637
378186809
699688196
746800178
419261377
801916314
376322232
38320501
226062680
978130661
586200577
523235436
733212107
137162428
974440286
593690719
141743339
462028558
660870022
663911368
643143031
471775353
15806213
139957926
33023733
69913278
529724230
396005926
173881023
866993019
336154696
704983763
885666528
967708207
937686173
334731625
46535339
817280853
784218248
803213448
477152694
894815789
704381032
471383870
393713299
68168123
753244197
913600400
525472318
61176741
600812016
505584875
769957159
357315355
659902423
677356130
472983612
579865054
350722785
993040697
382840358
24389846
441269881
677179781
24239491
681282380
449018181
717644455
431851133
12686473
176579026
819475713
844674812
694058222
672927984
203124352
517719535
990228601
845736512
598610138
126366773
454733401
518081617
911729148
43571245
769358731
206434092
848562321
639422661
417137569
648544020
890616495
201978635
666652053
536402994
47888153
111603630
560319270
432093365
99500580
471914839
116594184
53633949
96757926
245659449
631868543
204633565
81460991
523929975
21721173
207955421
196335607
112249874
41741641
759592427
676719660
861177059
193768729
735414908
740871659
427892602
549114876
170291092
62577121
581314370
463502729
821553654
111266694
149240939
907206718
850482339
959860800
117137364
359901535
306341149
311724735
415764505
416184225
947424510
655181579
35462788
849330509
701039036
188463617
174417528
624158564
546124436
536511495
102732444
917600466
557118818
493327589
373164901
372352419
683130863
875127827
349274084
107467772
178340538
987676784
436975981
285141808
244685403
844896239
821519309
239932659
704533771
718220788
226509327
640099446
704318131
202708782
679583818
229949626
296602001
481112787
150466414
488635049
704351111
323181673
845339028
302717650
658731500
127080941
929787809
290356966
788395195
372371953
487656459
185775309
543830861
354269952
774016237
812150050
463306810
127760691
525016353
711274424
862970895
321741528
631124611
575747465
736531024
291282849
511320760
958171522
880054728
291273394
669655492
133007271
287309394
608036085
596472240
10904365
814447325
604571406
438692023
593969912
568820540
783043802
379865528
818747206
923307702
593139313
22930297
482644980
557340212
57243288
398509956
820288030
128221691
45005800
180189093
162032842
401000660
855961837
111113634
213893597
392199822
615149795
932724275
738612212
844981645
963104067
542884727
680653585
340011866
293125053
922008830
484293690
468924181
207025339
41945893
11798482
750584595
854882875
43288057
835047904
62577121
243352223
607031024
49514562
314130483
83525669
947311912
987996715
611372236
9281086
736126602
400615726
446346931
38781495
790621601
467542090
935391614
190328875
898092461
746871409
510793603
560795215
289458266
542460535
601582626
784248684
374883842
23685831
962436761
765862765
654417992
125660538
298513471
631109174
216801132
62577121
656483427
751957028
295347712
777332419
984103035
946096586
790267954
564048709
323517427
336760832
69170332
696641458
791184784
206179587
60571388
85512612
374166590
535460195
355626707
349605340
358803894
990404870
193306013
650459822
993337313
896206064
190234927
313192849
730588012
284025192
358593815
498875581
636370929
86341284
518016383
293165549
708380303
932716037
858663037
627866945
123143167
843181757
629079279
66781855
191008792
374237893
638957524
654229702
832308005
459168855
971261343
698966199
767639089
482880897
435787284
369903093
821155623
192570500
564858131
371926466
287884792
116840184
762537327
150757229
906487155
16460130
433896295
846883335
786187200
201090981
223861014
277877972
119669735
299036014
637878020
555867861
962809049
253956173
725276116
331826271
463951202
803299833
79400326
26236077
786663935
937264362
49887201
665555492
5135299
527309498
45770140
529580233
308468192
833568558
343447552
528556550
875348698
104928581
446029848
93663769
530386584
967929006
138744092
166550328
236832010
761799324
316877646
135750692
649612440
343361434
50887922
178419985
185633373
690818383
317320752
952985852
806828668
655499354
810944568
710792866
18194203
747023518
146833255
969643989
704784185
279878226
191203278
479712765
202908509
881958376
778545665
728355308
960636963
603187446
400547004
575517099
224644295
39974203
183356198
257428129
608405303
642673657
250787670
865464546
643921228
522338640
147279735
66077246
208015669
95011103
616867978
526574247
428329443
751454900
415189835
157271911
477021462
896610204
995938868
319828556
755950760
904331339
204205680
250013254
701017259
110888416
319859113
490405550
168023149
829942553
933644039
670511568
467834109
324477054
82298210
959415726
11954137
856883302
8153189
169463398
683072988
681762741
876084060
729970811
142136193
186381539
641555657
916144240
949491492
988266566
999452962
217810453
490628023
15971376
849636189
926257103
292621412
730160926
369004410
399103342
653869291
738354340
115059804
703999769
282563539
938660960
513593549
128762896
31293153
935937220
263784692
616027684
829795518
686323329
62577121
551505443
652625381
65374949
321454368
11001593
84899481
18724416
745863285
599502875
956160082
83236866
57447223
933007294
476232604
636380457
410818589
109413634
588783666
983249795
757784868
45809917
710847890
202121437
198368772
539729406
556321624
928434631
270800916
488935052
846016211
50223853
485000874
604396883
277945556
740991425
790434117
613918801
263266141
257415608
765283396
522993004
701306555
649513326
645832796
736168091
906950378
257645512
494609604
7958424
89707655
823999575
898182050
793881643
361139249
735346319
282777574
699997414
665538797
219419413
204251591
551932446
891161359
785926380
867334544
50559734
58453032
922554948
912466392
739399702
86075403
297447855
433429428
194972914
50317948
973088144
792581031
248253222
55020996
691891098
898229245
760804000
161605888
229107695
112961537
950644593
50175613
249038204
51056987
418620432
787294211
984335338
457878270
354785013
262380097
996145090
980837752
753993821
749456971
224491092
31297411
23048235
982088965
943265880
992266590
559279304
466489913
43542171
921423476
59410886
806832130
231645120
64879008
699516622
716445915
225500459
856505277
162506105
63978901
625284380
107994512
213521957
513955589
417276607
908508356
959251578
598452678
36016221
194566094
253561110
500906740
161748717
616153938
188425669
838750400
973936312
177064925
520703745
267431432
113183341
295064529
48576509
518060022
590865102
992976698
116227149
891588106
400229582
984870677
179206607
829135831
693931055
693979480
308138125
557033217
100836568
698572226
828440675
597799076
887677923
560271801
68374880
764813747
944176246
402840362
318222139
17116911
36831831
762764151
199984146
585138168
858077571
177055174
5787042
233126677
265219357
739260846
621329348
238864408
638847033
114223465
897514847
798301044
406123028
961637631
146848639
152181828
144496624
489916996
854153394
120784663
150195996
786087674
807043297
47936024
361861211
304590913
518944955
534203811
963735798
615811529
877953294
541251056
767115298
430109820
579509376
888730205
465117385
844508103
898672347
683735481
396372811
237680040
416553412
819986475
533559386
924851003
167425888
253287365
730172649
733050921
138240131
535676787
792873708
249342935
359159118
424654498
748379299
1757519
561016965
361758164
561879671
964250440
44315877
163628708
701895777
351787156
780567574
912311554
614283235
766388541
735245035
466760563
627550730
60301015
518740811
330838425
726049657
362708725
16685696
21050460
78413067
906037419
779550636
417553789
754730086
557781067
455915779
212470613
64669735
49341361
986067966
3707958
906115645
915829955
271647128
403718568
50777572
930422199
625424076
337649894
764809392
79731332
530522121
808200539
437678605
6380494
344437995
97976746
980633435
758847307
824261669
716524629
900846799
982938325
339116585
977909288
702325694
852342658
151632682
633136521
714149521
604182043
98569648
432838531
842028530
940154277
212938332
995269657
315717975
816793988
918339431
174773204
567363875
267003667
386911625
608014557
131904596
667607168
435609177
278256935
283337185
93586884
626848790
467439196
381222569
525730719
293911470
402043828
358667107
138298133
131504333
612968571
386165539
3736556
371483561
37829648
419886028
405795820
145657653
186079214
613021321
997326443
420518609
233059673
144943978
685582415
483227211
576280535
520482855
541591197
256038883
584341003
807542805
143245136
312900550
434388551
145725619
919346723
664801600
3818221
757011724
208817777
895762490
328746297
23996736
331181821
483444783
338047809
813888351
16459940
568414875
88350712
978154359
84758105
214621795
735771901
57799292
272908368
348823453
721121689
287049925
29079309
377022153
903463614
855436524
418474105
560690736
567781828
254592201
805534257
650158937
56821783
543223379
412126581
109843233
761859308
863742714
856960709
523856029
858813605
752227533
657763641
16904303
107735475
569103354
513306105
538073919
815014438
127312833
948585842
580517788
1209919
281714849
345160138
499600769
653443790
733272653
701557599
641766855
424302629
190917604
638699663
649565865
756008531
268958326
919760018
414983676
950999706
595161665
33648084
617525638
778855274
520120092
652549461
871805404
948976301
719136714
27140186
426963826
720839913
356981095
795902450
577165456
144430181
465219007
768275315
703076393
992628545
697763062
115728001
37190574
855405064
63577267
705110533
551659416
223405751
557906830
359652057
372283497
585889078
16685696
554251303
650756347
461658805
209827381
944310916
215602102
348971871
348817658
372467795
806535862
376475368
598906204
429347656
961497946
750041049
9795800
587701631
479357754
333341325
124794798
13873713
328798888
1970088
7983582
259886044
96361438
533028008
265297641
142902559
913219284
167394114
837940915
115194970
459252115
419834090
938600559
377681895
859792645
962809150
741973356
302791047
756772415
337453176
710693943
124193037
687686868
795247787
220248949
700008521
79413982
688450919
991495405
896543378
271582182
551750097
154769318
714355011
358283887
17740716
301863436
761013471
194892036
616194493
761538127
462835166
556928785
80064938
349632427
917113222
357471005
865648158
366851369
224133102
363351260
741235092
319476206
138655795
746713251
193649570
256492065
644334036
503404839
647277775
938053942
954974058
964045422
262303491
6403516
496998621
764196037
555897875
547144287
426344887
65561045
472071944
448925378
999229598
461930579
582927762
107828071
33509399
721549359
219542292
235499308
468986732
517332519
507938796
80901902
73773566
302870100
926014226
144638242
144263186
127689140
126894169
124626154
919269983
36571070
660847428
483553572
56095726
265933660
901856924
863133456
257019088
400158519
155876180
400303256
566954756
485346034
251841093
670009366
16685696
870546684
857271403
793186261
986896700
881857052
8101129
531370392
231364154
589520445
967805737
214381430
272906519
104248529
332791793
938320893
93673142
341219070
397054069
523113402
948230774
160391230
401031752
816694062
307189613
918183843
898184434
602253294
109359776
977437245
567201934
244114202
66230608
206323119
189706854
565044615
972949130
913577963
481432948
927529085
452379138
451177453
972706834
941904940
549606165
246031296
78755089
222868730
489966220
708644369
402716594
94875958
112925603
995790383
276686974
777858580
925522116
371735674
895044116
207880437
766415996
661122561
978652272
607871340
629247874
947404929
984250793
634886553
92690630
388557649
776877265
910375913
400740631
396978094
526833623
866462946
869335477
111491864
524025943
559087602
276657357
489369116
813870410
676189782
49778058
894789044
724950006
917787089
91091600
479679594
779907237
27468756
170981170
502758313
428059393
279318321
366060857
87951718
895123814
521704998
680990729
557112518
551412522
181665947
677224091
565664538
62015006
801634446
64868549
580589018
804849340
800929591
39061124
35944981
416502880
986137222
381300409
587480430
826219492
286020085
561459355
935702121
421874415
589494595
788412604
57194932
326106588
506833825
868813550
509415037
480982710
978083900
542903807
334861212
714127720
482680373
635810530
700000475
594309611
579160788
401834951
923935463
448281981
462393347
886866189
262452451
150416172
224111567
42907483
81684668
24155175
769372543
713336090
711787253
214237302
128186045
817948561
568392574
125880093
115133850
579154601
40516092
486016052
680844903
768921489
497456086
796146310
458874307
54596238
33018011
831514382
544119635
755149030
363972464
228436317
389691860
563798228
846849485
17013554
45949199
994135482
118068351
253242289
902347218
31874327
327368454
335050080
54875831
429292900
20063935
406307728
719893041
466346233
590408362
955234963
472036506
13937277
2630057
733886897
69720991
736953054
290451687
717984139
712022222
382475524
792652764
386063369
845988614
24985618
881114901
51527321
84100753
790236860
16685696
618340088
314809061
470273034
123190488
959422854
793901455
204743692
299574243
52941425
506336652
714821560
10764578
308699810
992995479
256656318
767889403
487454083
49746434
646885276
249715595
311095552
993185792
985761864
321609385
954460396
286128496
955760848
142653363
975575353
312543530
16685696
801207215
673822241
855278104
569493618
328014293
3225666
942482489
92451049
275782502
570490532
802152303
281832654
902825391
972293094
66077476
414831545
579402802
807891229
908196686
598084480
677113662
977596139
503822017
308934725
146867810
378403181
783768458
742407682
676124128
70492029
382269374
394091354
20531394
173366847
361325656
17964825
995593212
230015489
79306774
209050994
382679639
218482970
328162041
964978694
741918074
378392188
390431207
529615602
724162951
385495120
805133585
875679571
688928967
882417088
688562091
575283184
302114331
111664723
195539497
881950896
611132217
537321570
761590750
214375711
752273797
248186776
697692139
426325397
433433883
48882390
101216118
537553305
469228729
933509476
699378037
357117420
293901519
779213102
459083428
437879362
157692750
926662881
844992558
491993934
684458308
408649616
475250037
634669520
782878363
127673723
682667892
333826232
152076260
98745775
338020606
649028905
249961436
449406386
95253260
569806510
400254344
621012813
820932342
843668502
825032876
776507026
618853055
393582420
277418855
697142554
989147119
298980845
975729153
721382424
416465242
871489452
218328762
174818731
425334401
177898264
652910266
759516876
425022607
64292666
85363680
215785789
608411670
71346152
208310744
657322428
947527303
59557133
146266248
632352576
247174884
195867760
404128836
14915363
775938851
323875429
325243356
145811276
438320002
927509679
627624635
139165070
749686700
91647456
468864378
761289325
506706737
604312626
335484949
415706842
787168215
597228518
762087531
659802783
657402785
22463501
617187746
977543245
679180619
729625434
764885379
883192132
324063376
599069833
72096063
370926007
671891574
872744479
998334158
193086072
1757817
210918513
473349577
389629936
459057941
757563704
434701550
167471025
242282490
829865352
918512101
998654806
156120509
580233443
146954586
747417120
874725760
333639976
422497097
278659898
435934252
569573731
15317042
560522671
693270555
380792205
518003488
270592427
21287879
530902814
983549186
811150063
89393381
244980655
949187957
816873546
465535724
521826173
871716461
624761494
697804859
906733491
611122730
607913828
673081949
694915615
104044603
309734311
691137692
432820979
319398713
44956176
82640310
786946309
762026740
307963270
964938915
377033070
78056004
353948219
296119540
27422487
691572070
738272922
747839778
524081404
743123235
901953617
840072998
975585859
42460373
343711528
33753790
41425052
880211111
744399462
396410093
291009642
253282958
955632790
631099772
890144112
596970207
957018086
291886185
370989867
350739581
181901202
191748400
681794353
853334006
823542246
8872102
123883177
822624896
536790558
439766219
831159369
401094854
463814226
783230276
78287976
434160470
153365427
84236842
167721778
443352404
608956677
63868610
252935185
587589154
22001239
668072497
59433214
848704059
551010546
938710525
283162357
653815242
477791041
992008582
414850549
376486224
75883870
930635762
359294916
614353879
795893544
631008320
625179008
869621640
20992807
712180849
513186963
485396562
675991825
999342507
457220185
487013787
539024123
307306026
554239352
666393952
972397091
81533060
193035994
958833187
170677773
970191020
129995761
13014993
667068978
19170754
535183323
837990677
439704584
567114359
14946760
489393905
550429531
150490873
327542304
907972269
915086811
967002325
402035994
919973438
556893571
816956599
309599866
708849704
634970219
676436437
11000870
426796230
657975876
519551225
322508301
128605257
649580192
487972328
151811563
749253835
49782466
558984477
922968726
390394224
319314162
453370047
660321957
459903402
972880984
180589527
248551916
29488182
294806757
770648450
273179299
9041089
790406874
999974316
982679102
816355341
648604846
978011053
977646807
843975558
394754058
63146580
705480112
279343045
964211627
810861625
532373316
488282970
410931501
669940104
425396897
877586096
147295255
6154177
696694930
877036340
979477950
689868578
802519388
975465678
139299813
850243231
216166508
282396694
993563709
633536774
551579537
667231160
457964593
659452393
28942478
844369397
608156138
723000164
712185281
10676556
408442018
286897905
511015019
661423931
97998201
497664675
420851372
835266995
388814642
393012185
879970336
902700575
200359451
54255561
229166706
833108960
773275249
764225070
197888966
675042876
725484318
74555823
762465865
682261048
941483049
567160213
430228971
904381923
711420040
9112839
740360172
78443875
414893654
459737681
644065572
607672871
213504374
761741028
33256158
16443229
733866401
926125195
733856219
114303508
191976707
448071583
466200211
23507693
421417048
517131887
424563246
929922582
192047766
866134641
890182007
635194559
509129594
982561829
468287356
717842856
573012553
248539119
346541540
822237385
926155013
93790715
451644219
862848010
215725523
271551931
599203084
469243121
546169530
193083173
337087593
774800251
622432661
731714591
611243459
35054053
438112391
134791985
723789423
653186392
673804898
601853237
254555087
436749295
418120290
392489860
758412671
795123497
988706745
614427760
498419707
717010471
334194048
355736484
646567636
939544922
527076703
487793456
747886610
672922586
423578353
244887657
285450984
100280115
606056876
304943143
196726078
930266203
393377963
809651762
795200362
169900251
950564895
675471949
465000039
688096493
219430811
709707885
658684187
667131962
625306803
505449077
616086856
997006994
975633594
753875093
982152352
926166992
397001483
744964804
348033626
834370755
893372865
739563875
441211377
282383572
797179552
335640573
859881940
965992892
6228974
145713423
580919873
183544327
666128408
701984758
71657081
877648742
894009581
645255072
394821565
815576268
747602947
749805922
787087934
993939602
469684730
156845688
123466209
249790447
292919979
14690849
493331342
43746848
919908969
896725389
470630660
71380638
313265538
896166563
964600171
745138998
108198755
295539221
894877214
96966532
703828656
125632609
772026690
727657953
246203362
397447626
604090511
538994440
85191814
884185833
684549493
711529653
737364258
36360593
108198755
217218745
304987127
525206499
657217650
986757814
404294822
591345583
537232452
58926553
854362646
131555123
478978535
612156199
518336144
257730745
878191881
272310150
979504515
797295211
422639368
365087823
346254063
916220645
843612434
550388682
26246228
564790299
744162422
135795118
915899328
782391661
408846081
796965847
838121186
670938266
646260827
642419348
698312604
235096515
138169505
175737232
93928623
256395012
804670420
285095265
476147256
202770741
71541213
37468250
794706448
997522851
619518923
853371035
973163307
499388194
412775974
353216420
118455705
280315482
24002252
436497597
474747049
346509630
135370882
369880301
649501729
711086894
960804381
934397265
577961451
587521826
767303090
563800000
731081390
594616249
853804025
627165866
831095644
229958715
220219465
68768953
652328480
5477617
468668181
656545847
58232678
768518376
178763604
147185588
572650940
549955167
581893184
765473961
238358801
223434525
722259347
163674197
274781784
109372905
374243526
959246079
31798838
853202688
768151306
409925305
589187468
755827739
908177303
989171253
238346843
633418729
75352539
334973586
481266129
610461115
151864890
167881018
730161989
152064046
244268604
687588105
751391442
977460701
109709815
125422855
897597032
615608942
881662698
220867404
25949143
141461142
342538538
272669821
143182513
852211587
985943423
900250055
845636465
716595498
831758138
976372252
457929073
201973780
381692605
821991151
307908878
380767805
820896632
128786497
544354407
174427065
415255700
702683531
484154477
121543282
147607773
335844583
177420414
687124299
730745065
485966796
356465130
230424368
965758048
171040422
51171204
729558676
236012623
784938173
809870660
72091225
916980893
795576841
204444190
237772300
885997901
20609519
952654461
869936554
54930943
464683807
458362696
281149382
614476014
897407468
244005900
152375792
193210551
741170657
5841835
128896384
603915055
193890690
154063777
408649801
490385935
144725742
130486660
557025357
740069191
958666637
570283087
522865283
848648893
359013779
863382646
335615108
263223892
7744188
178264545
584305193
644210152
480589551
878352010
81006338
301200735
781523866
963984680
625433176
673265927
959218506
645560123
218139328
796948815
343211222
177838813
469566353
572630521
703210073
880191058
906344010
557280164
334357897
118267339
138012914
221273563
605413138
915768648
428207670
797110793
973122841
457149188
702078855
209117353
172581135
943670816
813753230
54641734
621660637
697786144
768800626
552373525
500735690
237346873
617395218
163352819
82990671
356021635
392961920
971703485
726648356
33418752
149043556
411539834
289149962
874436341
168409501
371828745
785313567
645751449
631103068
977452296
60666291
485647379
379777254
539773796
390290256
48057708
195231162
547813288
761041510
351676283
967732527
595417329
299751983
894597320
448882348
554772754
979824962
502919667
534965531
822865580
339703444
93995970
120767126
241978024
686893444
117136627
449572693
288324742
820606892
564682158
741061441
388403415
10833613
498954412
312049316
562873605
358759659
858691491
864252847
198509564
13406544
564926549
842432541
941961520
910852684
716863935
17902108
122026768
473770562
723217957
2867198
277018705
78599876
554608392
635806300
229058474
863316940
966432644
811204344
398007980
398072871
493979964
288694638
321818750
849822771
476375867
654970079
769365043
30827293
755266920
808696002
22831421
801784900
998845190
292402880
202429283
877955598
421961280
596660086
983174894
258831105
209880852
580639615
506327160
243790400
208899138
184240819
782434850
108198755
465641811
350301929
226232177
780896200
103215019
564887486
396165307
245112889
35460630
686119293
923546174
464513983
786943241
884718449
483984688
734328452
988704681
485658505
68171890
960364815
540815331
471365980
645497297
592333712
554506377
451635857
847817281
627045021
532458210
828736421
612407166
783537492
43009106
322126191
791879269
783525108
857438943
639166128
397643731
487743336
957388043
812018688
774039491
68334002
78225597
302742458
360816090
193598274
634486709
937246912
121075634
813469308
150990407
512148886
381567868
381100081
636554510
453431288
665562818
511015351
139880769
331160104
780773550
329557062
128174851
675898251
137960336
137346004
173758301
705047959
697838800
628588394
315576054
894696346
619762925
18422936
478337578
986731616
289412838
607241890
603010326
398612610
165728114
446950638
174426686
640491601
302296344
957114980
133705368
255160097
317616533
421765132
604189796
201692241
943169535
406027679
516456421
2972308
448159169
422755181
455744229
734102677
396406537
43575090
122871005
709491281
424398397
110064784
80352078
283005253
120329032
731766168
475975477
577213772
342881020
600233546
77801378
570317185
146138826
98432218
229229751
622775109
661306498
527211081
281751142
758503776
731695117
22015439
670826310
603433162
689129706
294682739
745091790
525585063
344378780
706766539
599802938
24002252
332542744
159495858
516716442
355206402
670253940
693264055
285782473
96357109
610391229
395734555
250486859
926138260
219532693
727311659
399954521
617408328
756117749
640483313
948178271
491616243
193990107
761225303
107174681
338469087
327864854
487385168
905559472
916220645
750598817
892641986
755447471
801874896
484204305
94673543
406600579
918716456
625339446
424097106
365389832
927843700
51151201
413802793
912556455
481876408
186267778
916226478
126277611
383908764
314419404
22766376
628852080
595214718
970178161
820230533
734856767
411388862
808512037
967285081
971989525
287062455
678557033
783624572
791785370
534059695
91336667
277058494
737548108
127444029
300274031
660096512
411143563
896184740
266539748
619601035
938773364
925840614
276416175
584199467
587931465
540491318
572347375
752225936
374683035
102194511
204107879
11630689
764901358
534013073
292446707
697762701
768705064
717951019
159206543
283549434
91556171
952184667
873398419
458072384
514571462
410478570
182450420
352425759
539993650
358768885
955323389
62839463
171865852
67384129
219015791
592991767
888254492
778193210
40555271
265578972
677569474
327847157
146833719
569936680
975908217
183574758
816841548
135779718
536659739
949759317
158946017
2133623
282868315
261231107
443453758
135583146
441066494
925516283
195604831
342362189
433616872
291745721
245373446
715238457
778267407
545637169
128331394
842304044
274754790
535561862
876561564
753460472
758086615
257716778
38903371
560042827
902178971
224025229
620025069
753152238
25346122
20942868
967289123
734164950
634478342
830899136
988833131
408734691
123466209
829697425
208209867
929896908
70622803
318785547
257961940
295846032
513942186
905314877
622649147
256354870
691283221
655306723
786717406
140530057
377674700
986243178
353526607
10993135
288132811
533479700
237016159
855425754
486057206
859507630
895803622
299692657
625431877
370617182
205519898
596683518
774772817
561431314
154360523
619486540
567447065
645234062
258045605
97907736
266207982
546746141
13239390
6693428
857444875
483884398
166005411
451575109
222095462
180519827
697389910
498214767
754663364
491541208
101677050
10429758
390935527
27869188
258351760
526107753
208912908
184941511
633438324
921247597
152199370
469663011
442626035
17363838
693280662
878561339
612356523
115176061
799967983
299355665
250204759
935311794
571958373
842415827
653560918
32757468
465084826
656791522
757660583
983167437
291505262
908054531
972609528
205704349
912326163
481196364
852947031
663906302
647243192
823783540
89224484
21264076
424265947
951665058
985701833
202420643
617705715
48022080
558858676
509206220
750672783
544268147
436713036
990140339
878899980
872888967
800802260
211103526
78493405
724393274
1943920
804939985
459841991
915916340
543709112
921700765
889284281
354047886
393357124
597562358
17594816
535344266
486538763
988199318
249658606
121131815
278866659
618520810
659537686
929660946
525327750
896898900
138274174
108198755
394405387
424416441
956088871
367075846
643554766
259432985
251609798
833132999
771581778
515987171
511709176
607296336
111554481
373182161
747332388
65984334
258068287
691382066
457578554
970591486
279835205
186671494
611960524
883616638
98857309
643554052
989337158
224335901
31716348
965384565
883761703
528942525
657359365
380221490
592508359
538047070
476113870
423365946
991256308
184697328
940630330
674727162
735822576
259249679
376775018
326350615
437659542
401289314
508137342
61870178
697001032
841738583
609470002
1747360
122310055
40543439
578991886
470887722
572978314
180938304
267628086
33146400
809069101
64139484
924056577
949257267
936988429
235334269
255436259
84913760
489088198
471186768
509889818
580770683
451867161
499253257
497415633
328057888
617956275
174885772
620577129
270426833
502133178
6229118
139145944
510146852
662203951
151438884
527709033
752025740
362272001
123806317
67545483
765242818
906384958
741612842
948262331
689624987
714399893
173200370
115308247
554415856
923511508
360369428
545673841
804717458
763594705
339560341
825035427
339467163
297457417
126373418
807244479
425913303
584432041
377150429
694320373
74539970
839155319
548782624
168946494
846187422
988558825
439115283
105874502
622046724
54856447
16359667
175579676
301353881
494587178
967326793
740151115
170149687
135043734
465585531
398093886
153849811
291785972
396849336
417002077
469909430
568093528
253157687
63516609
914521799
966459127
654824560
226704554
705819265
846889542
957623377
202408146
217925817
684279445
988647257
725441296
239734309
717039604
222800602
574439696
225551183
576778818
671383994
32804742
735588174
82419476
724048067
981566009
308242047
590445903
448401940
905882822
632659329
185141264
583871249
104285810
563005728
456458188
887345539
380484395
452950893
989997594
226014029
989735401
141020893
365175343
179183027
127604371
505985882
185518016
374157590
192015428
991705299
410455558
99939194
827341358
648370928
387623891
325017504
152338875
220248346
832693357
681934932
679080874
108532067
914572193
848459925
277811669
608816361
549926408
56613229
81847519
593427443
637058882
113524383
357238990
742021234
220359147
539062789
39546625
586897198
917669168
443137162
714493391
424948817
104214965
52137605
379224774
176920187
704075803
999914991
151649672
604650700
832069802
827840772
13539683
157899141
622588605
178648129
445793561
490080494
167524324
459723016
67900335
940840307
711342925
830952311
466612546
805761174
435600817
659569342
108869560
910555063
136923737
980867491
293094485
139944547
686647131
68433262
475734350
739340357
76002214
64317671
639625204
485063873
845091699
481163391
745929187
229520187
616178605
244079283
448840235
935667186
159258308
660582019
894776150
292994447
295999265
268772145
927217103
886028632
806619847
262048691
633483513
305339506
511236172
544157231
601958267
785442096
11236893
523568308
737653006
912827420
517579599
185645366
21360386
338533175
713347814
984928575
163404255
472434823
554289708
42346145
857197429
32041860
561165198
63278493
283527582
490693883
341866197
573172725
289522595
698153575
415382754
359805867
846672298
661072847
86860491
966371846
858741081
212331331
502829907
775643112
136510513
150777220
931210256
137119909
746646753
752934304
776851877
903894272
77809586
117611785
395134474
642660424
112625991
458210676
708376538
874993813
224670248
119698580
443751658
100313285
840415134
949344984
505772907
330799222
174027879
716404121
370566089
630352911
461650737
147792130
44279035
878574254
723816054
782798368
732513012
729305606
918824537
898422572
361606455
220157533
264032660
984538705
856163665
217289837
395302047
771613797
565721670
399834492
190112411
993775981
526180911
798213499
565574358
589032232
119459
551223893
334597376
254814349
287598228
784677065
949436807
95342577
161637733
44327557
494400118
427779605
256106789
213676700
764463170
5389443
16641721
943970457
840467998
611673982
413405458
140393428
706558550
990075945
406973551
362424172
975687259
415005637
110561493
467544367
797939517
670342805
91397603
203281165
301136473
115151646
683307304
582706997
929621599
217942842
248066336
740983629
526801934
79278172
482468124
356466631
941092367
146175110
493925536
735987831
995581356
703437485
268935590
807764482
815955214
249416732
44424906
485348267
232906378
914038889
696768683
287550896
149457054
872368850
533954420
708055463
399893398
173253341
184174758
4895769
436940692
642685302
671175724
77934195
623461407
705418001
245261476
931427363
45106640
893534231
330681722
432070431
907337454
413178786
138132207
528773482
353970629
717010773
510610360
935915155
77518365
280655492
275038679
381708623
993044627
864333945
723616379
346873314
567590159
546764789
711491374
767306047
532578934
54155833
893160160
537814908
984840411
13056195
130431047
367442511
154276234
404197401
989890755
252812433
991257297
504060004
825684104
886721824
547406268
293387156
340295512
749726505
498805813
264268231
979272609
905510580
314913082
528236833
439778105
167728220
934189541
601597544
549855631
762916883
668473295
793461970
429355854
308765417
502032006
29747067
782226690
221720086
982682910
444078869
562666102
439056632
239057615
639348558
352050959
71321635
468413331
948759016
99395006
314752737
248819024
40777496
947594303
136460321
347963735
946630725
415920032
752458306
639566337
725705529
639850401
244093273
782103666
84765452
122187910
342596784
105248717
723692962
159230270
128799617
846277371
756745219
830037535
888700897
310783326
264731252
768006349
273212145
268633283
377093513
174811810
110869221
799963614
686042982
896616877
947557058
59769799
475082407
791997565
733344294
288009600
31192963
486304944
876923119
833308784
676294142
257048853
443536873
689438486
319429878
75377577
92150131
39727863
152619483
125797505
379664463
505655271
720198800
778181820
298759153
433096410
122562337
596123024
368015700
951492584
405872612
831454295
710238752
915948903
173889270
671420117
483284515
123733076
460098432
382961802
357440290
751543
880091345
632216891
455077129
10988285
195189344
255265357
162333985
820477964
78165745
145987799
122268441
678927960
451595395
620498523
178293995
568523584
994189428
559944971
529439803
451750719
786732626
579178958
777354489
818132098
200286378
54875190
59208879
216328949
791680148
838004773
951347081
294513785
601829494
651908002
859840433
297678994
648525434
53203587
407079772
703231827
81507224
556755594
872677110
717889216
139893899
156095724
877473932
829596839
799469530
457363384
321695122
898066134
507047312
816207360
905258892
668176629
773841885
464398980
571726851
212612608
975925163
103484689
981780348
793209186
902272498
809417327
40550948
562958250
743753292
255855392
941680786
286492931
372793693
347255685
136119669
679163699
32940491
916634652
546650833
775458152
595827678
460602025
687204280
144035743
179199890
603778689
48188452
316599101
84858513
11097910
461242804
859110355
867386670
683174873
7313882
753277321
353874527
42216240
944712275
901532320
584965690
863504432
122593087
387775129
56856666
387748468
801869903
932460294
842777210
825727459
321344235
771207297
44786656
95614599
102292799
894073633
337792449
350569187
11440228
85621374
132683233
555293388
992109972
464642833
236180634
7223590
725765016
281935039
122493497
527190109
314994582
988873984
94559441
140002561
347439022
680151495
635906401
281207387
504399941
440453934
19872560
822484247
61595091
19364564
42224039
254098052
294377298
209183731
404353324
990955136
332214784
373268379
423145896
265976962
795966724
767240433
899693339
770016755
395678568
770232921
894980894
708030651
679545073
214663815
119046805
937876251
183253316
794493517
156579903
151801072
181542527
490344659
213806665
705612609
910361841
967909460
770788657
805945271
197113209
694115344
804274771
576259114
668745245
372097229
312348062
913030164
584816238
478195209
970618177
517698393
836682617
252643679
889080784
880143884
790772554
988030321
233914851
583723358
747083772
266964805
682258653
446332997
814268479
105722907
244840474
518511594
657477462
290449422
575426029
39782348
313386404
574575690
852329552
562363223
609304500
248221657
758713662
623649540
956197530
733467484
758294496
772503206
323053922
897371062
190644413
865798827
202982613
185425417
182068357
124068862
398715132
105582818
427639436
82643153
200922458
542923951
268677222
964655872
368030033
340688285
70585992
196579371
397222739
278477741
930359627
77380212
640677631
564379032
