66
2629 941006969
3303 231920255
2502 623069706
3131 332780049
2664 52612294
2658 77620228
3365 231375305
3002 22470896
2657 682926363
3233 754258750
3323 793744987
3174 949235735
3256 69809040
2785 808960614
3477 17145163
3345 490886767
2770 324907653
3233 827932007
2622 747228636
2536 426373612
3012 92388051
3193 659747522
3116 235267788
2529 182616266
3350 599131029
2768 37692249
2888 436472302
2686 9965613
2747 320677119
3483 189565131
2724 324290106
2881 89641111
3198 61936315
2522 566336722
3247 589911567
3174 968467269
2883 948312771
3464 994296275
3393 39429138
3137 86846578
3049 695458309
2633 531003214
2891 615754769
3074 931752346
2675 32599056
3306 471738358
3172 823726001
3255 237084393
3330 545371631
2709 339959984
2665 60999078
2705 756209811
3185 532787913
3157 547492463
3492 27355069
2782 648194330
2662 477733123
3324 287597023
2633 368903647
3430 924652498
2802 886608919
2992 630830081
3269 785385377
3483 6302506
3190 688087274
2986 256630682
