67
2874 6480000
2503 993490000
3073 658970000
3471 267710000
2740 99310000
2974 386080000
3450 888330000
2830 227630000
3438 507270000
3410 41850000
2716 672180000
3362 873260000
3330 60880000
3309 884140000
3172 133940000
2668 889470000
2513 986070000
2864 228160000
2965 182200000
3127 205810000
3307 65450000
3384 897490000
2853 248300000
3340 225650000
2814 765990000
3110 276860000
2684 493710000
3403 868380000
3084 375000000
3398 794740000
3114 221230000
3187 991830000
2559 115380000
2831 189220000
3387 832700000
3282 346850000
2620 873250000
3430 223870000
3133 549090000
2697 128940000
3003 552220000
2870 971910000
3096 923690000
2703 504060000
3326 919770000
3245 538440000
3498 935940000
2611 264300000
2584 494630000
2811 712270000
2524 334410000
2583 620800000
2900 940690000
2540 409140000
2655 346620000
2614 203170000
3318 267630000
2666 85150000
3408 194190000
2804 275110000
2995 430630000
2977 465710000
2754 799100000
3378 297670000
3042 737350000
3028 889560000
0 695070000
