68
2955 357944202
2562 478262169
2857 388321164
3190 114858513
2674 799910001
2904 416378358
2932 230976900
2962 854814510
2591 329767020
2705 464863509
3316 619028091
3192 701099883
2936 336316365
2741 840025989
3014 438576138
2559 703409652
2978 849595032
3159 745905402
2652 692540739
3321 654024591
3200 833956596
3419 164563542
2924 448085187
2832 328827114
3464 708439149
3000 813518640
3208 131316867
2986 904259565
2587 879372054
2735 496640331
2997 54514548
3148 211458852
2719 598620132
3435 937086282
3361 346855311
3022 877782213
2517 144035595
3162 428597136
2602 564693525
2629 853334658
3253 94860513
3225 612248769
3323 467723223
3212 303489648
2930 725487444
2966 631376856
3031 228597138
2773 872272764
2546 247295268
2537 552414753
2734 139046094
3363 930376953
2790 807269265
2680 979452045
3051 706069386
3028 224207577
3164 913548636
2835 192940704
2576 9799020
3126 92980701
2544 909049086
2715 202499748
2854 436576338
3047 753464646
2682 96230376
2559 576832311
2500 497330262
2971 719118081
