1337
1 188
1 237
21 276
0 75
10 132
25 109
56 79
1 284
173 114
0 236
346 293
4 276
1 128
1 54
266 226
168 188
0 70
11 64
132 299
97 11
200 112
67 48
389 246
43 42
8 87
305 298
8 172
31 231
1 174
212 37
0 57
9 144
380 100
44 42
39 95
1 214
5 175
8 95
15 277
222 100
129 69
11 99
9 86
38 279
4 214
5 121
85 199
20 174
57 156
51 227
0 41
4 36
2 168
0 134
332 252
189 271
44 66
2 140
56 253
25 154
43 209
0 204
364 59
1 40
33 281
161 202
2 89
6 295
1 109
0 251
0 167
147 174
6 278
367 239
216 10
1 128
20 161
10 48
224 219
55 132
152 34
5 266
320 226
5 271
17 203
11 116
0 9
0 67
356 20
1 32
291 173
309 239
0 141
9 281
55 64
92 176
309 51
87 177
4 120
1 157
48 139
0 139
14 63
0 225
38 62
352 266
170 7
349 4
1 208
3 219
222 167
0 288
3 201
87 132
1 119
0 98
0 235
99 263
2 299
273 277
0 213
11 267
3 4
1 285
234 194
0 26
3 65
12 290
0 121
75 113
126 92
21 284
12 169
62 204
0 223
13 182
56 257
42 227
64 206
1 242
25 80
51 188
83 56
25 275
379 61
35 55
2 211
2 259
2 84
23 5
7 65
23 159
1 85
35 129
281 191
283 189
14 188
77 24
83 282
381 43
234 139
42 67
1 95
111 53
72 82
232 106
34 164
46 82
2 47
92 249
65 275
244 62
2 101
16 191
2 177
31 86
2 303
17 180
156 229
1 286
296 102
0 175
52 101
0 288
270 249
124 197
159 113
39 7
91 247
2 126
6 8
0 218
5 43
0 66
0 279
84 237
1 152
248 105
92 166
62 40
66 87
1 128
19 190
261 5
132 198
22 217
82 13
2 260
123 245
53 153
216 52
38 117
8 150
5 225
16 95
73 114
390 112
227 286
1 106
15 272
22 123
5 114
90 225
5 39
242 287
7 257
4 83
0 252
9 22
58 94
2 227
62 56
23 55
5 267
0 235
30 141
211 218
0 169
283 47
23 35
9 143
78 272
64 141
116 60
64 100
5 79
8 9
11 130
4 145
90 93
52 169
76 221
386 78
4 52
31 275
132 162
163 206
8 102
0 128
54 82
58 257
10 146
1 101
37 113
63 210
0 180
0 186
11 65
0 8
34 265
1 79
0 143
80 114
0 28
4 144
7 70
0 23
393 130
2 20
354 132
182 214
346 107
21 243
251 244
62 49
13 226
8 212
9 6
78 299
3 131
2 170
12 95
323 15
9 91
365 185
152 301
63 130
8 290
4 270
3 231
71 282
148 254
77 299
23 256
3 178
151 257
5 165
223 44
29 206
257 2
0 283
93 101
243 125
11 285
8 48
26 223
8 245
19 233
27 181
11 8
36 227
3 133
223 192
383 49
98 23
82 282
110 237
5 187
54 168
217 241
21 235
141 75
1 176
2 32
38 124
162 86
20 189
1 301
46 196
3 233
129 262
20 219
354 39
4 141
308 298
8 162
52 9
0 57
349 190
3 154
177 26
276 296
337 236
0 221
25 140
17 117
110 128
15 200
112 211
10 161
103 5
94 13
17 297
25 136
2 244
48 234
12 100
44 11
0 13
2 75
107 152
41 217
97 248
89 51
332 139
18 232
17 67
27 121
50 121
176 145
148 212
0 128
3 167
323 8
1 52
27 83
60 125
16 90
25 226
45 121
35 38
10 218
325 258
11 164
1 185
43 290
7 224
36 115
0 253
305 4
6 151
17 163
53 131
346 169
30 279
2 300
35 66
28 98
353 293
217 209
101 202
2 6
42 21
5 293
261 29
10 235
11 297
342 233
69 239
131 83
89 35
31 268
72 56
210 13
96 210
10 263
85 204
5 176
4 153
2 125
141 71
211 215
31 77
18 130
0 210
10 41
48 17
6 72
4 246
81 90
78 267
36 187
35 273
159 265
266 192
12 16
141 170
21 175
165 150
63 262
6 113
1 149
53 268
0 236
4 277
5 38
12 82
49 120
78 215
282 144
0 269
216 121
5 214
0 158
5 70
0 296
2 49
1 107
0 125
117 186
330 193
151 187
1 29
273 244
107 159
16 153
132 53
362 77
11 210
30 300
0 134
189 219
20 131
3 146
54 164
141 254
36 144
2 68
252 11
243 117
97 162
0 29
2 261
12 118
8 188
92 172
17 58
2 76
51 134
266 253
0 216
219 124
1 55
92 3
8 144
1 297
0 38
1 266
107 91
115 27
31 24
15 106
0 202
0 295
4 36
3 245
66 242
1 235
61 87
217 298
7 219
15 244
160 163
62 8
47 254
4 263
58 218
3 57
71 180
188 233
4 176
0 78
21 160
248 268
25 107
63 177
0 268
19 197
91 286
295 201
8 163
49 108
18 248
0 9
0 168
21 121
220 278
130 146
94 160
228 68
30 79
263 112
25 193
0 199
113 32
1 10
3 213
2 202
47 294
20 226
129 70
12 246
209 78
14 265
21 232
269 242
154 179
398 188
12 215
256 22
175 171
4 130
2 184
27 229
35 244
36 176
0 280
0 96
4 282
26 2
6 17
68 188
2 134
1 177
7 206
1 223
6 137
9 202
24 262
0 126
8 239
0 145
33 90
2 233
109 299
53 54
8 123
5 228
4 238
47 55
0 21
51 130
260 30
34 185
40 277
380 154
21 42
148 99
0 281
12 112
16 226
92 295
33 68
120 15
8 85
0 303
36 50
10 11
0 43
12 114
19 252
396 302
48 112
0 115
0 1
130 98
313 163
17 302
103 114
319 137
1 233
6 91
37 72
17 148
101 193
286 3
116 32
0 7
0 134
2 180
54 153
49 177
1 197
0 40
154 166
167 54
13 86
386 136
73 123
22 131
1 286
8 263
3 124
68 61
202 212
136 291
324 17
28 56
65 282
363 286
37 54
84 12
34 75
14 190
44 7
11 75
58 185
29 18
44 161
88 112
37 58
82 13
16 207
0 270
6 91
4 210
17 74
148 194
20 259
161 242
1 4
13 184
103 252
48 169
8 222
241 178
35 37
1 274
39 293
68 220
203 130
65 112
5 173
172 188
69 55
38 81
58 4
226 233
213 200
1 24
8 294
8 47
39 30
69 249
10 251
209 132
154 46
11 84
289 181
8 299
7 297
0 203
0 51
2 5
141 93
87 289
1 205
6 120
16 263
8 95
38 254
36 54
5 1
2 138
95 192
41 253
28 223
0 160
92 15
188 89
34 291
27 95
59 136
48 103
214 87
0 89
244 205
322 38
186 18
0 165
360 215
205 114
0 116
37 299
12 205
39 264
17 50
18 3
3 242
116 253
5 236
63 125
16 46
359 119
21 266
1 13
1 230
0 33
28 122
16 227
151 125
0 123
3 172
5 185
79 242
110 246
6 87
8 157
187 277
115 140
4 209
308 206
258 16
103 5
21 93
176 241
109 22
4 295
176 238
3 177
4 25
18 100
1 207
27 131
0 102
371 272
1 18
12 252
10 246
211 216
378 130
22 73
194 170
1 223
75 169
19 190
22 147
273 121
2 194
9 135
69 121
2 138
89 261
145 254
117 184
60 84
6 83
4 5
391 172
134 77
29 294
321 38
49 128
317 83
21 81
2 279
0 123
0 98
0 231
0 57
1 59
55 88
11 179
110 127
110 107
1 126
11 11
361 8
0 124
27 157
170 115
194 260
159 37
17 58
4 245
90 115
44 96
43 43
40 237
102 258
0 13
98 203
2 201
2 147
123 228
13 16
55 273
0 3
12 257
5 28
251 154
0 86
8 287
13 50
14 182
0 69
146 21
8 12
5 291
256 79
2 168
15 245
5 290
116 244
4 160
109 52
0 207
27 258
9 117
86 289
0 275
168 75
23 150
0 103
68 117
6 132
66 287
230 303
309 71
60 3
24 244
9 185
108 183
2 82
5 257
55 157
30 139
4 191
25 187
343 115
44 266
37 190
0 129
3 253
66 252
0 286
99 107
36 299
47 111
166 56
22 270
60 300
0 136
210 70
4 115
0 98
383 263
4 155
98 173
145 11
9 105
12 265
25 172
171 45
6 80
30 81
85 87
62 158
2 234
1 25
60 136
5 245
1 290
157 240
146 59
236 285
277 253
4 170
26 137
2 82
1 282
88 62
51 199
42 296
1 16
60 24
59 61
33 70
32 65
166 34
1 106
142 83
16 114
178 144
1 244
57 242
1 67
80 178
2 223
2 282
2 224
55 182
3 71
340 168
2 246
170 184
316 212
2 74
136 297
163 11
3 275
15 106
8 134
19 190
220 97
20 145
9 108
99 231
12 4
0 197
41 303
245 277
4 188
30 6
4 97
0 78
178 118
64 225
0 69
0 276
343 279
2 259
347 101
5 251
256 125
151 194
1 257
25 194
50 95
344 23
215 303
4 228
40 53
7 280
15 197
32 3
24 293
8 222
0 97
77 125
40 28
37 125
144 277
11 91
248 78
4 6
133 190
302 275
99 218
39 145
49 142
81 14
27 118
139 80
15 247
22 219
0 242
10 61
2 61
37 37
4 289
59 48
14 98
40 137
199 301
101 177
1 253
321 112
145 195
369 145
75 172
17 232
68 21
63 78
28 138
17 151
13 287
8 200
4 17
82 197
90 157
11 194
0 165
1 94
0 98
201 289
19 62
50 170
4 181
43 289
73 88
156 39
51 206
249 30
23 213
82 215
87 116
2 224
360 148
216 36
54 275
24 242
158 213
23 272
38 98
9 218
101 300
155 255
3 151
245 12
2 20
355 261
75 84
1 228
17 145
0 258
120 245
1 160
9 221
0 212
253 219
21 85
10 8
399 212
348 180
15 262
8 262
101 40
28 120
2 197
1 213
268 11
0 205
268 255
23 290
3 188
351 248
7 183
59 167
1 113
13 172
77 15
57 45
1 68
1 258
1 208
12 95
34 292
115 149
4 50
291 176
209 77
60 56
13 200
147 39
108 9
2 22
355 194
38 58
12 257
10 134
94 125
40 176
8 171
265 127
44 168
0 145
337 95
0 236
34 135
21 132
4 74
8 71
11 44
123 205
32 291
328 38
159 245
0 94
6 191
29 159
1 172
72 3
9 43
175 229
67 288
13 297
67 127
165 105
0 190
215 31
17 118
311 188
19 288
1 288
69 25
46 61
270 81
365 21
197 86
14 70
3 32
27 153
9 294
11 25
3 21
9 17
0 77
6 57
1 27
117 7
24 207
3 270
1 267
1 277
43 80
280 253
386 165
17 27
6 259
10 128
203 160
2 91
73 161
347 233
73 194
267 227
159 252
11 58
254 171
5 275
26 98
1 189
52 277
238 101
4 91
2 198
15 81
4 161
47 280
73 93
41 59
62 37
128 118
20 252
115 132
33 208
200 50
18 2
4 209
5 14
50 28
21 47
325 58
140 205
60 176
58 180
66 7
15 271
71 147
115 274
59 222
42 294
40 5
3 303
99 246
90 203
1 155
20 46
0 268
3 162
350 38
263 75
125 145
6 27
136 39
156 27
119 297
1 106
1 51
2 84
3 201
41 25
167 141
403 123
12 243
21 271
151 282
26 78
154 5
1 13
22 276
16 178
105 181
189 157
2 144
32 118
297 61
1 234
82 301
1 296
298 45
255 274
24 64
261 38
66 170
48 175
15 204
0 171
9 184
328 173
108 183
21 55
33 291
1 178
46 40
129 219
5 273
5 156
3 297
14 48
83 76
0 149
12 261
124 37
128 199
73 35
33 140
1 294
19 18
193 219
0 77
66 138
0 77
186 138
99 12
14 198
25 208
309 62
9 271
60 52
1 27
284 68
1 293
2 166
6 301
29 43
117 98
23 20
3 299
1 291
38 51
11 238
339 279
31 223
17 194
46 53
130 189
0 95
0 60
3 16
102 234
96 87
14 291
103 218
2 302
79 240
62 246
0 85
37 158
324 45
3 122
1 178
14 261
43 191
30 230
59 120
