65
3455 816018686
3493 395812886
3463 7679270
2606 962803670
3416 302502044
3347 296835614
2927 792818748
2632 798937218
3478 778613358
2797 702659638
2795 359362932
3107 381876626
2910 580939302
3186 849928742
3233 626443076
3207 869868340
2579 219445050
2890 527633090
2734 664183398
2777 485493534
2597 427544554
2808 231732964
2948 927316194
2779 804683150
3038 426795070
3402 822077040
3363 536969986
2656 621121098
3013 244686090
2732 901693772
3182 261671514
2990 694994336
3438 381001954
2528 58620014
3044 965364934
3289 556545384
3221 162689832
3030 899885776
3352 622647660
3280 12710912
2698 951309572
2787 253977716
3133 428617656
2634 317228364
2990 348814438
3134 780181346
3235 433878108
2555 210934718
3220 394202888
3399 760768686
2585 646556246
3455 826504520
3367 933422952
3174 38498162
3088 579404778
3306 947138156
2918 565399504
2613 677571538
2508 320711588
3260 702860076
3457 256235854
2868 97227252
3412 937690456
3356 74026010
2987 63971004
