67
3056 769982994
3268 692070786
2823 894810510
2963 2469753
3310 472412754
3139 297210276
3285 769992993
2819 754534539
3368 16998300
2744 226757322
2515 677492244
3155 970792911
3343 243765621
2650 840275964
2614 384231573
3229 44425557
3166 829936998
2803 830846907
2659 873882603
3459 582181776
3333 719298063
3209 986361354
3040 5369463
3322 417778218
3147 965733417
2545 952804710
3066 536026392
2633 212968701
2886 574582536
2970 750584934
2635 204799518
2509 182191779
2923 482381757
3280 937756215
3413 503609634
2645 152154783
3070 140865912
3275 709239069
2783 729317061
2962 622757718
2916 297510246
3341 541645830
3436 376032393
3249 780011991
2691 744975495
2985 67913208
2542 708629130
3014 408029193
3171 426887307
3227 182731725
3219 786711321
2719 251854812
3286 370312965
3454 883151676
2731 876002391
2903 878892102
3469 862263765
3492 912448746
2937 177042294
2923 473562639
3252 967143276
2539 854394552
2764 646505343
3215 566693325
3028 919438047
2551 390480948
0 431746821
