65
3393 557010000
3419 788470000
3108 951260000
3316 428750000
3336 544600000
2747 712040000
2716 551020000
2973 386640000
2661 531070000
3371 112300000
2755 419070000
3018 32420000
2932 311340000
3400 815990000
3325 516440000
2999 964520000
3335 860540000
3229 453070000
2959 686440000
2989 817260000
3174 809180000
3221 132270000
2985 72560000
2849 347860000
3131 685760000
2938 858050000
2826 157220000
3136 297280000
3413 712230000
3163 439370000
3468 705450000
2825 482980000
3356 403070000
2986 217090000
3336 198150000
2889 311610000
3449 980640000
2697 85390000
2952 30490000
3372 687420000
3341 690380000
2753 296220000
2602 756430000
2666 91700000
2572 922100000
3218 634720000
2605 83220000
2609 413420000
3342 608360000
3495 297270000
3279 228550000
2855 10760000
3405 401120000
3156 70360000
2975 331150000
3121 59480000
3013 337010000
3010 799060000
2808 421250000
3388 54790000
3288 664240000
3144 669330000
2844 662940000
3450 441050000
2907 599060000
