67
2678 579466100
3346 87018800
3357 450124520
3182 125583950
2703 856146330
2569 860892810
3294 390002440
2984 836567100
2855 367258890
2577 822723200
3426 64473020
2710 769523070
3451 108971270
3189 380311710
3400 72383820
2912 470297060
3188 973423940
2619 33818670
2587 365478960
3017 58342150
2564 155249450
2977 996563030
2728 918246110
3349 833996090
3498 541494260
2653 688041830
2827 94929600
3325 393166760
3035 473856920
3091 392573450
2604 992014320
3011 132901440
3296 455266540
2627 638797100
2614 526068200
2978 162764710
2906 429754210
2568 289139740
2553 522508340
3167 14832750
2898 212404980
3360 841709120
2595 830436230
2560 59528770
3073 577883940
2913 546438510
2769 270549360
2969 292501830
2558 412152680
3045 770709690
2623 521915030
3499 371016520
2684 599440870
3453 670440300
2888 135274680
3487 44696020
2951 565028890
2835 127561650
3151 835578250
3281 903215590
2931 833996090
2594 786926830
3129 712960850
3251 476427930
2615 649872220
2642 880076500
2601 994189790
