67
2640 926042087
2535 410240820
2574 697561597
2776 214241201
2665 242573897
3315 337351647
3137 321227204
2884 75391544
2672 930697254
3179 108648084
2727 173066668
2856 708440455
2829 76818716
3315 985532935
3122 735132678
3063 96580434
3403 134488395
2539 285319438
2878 465180131
3048 904235441
2893 191541722
3086 257027874
2933 557087643
2960 443194272
3267 110147440
3424 30789859
3496 794608456
2602 47383936
2920 247269051
3234 861899409
2802 108462411
2936 235186580
3488 157469421
3045 627670675
2718 255451335
3472 290032773
3497 2882617
2943 404475892
3238 819128353
3276 659085791
3097 2032731
3008 987773153
3283 46758278
3424 850079378
3159 33688845
2671 470166316
2748 622133605
2800 873873777
3161 363240083
2962 14836428
3187 348273905
2687 512758710
3256 157523504
3240 540851803
3262 431485600
3104 854767996
2879 587078318
3250 430748566
3286 331155118
2764 514361412
3370 794282715
2602 694823905
3243 159044507
2869 539503985
2952 309500422
3046 450393793
0 200877225
