68
2936 782643170
3197 174805508
3421 653355402
2760 704571460
3432 26412986
2573 875187446
2660 182269186
3490 669187848
2872 260208598
2597 303845546
2996 982365170
3070 745644794
2927 952689210
3087 460942372
3453 136566574
2876 913118736
2767 789935564
2533 707188108
2740 527634166
2915 888219628
3111 347795808
2589 267020600
3436 764285934
3277 154572500
3102 158611116
2565 883760802
2601 5237284
2931 205100726
2684 954484052
2586 971430254
3440 603974668
3352 17496106
3023 423813600
2993 539679848
3334 270961030
3301 796487024
3011 536202946
2762 659896448
2912 472216788
2605 469199216
3362 800281940
2514 167312854
2626 527299492
3291 293510838
2751 54948564
2540 502162088
3127 162497036
2557 292704892
2843 849245550
3097 638003302
2830 38225800
2811 74761122
2871 884179252
2559 469365920
2768 601807872
3181 208301484
3223 476699420
3270 665477138
3481 106666174
3057 959017932
2545 616389130
2692 479468960
3322 847869306
2896 544245720
2952 8798662
2511 882122070
3181 869533518
0 261128014
