68
3448 155326962
2775 744649850
2584 703469214
3433 520155412
2830 14193326
2992 558137552
3137 49376782
2769 664487544
2857 839005482
2647 799224188
2710 537147422
3150 145331662
3285 949553500
2795 527751840
2678 911771266
3469 108548958
2627 395613974
3357 985736486
2648 940557730
3323 592921196
2844 331444148
3190 513158702
2903 940557730
3402 463382108
2896 920367224
2567 133137396
2772 704268838
3331 32384772
2803 894579350
3288 382819990
3032 443791320
2862 234689644
2973 681279648
2644 318050446
3158 610313018
2571 907773146
3154 439593294
3118 187711734
3080 596319598
2524 620708130
2633 484172332
2827 992733196
3124 953151808
2601 622307378
2527 389616794
3167 91756854
3021 216298292
2543 703869026
3403 571131442
2847 105350462
3200 552340278
2812 231691054
2549 354433338
3067 722860096
2736 172518878
2792 311253642
2662 378621964
3296 430997336
3327 953151808
2751 786830016
2812 807820146
3330 947554440
2566 923165908
3241 892580290
2778 19190976
2656 925964592
3070 12394172
2942 502163872
