345
245 204
86 289
200 289
241 255
373 85
72 119
240 102
286 187
246 170
262 187
404 221
33 34
307 204
230 17
40 204
268 238
137 255
340 85
296 221
394 255
336 85
14 255
308 34
93 255
87 68
256 85
123 272
231 119
221 153
155 102
267 238
221 272
370 204
284 34
9 119
106 289
278 204
103 238
299 272
203 221
385 102
331 102
207 153
16 68
106 272
141 153
60 17
22 34
336 170
86 187
354 289
56 153
177 68
311 85
78 272
387 289
182 102
9 119
262 187
60 204
213 204
120 255
15 68
17 68
359 255
232 34
262 272
334 204
34 102
187 238
404 34
267 68
370 170
123 204
44 102
260 136
110 85
381 34
284 68
278 51
6 187
161 187
336 289
359 272
70 153
206 85
136 34
104 136
162 85
306 17
157 204
365 119
305 85
173 289
262 136
151 187
9 34
309 17
310 255
158 119
270 136
301 255
50 34
222 17
169 68
302 170
34 289
25 204
305 136
370 238
256 170
260 34
392 85
270 289
215 51
11 17
40 187
231 187
42 238
213 102
300 153
53 85
89 170
315 170
291 170
287 255
123 204
260 255
168 187
202 289
79 272
171 51
141 221
398 170
60 204
389 102
233 17
36 17
13 187
228 221
235 255
157 51
55 34
296 272
286 170
396 119
23 272
144 34
314 17
27 238
26 204
218 255
358 102
208 272
75 272
231 34
383 68
332 170
24 85
21 255
201 136
297 51
329 272
365 272
391 153
82 17
365 187
137 68
298 289
324 289
122 34
97 255
311 34
319 85
335 153
186 238
213 51
286 34
368 221
223 34
186 136
26 272
317 221
297 17
347 204
150 153
366 272
145 255
261 51
59 221
208 85
84 153
33 272
219 17
334 170
109 136
231 153
214 68
44 34
279 187
322 204
317 102
17 272
286 85
263 204
239 51
108 17
325 204
143 17
331 255
328 187
154 102
362 289
97 51
262 68
138 153
70 221
340 68
303 17
124 85
115 51
326 102
72 255
133 17
286 102
150 221
302 85
223 187
286 170
304 153
131 153
247 204
222 51
131 204
156 289
255 68
385 289
22 34
389 153
366 289
124 221
39 204
119 272
391 170
15 17
315 187
211 119
110 153
56 102
280 34
232 51
322 102
89 68
183 34
247 153
133 85
97 34
183 204
130 17
58 153
256 51
356 68
233 153
137 204
351 255
363 170
29 119
29 119
50 204
263 170
63 51
366 238
82 102
143 34
350 68
271 51
288 119
107 119
0 238
190 17
56 17
28 255
111 153
213 272
17 102
404 221
0 68
44 136
78 255
381 255
119 204
240 34
315 170
328 289
376 34
230 170
84 17
314 272
390 85
109 136
324 221
305 153
135 204
23 51
343 17
189 289
191 68
199 51
133 119
302 17
354 187
57 34
303 289
251 34
337 204
100 289
148 102
73 255
221 68
311 170
335 153
139 255
183 51
53 68
83 170
341 272
96 187
298 272
34 204
133 272
127 68
194 272
13 238
17 289
44 119
57 51
123 51
281 170
269 221
392 17
0 153
50 238
287 170
58 221
192 170
