66
2924 749849975
3345 492152262
3348 15900857
3115 111017263
3058 434290654
3298 252904967
2507 785862882
3227 999914300
3238 132325186
3033 480422320
3360 479710441
3157 659685117
2734 937497897
2557 44984282
2807 964386738
3157 19572483
2754 342318088
3227 752210445
2858 7027111
3404 27422647
2610 830218907
2705 524970348
2617 310376220
2846 665831432
2804 892203361
2910 811886824
3233 919196250
3014 560585340
2512 793173010
3217 936351752
3132 535757159
2676 146179950
3352 979691419
3472 730540342
2854 493926531
3383 708813532
3152 412429815
3283 248052014
3059 980399798
3474 257117287
2940 363773900
2520 505687154
3243 673842141
3321 579460784
2648 780199896
2795 102576824
3170 331451414
2631 928337284
2631 288038562
3225 435366036
2928 592400431
3210 544198956
2800 542034661
2857 13269816
2997 434724255
3478 67409265
3006 1158899
3344 455491988
2836 18205117
3350 600402922
2970 493909409
3082 204196678
2728 600761994
2509 750560055
2570 987486143
3064 407469279
