345
98 29
259 50
12 294
101 219
66 36
362 215
102 175
282 187
313 177
171 221
267 45
228 148
6 3
67 187
380 280
278 251
74 160
16 3
258 297
400 293
111 229
323 275
2 57
314 201
19 48
181 33
175 236
14 61
343 88
94 141
60 278
321 99
110 147
79 219
164 101
372 24
279 50
154 121
200 96
71 202
13 27
282 201
173 65
272 158
345 17
34 242
116 263
162 282
234 45
349 143
346 155
314 62
45 18
226 11
265 267
116 112
360 33
115 187
228 296
248 203
351 180
194 257
206 22
6 106
209 179
84 61
177 18
11 60
340 167
403 218
393 159
389 100
398 231
396 124
184 231
169 283
57 138
149 31
233 216
37 112
28 211
272 135
1 280
153 173
247 105
191 192
38 21
28 290
380 26
316 262
396 276
380 24
10 5
293 62
279 39
300 226
160 206
203 78
231 203
159 164
402 176
283 47
125 137
93 240
220 150
220 88
350 298
163 207
330 216
9 276
108 72
286 276
185 298
192 291
332 51
63 106
319 184
318 29
211 223
44 157
44 195
18 121
287 260
189 122
204 162
280 163
14 247
378 14
31 187
70 269
199 269
220 26
25 87
238 180
186 203
147 189
64 198
82 111
175 276
159 178
52 219
161 34
46 50
389 249
328 19
98 235
98 80
293 121
263 34
181 121
112 3
124 70
275 102
325 294
217 135
129 202
306 155
392 207
304 71
365 217
189 127
15 288
54 143
140 277
69 210
299 73
178 227
232 210
115 4
329 289
312 260
96 77
177 165
222 129
315 264
343 76
340 53
152 300
32 257
119 228
337 160
271 64
221 55
298 265
155 137
403 222
113 100
118 46
90 95
180 60
348 28
333 62
403 193
75 117
206 245
56 227
207 157
29 25
152 63
40 69
60 74
177 2
306 121
83 149
140 76
389 203
277 247
171 141
5 277
345 136
395 274
86 119
364 49
38 132
24 72
151 254
209 122
209 137
386 253
8 15
111 118
8 143
154 60
84 50
289 68
72 127
221 278
5 45
245 52
292 263
32 144
246 175
127 303
4 175
141 15
366 143
384 79
299 208
25 214
328 171
103 204
331 281
181 120
185 140
358 174
134 188
205 222
388 194
404 233
348 249
249 57
164 119
134 121
163 19
369 189
252 80
163 104
213 99
63 82
10 279
373 277
29 279
15 246
279 18
128 48
395 131
20 204
145 167
271 134
288 300
19 259
106 66
63 154
183 38
247 178
398 76
230 297
141 214
161 116
302 252
104 274
158 295
225 62
281 4
278 268
192 20
329 247
118 199
189 106
131 83
147 208
319 143
207 260
393 206
26 106
291 89
68 283
371 271
345 223
396 168
97 43
362 301
207 193
168 226
127 125
364 92
383 143
180 262
1 8
230 122
263 158
305 142
114 160
386 158
372 58
265 174
15 119
344 101
184 115
280 52
394 188
370 31
157 6
208 222
403 157
247 298
324 99
2 44
104 286
71 93
54 234
167 116
271 147
153 285
146 286
231 235
63 152
89 221
287 163
135 20
234 81
10 104
231 107
219 261
203 91
