67
3406 50782584
3049 254787224
2686 728438760
2889 210009136
3073 956709536
2913 103555640
2868 336991560
3465 672149976
2640 585058016
3072 965029544
2941 958474880
3119 513123928
3133 276972008
3459 94157912
3035 862244896
3207 428964224
2552 353459736
3490 617474944
2864 346473296
3169 533223112
2744 495780464
3488 961880032
2733 447095784
2724 767121736
2868 54072456
3455 177563360
3091 555062856
2669 155518896
3184 141075112
3079 714368888
2778 489471872
3278 99508824
2945 486869408
3317 812640344
2906 253337928
3014 589797168
2942 906745584
3396 498986944
3239 396985312
3180 313758160
2611 640421048
2628 749713816
2975 532575288
2977 866438000
3402 697738680
2821 541726056
2681 77447136
3253 320593128
3263 511803720
2534 894116432
2792 442591488
2947 721053344
3296 27427168
2870 66432792
3298 507980912
2980 669411008
2930 843067048
3000 463744544
2808 80185744
3147 193477352
3058 815382104
3295 456630128
2638 515953272
3431 484394104
3163 48698960
2683 308768944
0 561346512
