67
3399 514654560
3050 627036690
2694 514257450
3337 272218905
3339 230323800
3176 877811655
3274 424113480
3461 533120175
2630 280558215
3378 375467505
2634 710032680
2673 485864085
2856 475936335
2709 249782190
2619 940157925
2581 655430055
3367 353427900
2644 287706195
2974 257327280
3155 916331325
2689 96894840
3379 387777915
3216 487849635
2839 41299440
2561 514853115
2817 864111360
2685 799382430
2599 241045770
3326 525177975
3326 109205250
3251 341713155
3365 399492660
2888 874634775
3481 651856065
3278 87165645
2609 752722005
3459 352236570
3301 27400590
2733 242634210
2880 128266530
2950 766819410
3468 313915455
2708 325828755
2588 41696550
3206 295449840
2940 825790245
3280 675087000
2971 487452525
3182 23628045
2743 480503100
3108 496586055
2616 154078680
3180 926060520
3218 609365295
2949 790844565
3362 169764525
2874 505719585
3492 718371990
2511 46660425
2697 283933650
2638 141172605
3419 256731615
3039 123501210
3172 12508965
2969 462037485
2643 166389090
0 195378120
