68
2548 515768832
2860 311878656
2550 448598016
2586 358838784
2845 678841344
3227 972887040
3109 303952896
2626 985370112
3253 469006848
3448 277996032
2671 974274048
3113 717479424
3063 964961280
3324 56074752
2898 622370304
2510 738482688
2814 904725504
2992 555595776
2654 974670336
3461 193190400
2978 532809216
3353 306528768
3399 918991872
3280 976255488
2579 240348672
3112 422839296
3250 960800256
3217 551236608
2856 918991872
2522 149400576
2679 444238848
3455 466232832
2557 38638080
3109 64793088
2829 140682240
2575 539942400
3326 622964736
2850 506654208
3261 731943936
2849 200323584
3304 686767104
2555 735708672
2617 545490432
3257 973283328
3280 68359680
2573 202305024
2539 365773824
2545 719262720
3026 764835840
2537 37251072
3065 446418432
3169 272249856
2672 982794240
2840 717875712
3425 291271680
3286 22588416
2967 682011648
3333 990323712
3307 530035200
2548 865294848
2892 601763328
2781 536177664
3477 553416192
3161 774148608
2751 436511232
2656 689144832
2993 784253952
0 749776896
