1337
15 540072962
9 45396417
47 502359347
0 890654525
0 516789863
1 575954708
55 863616271
17 212904546
1081 509817925
0 598758316
1 192989531
0 749849581
0 346148768
0 244588390
0 624393268
36 673205736
0 954587087
0 944574056
2 962697104
0 648443950
0 588584666
0 511975269
0 28087114
0 45978559
1 470004163
1 620479402
0 785816329
0 661563935
0 395011438
24 219989870
0 929793851
0 196287856
0 602822792
0 420480832
1 144073413
0 516368503
0 304025279
0 879132969
1 742312444
0 698248826
0 175357695
0 596270404
1 368453280
0 800715972
0 531028669
0 982664515
0 145406371
0 28441092
0 370761931
0 155408967
0 758326483
0 190585976
1 834740042
1 962895948
0 180510036
0 680267221
412 206214041
65 981492246
0 577073822
1 120024576
124 992378713
0 947833739
0 113062836
0 653831004
56 878793453
14 962061557
0 241429447
0 701968361
0 433176113
1 588366298
0 485067478
13 495775541
2 978798740
0 912556198
1 317814465
111 247971151
7 699834429
0 352399559
0 46539514
0 485301368
1 182271168
113 770374950
0 885460772
0 425441676
1 100002600
0 561625607
0 204166615
0 168413110
0 261636849
0 557412097
0 656454461
0 903233170
0 998965238
10 288936294
169 781210511
153 326542306
14 840754858
0 867402148
0 664407006
0 219154109
1 904869696
10 667771142
2 628771859
1 349904946
0 559693466
1 927403068
0 596622366
0 844100074
7 87097692
2 886463756
4 750831705
1 447599149
0 482752534
1 589365939
0 600632204
2 289425352
9 13256921
1 515979518
0 405593346
0 542440106
0 954094819
3 619269906
0 178722237
3 861713319
0 912114088
0 530586833
0 824594074
0 773583352
0 838072617
3 100689554
16 241561835
0 127568268
0 268076314
1 667040408
1 260389440
0 353397861
0 929505145
0 9614089
0 566109253
0 847101551
43 375152144
32 195602185
0 293743772
14 925567510
0 284835625
1 15057715
0 937820045
2 62060626
0 615264803
2 919744884
0 415374192
0 146080427
0 534862829
0 622036920
0 286399640
0 477092824
287 992747902
0 796792006
0 622450373
22 524287955
1 945409723
47 139814797
10 790807130
0 822940329
0 172043456
0 819020813
0 903168982
7 428098772
8 873870542
0 103015997
0 111734273
1 761905990
0 979798093
0 107338844
0 371786627
17 29152500
2 703394036
36 32426089
0 296457547
0 631868088
79 64380869
2 390349375
0 737836485
0 880031789
0 756277333
0 43885560
1 719960070
0 616077028
0 419469299
0 57836320
1 803218665
0 801181511
0 96462401
0 283352673
0 363447048
0 965093555
0 427538521
1 431973617
0 80689096
0 491708180
25 812549963
0 694182950
0 163830390
0 774050191
0 161443761
0 568307731
11 391666225
20 842253264
1 50643845
0 184825251
57 376157452
0 285682491
0 288660624
1 359336379
1 357655790
0 773855255
0 378408252
2505 932978651
3 557173213
0 541420687
0 993605283
0 519936945
0 968475604
31 202392680
1 520096728
11 45169863
0 907476797
1 937313175
0 674180094
23 586755333
2 266489160
0 762069423
2 956621756
1 631530705
0 540269669
1 779178724
11 746944805
0 236082205
0 576954439
0 148408315
0 258567704
0 536342173
1 76398924
0 548909507
0 907576279
2 496635661
0 910904698
0 394677607
554 639004501
0 787484864
0 743201840
1 102738304
1 622985687
0 921828496
0 550243121
6 72553494
2 481569289
0 101612993
503 580077070
0 932853561
0 142453092
28 126011803
0 865620257
0 100269098
0 981311078
0 414617311
0 860971177
3 900544491
12 748257787
0 847864577
5 149692346
3 558320721
2 291535324
0 649558
6 549127892
1 303514677
0 475508596
127 42079401
0 721007875
3 480815071
0 648179180
0 917502419
0 139056858
0 528020401
0 970114895
204 776701936
61 855765988
5 897287586
0 524486148
70 56152208
222 242905579
0 672832233
7 580559933
0 78538269
0 735742138
0 333140033
0 428500577
0 298880496
0 471578848
1 135751629
1 232768527
0 620930238
0 972358366
0 496090201
0 618924670
0 904492340
3 276509256
0 759607541
11 647134570
0 23096566
0 510412865
1 608036435
0 280251083
2 671708570
107 400052343
7 918319346
0 925781351
0 548520795
0 340671509
6 517789647
4 158742964
0 775911956
0 236545896
0 138104965
0 371833234
0 727093676
14 895572905
0 949367605
1 373453366
0 231748153
0 336146437
2 135209041
0 656991390
3 768303333
0 899798997
6 459966346
0 228237010
6 980939115
7 408975791
0 703098600
0 157209323
0 125494273
2 610226486
0 403092507
0 619778048
55 306449842
0 927881580
0 782214684
0 99770761
1 633340963
0 139465899
0 952776488
0 736383875
0 378428884
11 944767173
0 679530281
0 710993506
7 992680604
0 457512120
11 748253604
0 252569724
0 69113370
0 397044620
0 236416581
0 13018909
0 321750313
0 121147558
0 168697252
0 965669695
11 796728842
7 588057064
8 76392463
650 302678915
18 455894727
0 103247411
0 683371741
0 230298757
0 379019384
0 838748816
6 409699413
30 594539776
0 356072621
1 589530050
0 413191812
0 73488501
0 616502617
9 75245202
3 705102369
0 742621905
0 470404366
0 800907243
2 977657480
16 659886861
3 362940769
0 626956667
0 612391913
0 869216215
0 553393330
82 471355369
0 164060979
0 173123134
1 342645847
1 122137789
17 335195114
0 408762822
1 535168985
0 81517808
0 656211644
0 421191505
0 260835928
12 410295290
0 278296691
0 562690658
0 244858157
37 702085076
0 559766878
1 299477892
0 696116403
0 273238724
0 667355560
0 312641413
6 422097820
0 164049502
246 599273098
6 396077962
1 632106655
19 608861106
0 216713652
100 435641604
2 820861091
0 858619259
0 673394914
0 152773933
78 659847607
1 489951032
0 698381968
0 745163790
0 466748923
0 604152018
0 639914633
0 533142987
3 397410267
4 29244995
0 867681369
0 282427755
0 491662900
0 23911311
1 553475181
15 182673468
1 777805333
1 788661622
0 821125777
3 659668423
75 230357927
0 913384825
3 13436855
0 286676672
3 850310694
0 379974548
4 577004256
0 789667547
1 448523659
0 805769432
0 806058549
0 382182817
0 866433456
0 376535108
56 963505216
0 68922268
8 325932094
0 212634717
0 784432166
0 102204802
0 566733683
1 510004945
0 65135094
0 803998277
0 119714928
0 210549061
1 265745561
2 220755625
1 42898679
0 879138918
3 756417005
0 807827739
0 437510030
1 432005347
1 711014071
61 222206989
0 725690325
0 856217459
0 857506788
0 202823621
1 533702795
0 64669
0 819644731
0 772466514
4 787043230
0 810533595
0 875549175
0 155537856
0 620189853
0 451905843
0 91028214
0 133717525
0 621807955
0 991306251
0 475975038
5 644532427
1 968444152
43 315822076
15 155245338
1 676474362
0 963873292
0 322885092
0 416476043
1 95111353
2 992598382
0 56690244
0 99827822
34 921514633
18 499314997
0 536775449
0 765070469
1 963472567
2 511366870
0 410172618
1 851514669
0 83539426
1 429785107
60 307848804
13 956004095
0 404831892
0 61716086
0 792534660
0 871152314
1450 913096878
0 971769626
0 121027145
0 860357433
0 315252072
0 178659124
0 200389824
3 694474071
2 304102030
0 369423502
0 358443848
0 905300000
0 439338384
0 404565966
0 720396249
0 306750613
1 993871924
0 389140055
0 171372425
89 572797222
1 903110177
21 796025769
49 488706662
0 304565164
0 373758938
62 341049710
0 341394311
6 15877607
17 700560769
170 806464063
24 255244450
0 526193233
3 698622400
0 374529679
13794 253541651
1 28913023
7 119768588
2 907525262
262 499585325
0 193532462
0 751339036
0 656864150
0 416213526
2 411984166
1 855963606
1 342097294
0 290282778
774 108537259
1 157825411
1 307947701
7 830382224
3 8639867
0 690000330
0 996434273
18 46658786
0 862565041
89 239971971
1 306976054
0 463309555
2 888596780
100 348447745
3 776609594
0 500718759
2 774669957
0 549531032
0 119712551
0 550406095
2252 506570896
1 389046308
0 256574603
0 179147968
0 161033663
3 61356184
0 495844255
0 328154725
7 651098038
8 560286040
0 381137538
222 629467235
0 194047001
0 339135687
3 837905383
3 808491951
1 658462357
0 284149695
247 449511422
1 941549803
0 700576151
51 410547921
0 288472944
43 556764626
0 174356965
0 830438222
0 469269593
0 219801122
0 339669693
1 611811657
0 552127658
0 238507662
0 374460959
0 176786589
0 268398577
0 975744539
0 189716202
0 926364237
13 9770214
0 527352255
0 87402135
2 53506490
17160 23137772
14 735128269
0 178428308
41 165533919
0 631742048
2 177635434
8 664572549
2 659051140
0 464295293
1 875400886
1 160364885
0 374195678
0 602362037
5 972713435
0 640332564
1 956687918
208 904595982
7 841095640
0 705711039
0 205552595
11 590557496
0 933866886
0 970708443
0 857277654
2075 289211407
31 372313809
1 805079117
1 679323753
0 974113995
0 971467492
0 313897778
0 941155370
3 958742535
1208 735031397
0 985879575
0 923548084
0 995013576
18303 198592297
0 322267227
0 368524708
0 251254701
0 352836482
0 263172950
9 263414652
0 421701152
0 301981895
1 61588415
1 925950119
0 974540136
1 79636292
0 378514990
17 13236412
2 500463381
0 582265150
0 770233366
0 55145145
0 317670613
0 947055499
0 553781130
6 514911662
3 268231206
1 688841105
0 978137351
109 188061118
0 727280656
0 426961366
1 661084580
0 196852947
0 828014818
2 462434189
0 667332213
0 192390904
3 579758396
0 991724730
5 502990342
0 501030020
0 140120922
0 15785866
0 839280630
1 49168297
0 706387569
0 523682587
0 955383524
276 141449883
0 453475617
0 775573796
1 284143324
17 827756862
89 811137374
0 957107594
0 848650438
0 579240864
0 453835959
0 98707930
433 571036345
0 794093928
0 307808539
0 112443776
0 878064890
3 910222806
0 183551509
1 726948117
0 495057815
1 298214305
1 419360799
0 570749151
0 296673464
1 911347134
67 834534817
0 34529999
189 740620444
1 723656657
2 557115153
0 655392385
152 99191721
0 563949553
0 194974724
0 279267749
0 469534767
0 496166077
1 258282954
0 447388085
0 888257928
2 148824580
2 561839492
0 137191923
0 27811983
0 985912021
0 91822046
0 556749994
0 195509271
0 292579158
0 868397767
211 612923233
0 914568638
0 378383405
1 495789862
0 42570787
2 506038068
1 978805930
0 964016047
0 812789411
0 941562828
0 707191760
0 84820585
0 437426217
3 543042486
19 843061644
0 18375592
0 850772870
0 896545513
3 454820332
191 537146286
0 968765099
219 309805407
387 681458306
0 487486582
0 374770706
0 613849906
0 635885452
1 212453015
4 280447723
0 508856775
42 492080743
4 159518333
1 337127576
862 846852366
0 735360770
0 988670116
0 557035913
1 780045667
1 623770132
1 768545160
0 116102516
0 502263976
31 975885206
0 541386653
0 502716613
0 370837160
6 222617979
0 263205610
0 442231876
0 517411350
172 11641056
0 301731054
0 169709820
0 849077909
0 294679552
13 362550940
2 269679826
0 142746399
1 357701285
2 322403424
0 370746372
0 718399918
10 111525694
15 996125541
52 673038630
8 61988323
2 341832165
0 799789700
1 995940002
2 521354588
0 496275766
1 52002919
1 823580323
0 158308554
1 395047337
0 738856399
0 801589904
0 889305295
0 213864338
39 124340385
2 500322079
0 34234754
1 705810628
0 424332378
0 842320051
0 139394123
137 904778744
0 278084976
1 878487898
0 536028645
1 946385100
0 596342824
0 734911712
0 989421583
0 318409289
0 46297111
0 878558080
0 593613163
0 120075995
0 903011286
0 769103005
0 535266628
0 997921296
1 422187252
0 25489625
0 159765620
0 517591606
0 245639830
0 541103471
28 473603550
29 442020708
1 103610708
2 312749126
0 710071672
0 596747652
1 380902325
0 238291098
1 232836496
0 76140382
0 494812520
0 953388598
7644 397897884
0 558649791
0 222444817
0 251519594
0 868997240
1 582017201
0 463070096
14 1786627
1 563246390
0 791771116
0 64122090
3 995257789
0 376114593
0 231022070
5 85993814
0 631210753
0 441954882
30 91388073
154 748370471
0 225027560
0 222020851
0 787950767
0 899526564
0 146499337
0 400392122
0 793652603
0 337732742
0 52533863
0 797764481
0 643658566
0 557504949
0 659423104
0 355548703
0 192228335
13 862857062
1 952868916
0 269458134
0 839244449
0 648700185
1 712650788
0 663409227
0 265680436
14674 67853859
0 582873601
109 703515931
0 119581204
1 343471658
5 227992012
0 716884527
0 415666804
0 868506870
1 288557247
0 688359862
0 984967581
6 832202030
11 823100949
0 653845891
0 358382508
0 628693172
0 301060721
1 361749929
0 296970538
1 58148494
0 876752345
8 21168449
0 843695674
0 536462700
0 23727186
0 616510370
0 442449244
0 6120738
4 439539147
0 274067821
0 214818117
0 414528056
0 658652063
0 691899360
43 461676514
2 260367775
0 840526956
0 922249046
1 955356818
0 144813937
0 295780777
0 903439815
1 643005987
308 833842868
0 42004394
3 959528628
0 105092160
0 134299096
0 61191031
0 280306659
0 646224107
0 627891337
2 574001700
0 630701835
22 4443508
0 975944804
2 969021621
3 18130574
0 755496823
0 253008739
0 801957600
0 26734431
0 627506762
0 609528156
0 844993296
0 372522437
1 513631501
0 401044107
0 464097766
0 409569072
0 675932788
10 149836750
1 937387501
0 592528160
0 797691774
0 282599289
0 716114132
0 47141840
0 863740798
0 936340839
0 683761189
0 631658810
1 468766501
2 634213945
0 48333568
2 154755844
1 371542738
0 890125028
3 724615777
0 832118890
0 497162870
7 423809710
19 159746762
0 991890766
0 807142606
0 153317999
1 797388278
0 87480959
0 363845137
0 789451178
0 582924369
0 929913167
0 910135936
0 274065983
0 792798895
0 312329788
0 741750278
0 747349643
0 918738443
0 678814434
0 431242190
0 361493312
0 156927236
7 813181517
1 889848064
2 37224015
0 607651866
0 608727721
0 823418703
0 861973426
1 880957812
0 408165004
0 435593617
8 2510878
0 528274714
1 541233141
0 689063655
0 661459629
9 613071757
0 161264318
0 45827642
973 855262327
6 225188202
0 430371659
0 644845602
0 165763937
0 226780820
0 686756465
0 116590635
0 914032167
0 113521820
0 788361138
72 778909023
0 360475472
0 709068952
0 248366085
0 477589016
1 499553951
58 275141513
0 58683152
1 205228184
0 531924760
0 436012366
0 392342008
1 686029915
0 110833940
2 997628544
0 987164366
1 447256662
0 595558147
0 119588144
974 628278968
0 885289271
9 161665770
0 175966611
0 252948418
0 496536701
0 512416752
16 6346842
1 899383683
42 378770307
0 581602098
0 573979140
1 794296912
0 51203353
0 37960141
187 322420538
0 166639005
0 775740468
0 234338642
6 367676630
0 118101906
1 777697527
0 38494097
0 906804738
0 318066253
0 220911971
0 805540099
41 91090004
0 586458522
0 831527064
0 795232444
0 642961902
1 251423622
0 666373914
0 385578570
0 252228963
5 601856209
0 923738128
3 63965287
24 228316567
2 124182398
0 128903787
1 211200470
0 875849937
0 881638059
4 717994802
11 622633516
1 528599647
0 792801856
2 361509820
0 420238676
0 330520583
2 850954964
0 532502212
0 278461342
1 664505490
0 714646629
0 120486330
6 458666052
20 43613248
299 708065126
0 441994219
0 630668848
24 963930050
0 387514099
1 197265430
0 622847450
9 892390628
6 124311848
2 692115400
0 488455760
4 6528837
0 376476779
0 715525610
0 493578573
0 22704018
0 131484561
0 591493991
1 109641898
0 669659784
10 258462929
0 87992176
0 334767196
0 75305894
1 206444107
0 123081071
0 468296538
3 967007138
9 594933880
0 574973162
0 924226753
1 286891288
0 843018356
0 689387038
2 851428589
0 459641982
2 330625278
0 258308830
0 4821950
6 746304280
0 936970418
78 503517165
0 439952368
0 309320554
0 50186907
19 880727818
0 986999670
0 543577689
0 520458464
1 878401998
0 934451553
0 739127550
2 272035884
0 915677427
0 159143224
0 684404548
0 86962447
1 841516353
3 703416862
0 481548920
0 943738333
39 928960263
0 912799164
0 678792170
0 594402037
0 183123312
0 247913264
84 339639017
0 411574286
1 133742097
11 897075460
0 537409054
0 143013003
0 125549830
53 458584179
0 705935979
0 241276288
0 127590393
0 512625847
1 648659863
3 810356126
0 280037705
0 813749357
16 404865781
3 732022231
0 473367628
10 610783433
2 881678553
35 862508867
0 241621189
0 568603102
0 644683411
0 573105048
0 587805325
0 348247409
0 414403522
0 921119528
0 641451153
0 759043947
0 449402323
4 458067033
1 784449717
3 244708348
1 175445031
0 925550388
5 306284102
0 277191669
0 683739118
0 685609190
0 877967985
8 355858882
1 374516792
52 482164014
0 163501864
3 483005158
1 708916841
1 407999763
30 506973545
0 147156339
0 957448180
61 317355307
1 207455632
0 380249536
0 204332872
0 616803935
7 254037170
0 606206582
0 619327016
0 524030425
0 484169412
0 397629358
0 933504138
97 377287833
1 337903152
0 976740828
9 941065638
1 730073359
1 789663850
0 327209568
1 496408737
0 151980260
1 189675924
0 405297553
0 604207178
0 354392400
0 722828807
0 572498516
0 330566621
0 658269520
0 401853902
1 276224732
1 801652091
0 391869101
155 434042219
7 544116268
1 359406888
0 729583909
392 760929126
0 116320353
0 676840083
0 247394708
6 232578803
0 635492343
0 987779119
0 950853384
0 205884716
0 976467620
0 681389059
1 795713691
0 517035927
0 319304740
0 177856469
0 870221367
6 646011867
