67
3159 297505653
2830 80553022
3228 669690826
2621 843357306
2650 235394234
3080 902951538
3165 421469281
3408 845298933
2897 189899634
2759 957798233
2766 921374062
3124 671780563
3431 536167954
2786 885058824
2902 275038224
3394 74955235
2603 494467330
3277 840766121
2872 888230555
2911 202872393
3387 936448799
3296 34351352
2826 433570068
3463 768249597
2583 949272121
3260 145172169
3018 60474807
3336 165459530
2867 952178582
2998 32063872
3155 437310834
2955 573935695
2903 136063597
3200 182108055
2675 602653287
2840 670061953
2953 111093356
2838 669694748
2676 449633390
2943 430841639
2806 932322355
2900 31105584
3162 142641552
3388 421746653
3017 35397591
2644 609175945
3237 903048333
3179 832988690
2918 135718752
2891 930994928
2702 592630615
2569 38373514
2760 182145355
2854 325417924
2581 65508245
2610 283994844
2574 776652552
2593 876987254
3306 938177825
2959 236539380
2670 114206077
3398 208735755
3332 703955082
2702 509426835
2979 691862401
3054 645292701
3387 836768659
