68
3111 222933305
3007 852907027
3461 362837692
2904 939948905
2688 403917591
3266 125771646
2725 421149092
2859 532754565
3060 705482953
3034 939801401
2903 497411208
2898 263270287
2653 994301126
3306 511441973
2696 716350236
3014 478873927
2576 366392152
3257 810521572
3010 822950198
3294 101803898
2525 556110268
2975 921916667
2603 370044962
3408 407795101
3033 115915863
2932 615077407
3366 597506469
2960 527241659
3046 770057386
2717 82127766
3372 577503479
3243 178461332
2790 705110196
3369 713352864
2918 490479199
2566 429510837
3055 143195262
2957 165120718
2572 420614873
3462 716046128
2719 95357822
2741 797916378
3012 641070836
2729 573377707
3429 449661870
3333 89196037
3303 827829009
3496 794130232
2572 854118734
2788 597293060
2529 900821761
2823 224808458
2681 744798775
2931 538245722
3172 496806464
3276 810995360
2586 993746936
2980 699399995
3225 835950150
2854 275351027
2501 275629753
3444 23529597
3179 212018779
3404 491213156
3155 814287215
2598 957231814
2839 965369783
0 210150689
