20
0 18 17 13 9 5 14 6 11 11 10 8 11 15 9 10 12 6 8 6
18 0 15 8 7 6 10 6 18 13 16 8 8 6 17 15 11 14 20 11
17 15 0 18 15 20 19 20 20 20 17 6 20 9 19 17 16 10 9 7
13 8 18 0 12 10 12 11 9 11 13 16 11 11 12 11 8 19 16 7
9 7 15 12 0 9 18 5 9 15 10 18 19 6 5 11 6 8 8 6
5 6 20 10 9 0 20 5 19 6 8 19 18 18 10 6 9 15 18 20
14 10 19 12 18 20 0 8 18 14 14 15 18 7 17 5 6 10 19 12
6 6 20 11 5 5 8 0 7 8 20 18 6 5 18 8 15 9 12 17
11 18 20 9 9 19 18 7 0 7 19 16 8 7 20 12 19 17 5 10
11 13 20 11 15 6 14 8 7 0 8 19 8 5 16 20 15 10 17 8
10 16 17 13 10 8 14 20 19 8 0 18 15 7 20 16 9 20 13 6
8 8 6 16 18 19 15 18 16 19 18 0 18 19 20 10 18 12 17 8
11 8 20 11 19 18 18 6 8 8 15 18 0 19 14 18 19 10 18 18
15 6 9 11 6 18 7 5 7 5 7 19 19 0 14 14 13 17 7 10
9 17 19 12 5 10 17 18 20 16 20 20 14 14 0 5 18 14 9 14
10 15 17 11 11 6 5 8 12 20 16 10 18 14 5 0 19 11 20 7
12 11 16 8 6 9 6 15 19 15 9 18 19 13 18 19 0 7 14 7
6 14 10 19 8 15 10 9 17 10 20 12 10 17 14 11 7 0 6 5
8 20 9 16 8 18 19 12 5 17 13 17 18 7 9 20 14 6 0 18
6 11 7 7 6 20 12 17 10 8 6 8 18 10 14 7 7 5 18 0
