25
0 81 83 81 85 83 87 83 88 87 85 83 82 87 82 82 83 86 81 80 88 86 88 87 86
81 0 87 85 82 84 80 84 85 85 85 84 87 86 83 86 80 86 81 83 86 85 81 88 82
83 87 0 85 88 80 83 81 82 88 81 83 80 85 83 84 80 82 85 82 81 84 88 80 85
81 85 85 0 80 87 87 85 80 86 83 80 85 81 82 86 80 84 88 88 84 88 80 82 81
85 82 88 80 0 82 80 87 81 83 85 88 84 80 88 88 80 82 87 80 82 88 80 82 84
83 84 80 87 82 0 81 81 87 84 80 85 80 86 88 81 84 80 82 81 83 85 81 85 85
87 80 83 87 80 81 0 83 83 83 84 85 88 84 88 84 81 83 85 88 86 85 81 86 81
83 84 81 85 87 81 83 0 81 80 83 85 80 83 82 80 86 81 85 81 84 82 88 86 86
88 85 82 80 81 87 83 81 0 83 85 81 87 86 81 87 86 86 82 82 81 80 81 88 81
87 85 88 86 83 84 83 80 83 0 82 83 87 86 86 83 88 88 86 88 86 87 84 81 85
85 85 81 83 85 80 84 83 85 82 0 82 86 88 85 87 85 82 87 88 86 83 85 88 80
83 84 83 80 88 85 85 85 81 83 82 0 81 83 85 81 88 82 81 81 86 88 82 86 84
82 87 80 85 84 80 88 80 87 87 86 81 0 85 88 85 88 81 87 87 87 87 86 81 86
87 86 85 81 80 86 84 83 86 86 88 83 85 0 83 81 88 81 80 87 86 86 87 87 86
82 83 83 82 88 88 88 82 81 86 85 85 88 83 0 81 88 80 87 80 83 81 86 88 80
82 86 84 86 88 81 84 80 87 83 87 81 85 81 81 0 85 81 84 81 84 88 83 82 87
83 80 80 80 80 84 81 86 86 88 85 88 88 88 88 85 0 80 87 81 81 88 80 85 86
86 86 82 84 82 80 83 81 86 88 82 82 81 81 80 81 80 0 87 83 88 81 86 80 85
81 81 85 88 87 82 85 85 82 86 87 81 87 80 87 84 87 87 0 87 80 86 84 82 86
80 83 82 88 80 81 88 81 82 88 88 81 87 87 80 81 81 83 87 0 83 81 85 80 86
88 86 81 84 82 83 86 84 81 86 86 86 87 86 83 84 81 88 80 83 0 82 81 82 82
86 85 84 88 88 85 85 82 80 87 83 88 87 86 81 88 88 81 86 81 82 0 88 87 84
88 81 88 80 80 81 81 88 81 84 85 82 86 87 86 83 80 86 84 85 81 88 0 84 87
87 88 80 82 82 85 86 86 88 81 88 86 81 87 88 82 85 80 82 80 82 87 84 0 80
86 82 85 81 84 85 81 86 81 85 80 84 86 86 80 87 86 85 86 86 82 84 87 80 0
