80
0 92 91 93 92 91 92 90 92 91 91 90 90 90 92 91 90 90 93 92 91 93 93 90 92 90 93 92 90 90 93 90 90 93 93 90 92 93 92 92 91 93 90 90 93 93 91 91 92 91 92 92 92 91 91 92 93 91 93 93 90 93 93 92 90 93 91 92 92 93 93 91 90 91 90 92 92 92 91 93
92 0 90 93 92 93 91 92 91 91 92 91 92 91 92 93 93 90 92 92 92 91 91 91 90 91 91 92 90 91 91 90 93 92 92 91 91 93 90 91 91 90 91 93 92 93 90 90 91 90 90 92 91 92 92 92 93 91 93 92 91 91 92 91 91 91 92 93 92 92 93 90 91 90 93 92 92 93 90 93
91 90 0 93 91 93 92 91 93 91 92 90 92 90 90 92 91 92 92 90 91 90 90 92 92 93 93 93 91 93 92 90 92 91 92 91 90 92 90 90 91 92 91 90 92 93 93 90 93 91 92 90 90 91 93 92 90 91 91 93 90 93 90 91 91 90 93 90 90 91 93 91 91 93 93 90 93 92 93 90
93 93 93 0 92 92 92 90 91 92 91 93 92 92 91 90 93 91 92 91 92 90 90 93 93 91 90 90 91 93 90 93 91 92 90 90 90 93 92 92 92 92 91 92 93 93 92 90 92 91 91 91 93 93 92 92 91 90 93 91 93 92 92 93 93 91 92 92 93 93 93 91 93 93 93 92 93 93 92 91
92 92 91 92 0 91 90 93 90 91 91 92 93 93 91 92 92 93 91 90 92 93 90 91 93 91 90 91 91 93 90 91 90 90 92 91 90 90 90 90 91 90 91 92 92 92 93 93 92 93 91 90 92 93 92 92 90 90 92 92 93 93 92 93 90 91 90 90 90 91 92 90 90 90 93 91 91 92 90 92
91 93 93 92 91 0 90 92 91 93 93 90 91 90 92 91 90 93 92 93 92 90 90 91 92 90 93 93 91 90 91 93 92 91 92 90 90 91 93 91 90 90 90 90 93 90 91 91 92 93 91 90 92 91 91 92 93 91 92 90 91 92 90 93 93 91 92 93 93 91 90 92 93 91 93 90 91 92 93 90
92 91 92 92 90 90 0 90 90 90 91 90 91 92 90 91 90 92 93 91 92 93 92 91 93 90 90 90 92 90 93 90 90 91 90 92 90 90 93 90 90 93 90 91 90 93 92 91 91 91 90 91 92 92 93 93 92 90 91 91 93 90 90 93 93 90 90 93 91 90 93 92 90 92 93 92 93 92 93 90
90 92 91 90 93 92 90 0 92 92 90 91 93 91 90 93 91 91 93 91 93 93 92 92 91 92 91 91 93 91 91 92 90 92 92 93 90 90 90 90 90 93 91 93 90 92 93 93 92 90 93 91 93 92 91 91 93 92 93 93 91 93 93 92 91 93 93 93 90 92 90 91 90 92 92 91 93 92 90 93
92 91 93 91 90 91 90 92 0 90 93 93 92 93 91 91 90 90 92 91 92 90 92 90 92 92 90 91 93 92 92 91 91 91 90 91 90 91 92 93 93 91 91 92 93 91 91 93 91 93 92 92 90 92 90 90 93 92 93 90 91 92 92 92 92 90 90 91 93 93 90 92 92 91 92 91 91 93 90 90
91 91 91 92 91 93 90 92 90 0 90 91 91 90 92 90 93 92 92 90 90 90 93 90 93 93 90 92 93 90 92 92 91 91 91 90 93 91 90 91 91 93 91 91 90 90 92 90 90 90 93 90 92 92 92 90 91 91 91 93 93 93 91 91 92 93 92 91 91 91 93 93 91 93 92 92 90 91 92 90
91 92 92 91 91 93 91 90 93 90 0 93 93 90 91 92 91 93 90 93 91 93 93 92 93 90 91 93 93 92 91 91 91 90 90 92 91 92 93 91 91 91 93 91 93 91 91 91 92 92 93 90 90 92 93 90 91 92 91 93 92 93 92 91 92 93 91 93 92 91 90 91 92 92 93 90 91 93 93 91
90 91 90 93 92 90 90 91 93 91 93 0 91 92 92 93 93 91 90 92 93 92 90 90 90 91 93 92 92 91 93 90 91 92 90 91 91 91 90 93 91 92 91 92 91 92 93 92 92 93 90 92 92 91 93 92 92 90 90 92 92 90 90 92 93 92 90 93 92 90 92 91 91 92 93 90 91 92 92 92
90 92 92 92 93 91 91 93 92 91 93 91 0 92 91 91 90 90 93 93 90 93 92 90 93 91 90 93 91 91 91 90 90 93 91 93 90 93 93 90 91 93 93 93 91 92 92 93 93 90 92 90 91 91 90 93 93 92 92 93 93 91 93 93 91 91 90 90 91 91 91 90 90 91 90 93 92 90 90 91
90 91 90 92 93 90 92 91 93 90 90 92 92 0 90 93 93 92 93 93 91 91 90 90 90 90 92 93 90 92 91 91 92 91 90 91 92 93 91 92 93 92 90 90 92 91 92 91 91 90 91 92 91 92 93 93 93 90 93 92 92 92 93 91 93 91 91 93 92 92 92 93 93 90 93 93 93 92 90 92
92 92 90 91 91 92 90 90 91 92 91 92 91 90 0 91 93 93 91 93 91 90 92 90 92 91 90 91 93 93 93 90 92 91 90 90 91 92 90 91 90 92 92 91 92 93 92 90 91 93 93 90 92 90 90 93 91 91 93 91 91 93 91 90 90 91 93 91 90 90 93 90 90 93 92 92 93 91 90 90
91 93 92 90 92 91 91 93 91 90 92 93 91 93 91 0 93 90 91 90 91 91 93 91 90 91 90 90 91 90 90 90 92 90 93 90 93 90 92 91 92 92 91 92 91 90 90 93 93 91 93 92 92 92 93 92 92 90 93 92 92 91 91 92 93 90 90 91 91 93 93 92 91 93 90 91 93 90 93 93
90 93 91 93 92 90 90 91 90 93 91 93 90 93 93 93 0 92 93 93 92 91 92 91 93 92 90 91 93 90 93 91 91 91 93 91 92 90 90 90 91 92 90 92 91 93 93 90 93 90 93 92 92 91 90 90 93 91 92 90 91 92 90 90 93 90 93 93 91 90 93 91 93 92 91 92 92 90 93 91
90 90 92 91 93 93 92 91 90 92 93 91 90 92 93 90 92 0 91 91 90 90 92 92 93 91 92 91 92 91 90 91 92 92 91 93 93 91 93 91 92 90 91 91 93 90 93 90 90 90 91 91 90 90 90 92 91 90 91 93 93 93 90 92 93 93 92 91 91 92 92 91 93 91 90 90 93 90 90 93
93 92 92 92 91 92 93 93 92 92 90 90 93 93 91 91 93 91 0 90 91 90 91 91 92 92 91 93 92 91 91 93 93 90 90 93 92 90 90 90 90 92 90 92 92 92 91 90 91 93 90 93 93 92 91 90 90 90 93 90 90 91 90 92 92 92 92 92 93 93 91 90 92 90 93 91 92 93 90 90
92 92 90 91 90 93 91 91 91 90 93 92 93 93 93 90 93 91 90 0 92 90 91 90 93 92 93 93 92 91 93 93 93 90 93 91 93 91 90 93 92 90 93 93 91 91 90 93 93 91 93 90 90 90 93 90 93 91 90 90 92 91 90 91 92 93 92 90 91 93 92 92 90 93 90 90 91 90 93 90
91 92 91 92 92 92 92 93 92 90 91 93 90 91 91 91 92 90 91 92 0 91 92 90 91 93 92 91 92 91 90 92 92 91 91 92 92 90 90 92 90 90 93 91 90 93 92 92 90 92 91 90 90 92 93 93 92 92 91 92 90 91 93 92 92 90 93 92 92 90 92 92 91 91 93 91 90 93 92 93
93 91 90 90 93 90 93 93 90 90 93 92 93 91 90 91 91 90 90 90 91 0 91 93 92 93 93 90 90 93 93 91 90 91 91 91 91 93 93 93 91 91 90 93 91 92 93 91 91 92 93 91 92 92 93 91 93 91 91 93 92 91 90 93 92 92 93 91 91 92 91 92 92 92 91 90 90 92 92 91
93 91 90 90 90 90 92 92 92 93 93 90 92 90 92 93 92 92 91 91 92 91 0 92 91 93 93 92 91 93 91 91 91 92 91 91 90 93 90 93 93 93 93 92 90 93 91 93 92 92 90 90 90 92 90 93 93 93 92 93 93 91 93 90 90 91 93 93 93 91 93 91 91 92 93 93 90 92 90 92
90 91 92 93 91 91 91 92 90 90 92 90 90 90 90 91 91 92 91 90 90 93 92 0 91 93 90 91 90 90 92 93 93 91 92 91 93 90 93 92 93 90 91 92 92 93 93 90 90 91 90 92 93 92 91 90 93 92 93 90 93 91 90 93 90 93 92 93 92 93 91 90 90 90 91 90 90 91 93 91
92 90 92 93 93 92 93 91 92 93 93 90 93 90 92 90 93 93 92 93 91 92 91 91 0 92 91 93 92 90 93 92 92 90 90 91 91 91 90 90 93 90 90 93 93 91 92 90 92 92 91 92 91 93 91 90 93 93 90 93 92 92 90 93 90 92 91 90 90 93 91 92 93 91 91 91 91 93 91 92
90 91 93 91 91 90 90 92 92 93 90 91 91 90 91 91 92 91 92 92 93 93 93 93 92 0 92 90 90 93 92 93 90 91 92 91 90 91 90 93 91 92 92 93 93 92 90 92 90 93 91 93 91 90 90 90 90 93 92 92 91 90 90 90 90 93 91 92 93 91 90 90 93 90 92 91 90 93 93 92
93 91 93 90 90 93 90 91 90 90 91 93 90 92 90 90 90 92 91 93 92 93 93 90 91 92 0 90 93 91 93 91 93 93 91 93 92 91 90 93 92 93 93 91 90 93 93 92 93 91 91 92 90 90 91 90 93 92 91 93 90 90 91 93 90 91 92 91 93 91 93 90 92 91 90 91 92 91 92 90
92 92 93 90 91 93 90 91 91 92 93 92 93 93 91 90 91 91 93 93 91 90 92 91 93 90 90 0 93 90 90 93 92 92 93 93 92 91 91 90 90 90 91 91 91 90 93 92 93 90 93 91 91 91 90 93 93 93 93 92 93 90 90 92 92 93 91 92 90 93 92 91 93 93 92 91 90 93 92 93
90 90 91 91 91 91 92 93 93 93 93 92 91 90 93 91 93 92 92 92 92 90 91 90 92 90 93 93 0 91 90 92 90 91 91 92 91 92 90 92 91 90 92 92 92 90 90 91 92 91 91 93 91 93 90 90 93 92 92 93 93 92 90 90 93 90 90 92 93 92 91 93 91 91 90 93 93 91 91 93
90 91 93 93 93 90 90 91 92 90 92 91 91 92 93 90 90 91 91 91 91 93 93 90 90 93 91 90 91 0 92 91 91 92 93 93 93 90 92 90 92 90 91 93 90 93 91 93 93 91 92 93 90 90 90 92 93 92 90 90 93 93 93 91 90 90 93 92 92 93 91 90 93 92 90 90 90 92 93 92
93 91 92 90 90 91 93 91 92 92 91 93 91 91 93 90 93 90 91 93 90 93 91 92 93 92 93 90 90 92 0 90 93 93 92 92 91 90 92 90 90 91 93 90 92 92 91 90 91 93 93 90 92 92 92 91 92 90 93 92 90 93 91 90 92 91 90 92 91 93 92 90 93 90 91 92 90 92 92 91
90 90 90 93 91 93 90 92 91 92 91 90 90 91 90 90 91 91 93 93 92 91 91 93 92 93 91 93 92 91 90 0 90 91 93 91 90 92 91 92 91 92 93 91 93 91 93 90 92 90 93 93 91 90 90 91 90 92 91 93 91 92 92 90 93 92 93 90 93 92 93 92 93 92 93 92 90 90 92 92
90 93 92 91 90 92 90 90 91 91 91 91 90 92 92 92 91 92 93 93 92 90 91 93 92 90 93 92 90 91 93 90 0 90 93 93 90 92 90 91 93 93 91 92 92 90 90 90 91 93 92 93 91 93 92 90 91 91 91 93 92 93 90 91 91 92 93 91 90 90 92 91 92 93 91 93 90 90 93 90
93 92 91 92 90 91 91 92 91 91 90 92 93 91 91 90 91 92 90 90 91 91 92 91 90 91 93 92 91 92 93 91 90 0 90 90 91 92 90 90 93 90 93 91 90 92 90 91 90 93 90 90 93 92 93 93 92 91 91 92 92 92 92 90 93 91 90 93 92 91 91 90 92 93 92 93 92 91 91 93
93 92 92 90 92 92 90 92 90 91 90 90 91 90 90 93 93 91 90 93 91 91 91 92 90 92 91 93 91 93 92 93 93 90 0 91 91 92 90 90 92 91 92 92 90 93 92 93 91 92 90 91 92 91 91 90 92 90 90 91 91 91 90 93 90 92 90 92 91 91 90 90 92 90 91 91 90 91 90 90
90 91 91 90 91 90 92 93 91 90 92 91 93 91 90 90 91 93 93 91 92 91 91 91 91 91 93 93 92 93 92 91 93 90 91 0 93 90 93 92 90 91 91 90 91 92 93 90 93 93 92 91 91 92 91 93 92 90 93 91 93 93 93 91 93 90 93 92 92 91 92 93 92 92 91 91 93 91 92 92
92 91 90 90 90 90 90 90 90 93 91 91 90 92 91 93 92 93 92 93 92 91 90 93 91 90 92 92 91 93 91 90 90 91 91 93 0 90 93 91 90 90 92 92 92 92 90 92 93 92 93 93 93 93 91 90 91 90 90 91 93 90 91 90 92 91 92 92 90 93 90 91 90 91 93 91 93 90 93 90
93 93 92 93 90 91 90 90 91 91 92 91 93 93 92 90 90 91 90 91 90 93 93 90 91 91 91 91 92 90 90 92 92 92 92 90 90 0 91 92 91 93 91 90 92 91 93 93 92 90 92 92 92 91 90 92 90 92 93 90 93 91 93 93 90 91 90 93 93 92 91 92 92 93 91 92 91 93 92 92
92 90 90 92 90 93 93 90 92 90 93 90 93 91 90 92 90 93 90 90 90 93 90 93 90 90 90 91 90 92 92 91 90 90 90 93 93 91 0 90 90 91 93 90 91 90 92 90 91 93 91 91 93 93 90 91 91 91 90 91 93 91 91 93 93 91 92 90 93 90 91 92 90 92 90 90 93 90 92 90
92 91 90 92 90 91 90 90 93 91 91 93 90 92 91 91 90 91 90 93 92 93 93 92 90 93 93 90 92 90 90 92 91 90 90 92 91 92 90 0 90 91 91 90 91 91 90 92 93 91 90 90 93 92 92 91 90 91 90 91 93 91 90 90 91 90 91 92 93 92 93 92 90 90 91 91 93 92 90 90
91 91 91 92 91 90 90 90 93 91 91 91 91 93 90 92 91 92 90 92 90 91 93 93 93 91 92 90 91 92 90 91 93 93 92 90 90 91 90 90 0 90 91 90 93 90 91 90 93 91 93 90 90 93 93 90 91 92 93 92 93 91 90 91 90 91 93 93 93 91 91 90 91 93 93 92 91 91 90 90
93 90 92 92 90 90 93 93 91 93 91 92 93 92 92 92 92 90 92 90 90 91 93 90 90 92 93 90 90 90 91 92 93 90 91 91 90 93 91 91 90 0 92 91 93 91 92 92 92 90 91 90 92 93 93 92 90 91 91 92 92 92 91 93 91 91 93 92 92 91 91 90 90 93 90 90 92 91 93 90
90 91 91 91 91 90 90 91 91 91 93 91 93 90 92 91 90 91 90 93 93 90 93 91 90 92 93 91 92 91 93 93 91 93 92 91 92 91 93 91 91 92 0 90 93 92 92 93 93 91 92 92 91 90 93 91 93 92 92 93 91 93 91 92 91 90 93 93 93 91 91 92 90 93 93 92 91 92 92 90
90 93 90 92 92 90 91 93 92 91 91 92 93 90 91 92 92 91 92 93 91 93 92 92 93 93 91 91 92 93 90 91 92 91 92 90 92 90 90 90 90 91 90 0 93 92 92 90 91 90 93 93 93 93 93 91 91 91 92 90 93 93 90 90 90 92 93 92 93 90 93 93 91 91 90 93 91 90 93 91
93 92 92 93 92 93 90 90 93 90 93 91 91 92 92 91 91 93 92 91 90 91 90 92 93 93 90 91 92 90 92 93 92 90 90 91 92 92 91 91 93 93 93 93 0 92 91 91 92 93 93 90 93 92 92 92 91 91 92 91 93 92 90 91 93 91 93 91 90 91 92 93 92 92 92 92 91 90 91 90
93 93 93 93 92 90 93 92 91 90 91 92 92 91 93 90 93 90 92 91 93 92 93 93 91 92 93 90 90 93 92 91 90 92 93 92 92 91 90 91 90 91 92 92 92 0 91 90 91 91 93 92 91 92 91 92 93 93 90 92 92 90 92 91 92 91 90 90 90 92 90 92 90 92 90 92 90 93 90 90
91 90 93 92 93 91 92 93 91 92 91 93 92 92 92 90 93 93 91 90 92 93 91 93 92 90 93 93 90 91 91 93 90 90 92 93 90 93 92 90 91 92 92 92 91 91 0 90 91 90 93 92 91 93 92 93 90 92 93 91 91 90 92 91 90 92 91 93 91 92 92 92 93 92 91 91 93 91 90 91
91 90 90 90 93 91 91 93 93 90 91 92 93 91 90 93 90 90 90 93 92 91 93 90 90 92 92 92 91 93 90 90 90 91 93 90 92 93 90 92 90 92 93 90 91 90 90 0 93 93 90 90 92 92 91 91 92 93 93 90 92 91 90 92 91 90 93 92 91 91 93 92 90 92 90 90 92 93 91 90
92 91 93 92 92 92 91 92 91 90 92 92 93 91 91 93 93 90 91 93 90 91 92 90 92 90 93 93 92 93 91 92 91 90 91 93 93 92 91 93 93 92 93 91 92 91 91 93 0 93 93 91 90 92 93 90 90 90 92 91 93 90 91 90 91 93 90 91 92 92 91 90 92 91 93 90 91 91 91 91
91 90 91 91 93 93 91 90 93 90 92 93 90 90 93 91 90 90 93 91 92 92 92 91 92 93 91 90 91 91 93 90 93 93 92 93 92 90 93 91 91 90 91 90 93 91 90 93 93 0 90 93 90 92 92 90 93 92 93 92 93 92 90 92 90 92 91 92 92 92 93 91 93 90 92 91 91 91 93 93
92 90 92 91 91 91 90 93 92 93 93 90 92 91 93 93 93 91 90 93 91 93 90 90 91 91 91 93 91 92 93 93 92 90 90 92 93 92 91 90 93 91 92 93 93 93 93 90 93 90 0 90 93 91 93 93 92 92 92 90 91 92 92 90 92 92 92 90 93 92 92 91 90 93 93 92 91 93 91 90
92 92 90 91 90 90 91 91 92 90 90 92 90 92 90 92 92 91 93 90 90 91 90 92 92 93 92 91 93 93 90 93 93 90 91 91 93 92 91 90 90 90 92 93 90 92 92 90 91 93 90 0 90 90 92 90 90 91 92 91 90 93 93 91 90 90 93 90 92 91 91 92 93 91 93 93 92 93 93 93
92 91 90 93 92 92 92 93 90 92 90 92 91 91 92 92 92 90 93 90 90 92 90 93 91 91 90 91 91 90 92 91 91 93 92 91 93 92 93 93 90 92 91 93 93 91 91 92 90 90 93 90 0 90 90 93 91 92 91 92 91 91 93 92 93 91 92 91 93 90 91 92 93 93 92 91 91 91 93 93
91 92 91 93 93 91 92 92 92 92 92 91 91 92 90 92 91 90 92 90 92 92 92 92 93 90 90 91 93 90 92 90 93 92 91 92 93 91 93 92 93 93 90 93 92 92 93 92 92 92 91 90 90 0 93 92 93 93 90 92 93 93 92 93 93 90 91 91 91 90 91 93 90 91 90 91 90 91 91 91
91 92 93 92 92 91 93 91 90 92 93 93 90 93 90 93 90 90 91 93 93 93 90 91 91 90 91 90 90 90 92 90 92 93 91 91 91 90 90 92 93 93 93 93 92 91 92 91 93 92 93 92 90 93 0 90 92 91 93 92 91 90 91 93 90 91 90 91 91 90 91 92 91 90 93 90 92 92 92 90
92 92 92 92 92 92 93 91 90 90 90 92 93 93 93 92 90 92 90 90 93 91 93 90 90 90 90 93 90 92 91 91 90 93 90 93 90 92 91 91 90 92 91 91 92 92 93 91 90 90 93 90 93 92 90 0 90 92 90 91 93 92 92 92 93 93 90 91 90 93 91 91 90 91 92 93 91 91 92 91
93 93 90 91 90 93 92 93 93 91 91 92 93 93 91 92 93 91 90 93 92 93 93 93 93 90 93 93 93 93 92 90 91 92 92 92 91 90 91 90 91 90 93 91 91 93 90 92 90 93 92 90 91 93 92 90 0 92 92 93 91 93 93 91 90 93 90 92 91 92 92 92 90 91 90 93 93 92 92 91
91 91 91 90 90 91 90 92 92 91 92 90 92 90 91 90 91 90 90 91 92 91 93 92 93 93 92 93 92 92 90 92 91 91 90 90 90 92 91 91 92 91 92 91 91 93 92 93 90 92 92 91 92 93 91 92 92 0 92 92 91 90 91 92 92 93 92 91 90 92 92 93 90 90 90 90 90 93 90 91
93 93 91 93 92 92 91 93 93 91 91 90 92 93 93 93 92 91 93 90 91 91 92 93 90 92 91 93 92 90 93 91 91 91 90 93 90 93 90 90 93 91 92 92 92 90 93 93 92 93 92 92 91 90 93 90 92 92 0 90 93 93 93 92 91 93 91 91 92 92 91 93 91 93 90 92 93 92 91 91
93 92 93 91 92 90 91 93 90 93 93 92 93 92 91 92 90 93 90 90 92 93 93 90 93 92 93 92 93 90 92 93 93 92 91 91 91 90 91 91 92 92 93 90 91 92 91 90 91 92 90 91 92 92 92 91 93 92 90 0 93 90 90 91 93 93 93 92 91 92 91 90 90 93 91 92 90 91 92 92
90 91 90 93 93 91 93 91 91 93 92 92 93 92 91 92 91 93 90 92 90 92 93 93 92 91 90 93 93 93 90 91 92 92 91 93 93 93 93 93 93 92 91 93 93 92 91 92 93 93 91 90 91 93 91 93 91 91 93 93 0 90 92 90 93 92 93 93 92 91 92 90 92 90 90 93 91 93 93 90
93 91 93 92 93 92 90 93 92 93 93 90 91 92 93 91 92 93 91 91 91 91 91 91 92 90 90 90 92 93 93 92 93 92 91 93 90 91 91 91 91 92 93 93 92 90 90 91 90 92 92 93 91 93 90 92 93 90 93 90 90 0 92 90 91 90 93 91 91 93 90 91 90 90 93 90 93 90 93 91
93 92 90 92 92 90 90 93 92 91 92 90 93 93 91 91 90 90 90 90 93 90 93 90 90 90 91 90 90 93 91 92 90 92 90 93 91 93 91 90 90 91 91 90 90 92 92 90 91 90 92 93 93 92 91 92 93 91 93 90 92 92 0 91 90 91 91 93 90 93 92 91 93 90 91 93 93 90 92 93
92 91 91 93 93 93 93 92 92 91 91 92 93 91 90 92 90 92 92 91 92 93 90 93 93 90 93 92 90 91 90 90 91 90 93 91 90 93 93 90 91 93 92 90 91 91 91 92 90 92 90 91 92 93 93 92 91 92 92 91 90 90 91 0 91 92 91 92 93 92 92 91 90 93 92 90 93 91 93 93
90 91 91 93 90 93 93 91 92 92 92 93 91 93 90 93 93 93 92 92 92 92 90 90 90 90 90 92 93 90 92 93 91 93 90 93 92 90 93 91 90 91 91 90 93 92 90 91 91 90 92 90 93 93 90 93 90 92 91 93 93 91 90 91 0 92 90 92 90 91 93 92 92 91 91 92 92 92 93 92
93 91 90 91 91 91 90 93 90 93 93 92 91 91 91 90 90 93 92 93 90 92 91 93 92 93 91 93 90 90 91 92 92 91 92 90 91 91 91 90 91 91 90 92 91 91 92 90 93 92 92 90 91 90 91 93 93 93 93 93 92 90 91 92 92 0 90 92 92 91 93 92 90 90 93 90 92 91 92 92
91 92 93 92 90 92 90 93 90 92 91 90 90 91 93 90 93 92 92 92 93 93 93 92 91 91 92 91 90 93 90 93 93 90 90 93 92 90 92 91 93 93 93 93 93 90 91 93 90 91 92 93 92 91 90 90 90 92 91 93 93 93 91 91 90 90 0 92 93 91 90 92 91 91 93 91 91 93 91 92
92 93 90 92 90 93 93 93 91 91 93 93 90 93 91 91 93 91 92 90 92 91 93 93 90 92 91 92 92 92 92 90 91 93 92 92 92 93 90 92 93 92 93 92 91 90 93 92 91 92 90 90 91 91 91 91 92 91 91 92 93 91 93 92 92 92 92 0 93 90 93 92 92 91 90 92 91 91 93 93
92 92 90 93 90 93 91 90 93 91 92 92 91 92 90 91 91 91 93 91 92 91 93 92 90 93 93 90 93 92 91 93 90 92 91 92 90 93 93 93 93 92 93 93 90 90 91 91 92 92 93 92 93 91 91 90 91 90 92 91 92 91 90 93 90 92 93 93 0 93 92 92 90 92 92 92 90 90 90 93
93 92 91 93 91 91 90 92 93 91 91 90 91 92 90 93 90 92 93 93 90 92 91 93 93 91 91 93 92 93 93 92 90 91 91 91 93 92 90 92 91 91 91 90 91 92 92 91 92 92 92 91 90 90 90 93 92 92 92 92 91 93 93 92 91 91 91 90 93 0 92 92 90 91 93 91 92 92 92 92
93 93 93 93 92 90 93 90 90 93 90 92 91 92 93 93 93 92 91 92 92 91 93 91 91 90 93 92 91 91 92 93 92 91 90 92 90 91 91 93 91 91 91 93 92 90 92 93 91 93 92 91 91 91 91 91 92 92 91 91 92 90 92 92 93 93 90 93 92 92 0 90 91 92 90 91 90 91 91 90
91 90 91 91 90 92 92 91 92 93 91 91 90 93 90 92 91 91 90 92 92 92 91 90 92 90 90 91 93 90 90 92 91 90 90 93 91 92 92 92 90 90 92 93 93 92 92 92 90 91 91 92 92 93 92 91 92 93 93 90 90 91 91 91 92 92 92 92 92 92 90 0 93 91 92 92 93 90 92 92
90 91 91 93 90 93 90 90 92 91 92 91 90 93 90 91 93 93 92 90 91 92 91 90 93 93 92 93 91 93 93 93 92 92 92 92 90 92 90 90 91 90 90 91 92 90 93 90 92 93 90 93 93 90 91 90 90 90 91 90 92 90 93 90 92 90 91 92 90 90 91 93 0 92 91 90 93 93 92 90
91 90 93 93 90 91 92 92 91 93 92 92 91 90 93 93 92 91 90 93 91 92 92 90 91 90 91 93 91 92 90 92 93 93 90 92 91 93 92 90 93 93 93 91 92 92 92 92 91 90 93 91 93 91 90 91 91 90 93 93 90 90 90 93 91 90 91 91 92 91 92 91 92 0 92 93 93 93 91 93
90 93 93 93 93 93 93 92 92 92 93 93 90 93 92 90 91 90 93 90 93 91 93 91 91 92 90 92 90 90 91 93 91 92 91 91 93 91 90 91 93 90 93 90 92 90 91 90 93 92 93 93 92 90 93 92 90 90 90 91 90 93 91 92 91 93 93 90 92 93 90 92 91 92 0 93 90 91 93 90
92 92 90 92 91 90 92 91 91 92 90 90 93 93 92 91 92 90 91 90 91 90 93 90 91 91 91 91 93 90 92 92 93 93 91 91 91 92 90 91 92 90 92 93 92 92 91 90 90 91 92 93 91 91 90 93 93 90 92 92 93 90 93 90 92 90 91 92 92 91 91 92 90 93 93 0 93 93 90 92
92 92 93 93 91 91 93 93 91 90 91 91 92 93 93 93 92 93 92 91 90 90 90 90 91 90 92 90 93 90 90 90 90 92 90 93 93 91 93 93 91 92 91 91 91 90 93 92 91 91 91 92 91 90 92 91 93 90 93 90 91 93 93 93 92 92 91 91 90 92 90 93 93 93 90 93 0 90 91 92
92 93 92 93 92 92 92 92 93 91 93 92 90 92 91 90 90 90 93 90 93 92 92 91 93 93 91 93 91 92 92 90 90 91 91 91 90 93 90 92 91 91 92 90 90 93 91 93 91 91 93 93 91 91 92 91 92 93 92 91 93 90 90 91 92 91 93 91 90 92 91 90 93 93 91 93 90 0 91 90
91 90 93 92 90 93 93 90 90 92 93 92 90 90 90 93 93 90 90 93 92 92 90 93 91 93 92 92 91 93 92 92 93 91 90 92 93 92 92 90 90 93 92 93 91 90 90 91 91 93 91 93 93 91 92 92 92 90 91 92 93 93 92 93 93 92 91 93 90 92 91 92 92 91 93 90 91 91 0 90
93 93 90 91 92 90 90 93 90 90 91 92 91 92 90 93 91 93 90 90 93 91 92 91 92 92 90 93 93 92 91 92 90 93 90 92 90 92 90 90 90 90 90 91 90 90 91 90 91 93 90 93 93 91 90 91 91 91 91 92 90 91 93 93 92 92 92 93 93 92 90 92 90 93 90 92 92 90 90 0
