20
0 19 5 15 15 13 8 14 17 14 13 20 18 18 8 12 13 12 18 10
19 0 14 5 15 12 12 19 19 16 14 7 12 14 8 18 10 20 12 13
5 14 0 6 8 20 13 7 9 5 11 12 17 12 15 15 15 8 13 13
15 5 6 0 15 8 10 20 20 20 16 20 7 18 16 13 9 20 13 12
15 15 8 15 0 17 19 13 10 20 13 13 9 16 6 20 6 12 16 20
13 12 20 8 17 0 13 18 8 16 13 13 7 10 5 15 5 9 17 10
8 12 13 10 19 13 0 17 16 19 8 12 12 18 14 15 11 6 17 13
14 19 7 20 13 18 17 0 5 18 17 10 16 12 19 12 19 8 14 20
17 19 9 20 10 8 16 5 0 6 14 11 13 8 5 19 8 7 6 8
14 16 5 20 20 16 19 18 6 0 9 5 12 6 18 20 18 13 7 7
13 14 11 16 13 13 8 17 14 9 0 11 12 7 19 6 17 5 10 7
20 7 12 20 13 13 12 10 11 5 11 0 16 13 8 17 18 9 17 15
18 12 17 7 9 7 12 16 13 12 12 16 0 10 11 17 17 14 6 13
18 14 12 18 16 10 18 12 8 6 7 13 10 0 18 6 8 20 8 20
8 8 15 16 6 5 14 19 5 18 19 8 11 18 0 5 12 7 19 16
12 18 15 13 20 15 15 12 19 20 6 17 17 6 5 0 14 14 8 10
13 10 15 9 6 5 11 19 8 18 17 18 17 8 12 14 0 9 17 16
12 20 8 20 12 9 6 8 7 13 5 9 14 20 7 14 9 0 18 10
18 12 13 13 16 17 17 14 6 7 10 17 6 8 19 8 17 18 0 15
10 13 13 12 20 10 13 20 8 7 7 15 13 20 16 10 16 10 15 0
