3189
899 768 167 186
590 863 430 174
581 809 494 494
682 934 361 264
539 968 174 408
841 808 435 399
557 684 268 186
614 793 386 268
867 879 413 304
770 595 101 350
649 681 176 338
833 713 461 481
833 668 157 24
879 667 108 420
633 731 321 22
999 948 246 240
505 628 246 32
695 646 118 68
700 927 220 437
997 855 448 385
561 895 111 244
610 726 24 429
659 930 430 91
514 515 97 232
917 794 316 254
809 519 35 41
844 920 31 53
918 921 228 384
752 815 438 217
529 638 82 270
760 841 51 402
975 976 211 67
517 907 206 499
737 806 344 28
866 769 320 258
638 581 245 322
883 554 425 299
843 700 127 187
537 760 299 253
605 639 342 483
624 588 152 6
520 646 272 409
687 823 191 49
595 721 254 43
650 696 432 255
548 525 451 452
563 652 92 400
670 712 328 457
980 720 278 44
536 545 216 183
942 548 449 163
842 559 387 265
526 542 168 74
789 721 379 140
690 616 114 162
529 540 298 238
705 566 111 353
555 815 394 256
517 717 243 211
649 879 181 54
696 970 444 43
514 616 306 429
748 548 397 2
650 542 332 19
583 866 85 45
862 678 147 243
872 759 230 349
835 813 362 152
666 943 347 176
613 918 152 260
644 909 166 363
510 611 171 153
915 662 37 381
647 814 147 211
666 693 400 436
869 704 238 482
607 825 410 230
882 885 10 458
855 815 430 245
606 571 48 208
794 714 189 98
645 782 126 254
854 752 400 266
569 880 433 488
861 863 217 339
937 616 82 480
555 770 377 309
699 721 73 129
680 810 267 246
752 854 281 24
783 799 321 209
962 861 160 143
998 735 224 38
764 987 465 332
962 812 294 186
862 529 39 95
836 728 410 230
890 830 288 481
888 642 99 263
635 632 43 251
733 899 271 73
938 617 112 446
622 564 203 109
667 910 292 350
503 779 345 319
976 959 235 146
503 725 22 315
522 725 270 487
689 815 182 10
785 649 381 398
989 606 408 477
724 717 25 438
768 749 177 489
825 795 18 478
520 759 53 134
960 782 323 224
581 517 227 29
607 802 26 237
515 632 424 488
837 874 172 383
922 808 166 123
819 555 189 421
662 819 447 127
841 972 216 263
915 746 279 458
804 801 71 64
569 515 479 237
896 632 187 332
925 650 434 365
533 914 152 100
878 761 114 465
972 634 396 283
625 778 466 221
949 662 77 77
907 974 163 350
737 664 325 316
974 957 221 274
793 909 326 33
600 824 182 260
813 746 214 131
814 502 157 226
592 694 334 390
756 760 451 47
864 698 278 394
708 997 215 75
542 933 404 200
737 671 482 180
653 864 84 287
675 915 244 330
531 568 447 271
528 532 219 498
794 797 189 477
943 628 180 372
568 746 444 489
891 587 193 61
711 674 443 480
913 837 235 356
713 783 41 236
964 749 158 333
654 912 85 421
909 715 373 375
874 945 429 145
585 929 102 365
762 761 193 48
997 837 481 375
677 918 70 130
995 805 210 376
949 807 63 388
917 656 300 106
895 529 456 483
890 985 88 310
917 935 341 392
660 710 230 249
758 873 363 111
660 627 423 420
807 661 156 452
635 628 409 82
517 544 139 142
528 985 212 7
681 908 493 411
860 716 212 356
613 714 24 75
696 757 303 342
820 991 429 497
954 570 57 290
918 805 9 197
512 611 72 349
757 621 410 360
829 933 283 168
593 853 472 491
941 525 208 420
741 853 90 372
834 752 87 338
975 537 76 354
949 870 398 291
891 577 314 55
841 619 157 37
847 931 203 390
964 835 360 151
843 960 238 463
521 566 423 66
607 968 444 322
936 939 228 359
790 980 247 152
644 726 253 457
546 734 445 74
515 927 457 67
500 515 367 48
731 803 151 58
542 653 180 403
519 888 166 191
998 597 154 430
706 596 136 363
863 997 287 108
991 880 59 241
673 691 111 74
589 699 471 61
701 893 23 76
847 744 42 151
923 747 165 489
535 835 159 336
541 779 427 57
693 744 20 137
936 930 176 206
990 822 83 224
969 699 470 28
724 771 101 222
853 654 451 249
608 770 287 482
567 822 274 255
907 536 306 168
670 698 142 232
561 832 208 191
894 613 483 159
915 787 364 145
666 892 202 371
581 846 169 87
828 959 104 442
988 748 95 306
542 867 316 190
909 645 76 91
899 870 150 477
550 873 224 296
905 541 417 239
580 929 6 469
814 952 297 206
710 741 151 166
518 607 100 317
784 630 121 78
595 975 236 386
755 859 51 406
761 680 234 31
503 515 26 325
792 624 385 400
590 851 469 272
726 907 286 350
908 801 37 109
768 618 337 227
789 537 411 129
721 968 359 115
634 607 79 232
778 901 497 421
844 948 198 105
875 835 454 97
772 648 69 287
978 858 164 375
758 692 80 19
805 983 19 279
726 999 367 137
946 751 364 127
863 657 135 90
523 963 71 274
663 532 353 256
734 677 69 99
576 684 187 469
688 670 114 67
798 779 285 306
565 765 364 475
904 934 114 495
976 564 263 339
833 594 209 263
587 822 443 341
796 747 278 388
627 868 379 322
566 652 385 384
559 710 476 464
557 906 292 480
869 956 200 75
808 791 368 437
907 804 306 417
566 777 259 326
728 987 112 331
880 738 126 117
890 927 23 478
746 680 446 157
720 887 183 251
582 795 45 412
963 553 250 258
739 864 154 151
905 888 376 20
765 586 130 201
574 938 433 160
833 729 212 488
961 569 143 227
590 575 204 298
668 842 204 424
715 959 211 185
776 999 354 390
799 541 184 303
743 619 178 145
869 835 164 341
755 749 296 271
780 799 194 477
749 817 181 465
966 831 85 400
787 601 116 96
710 677 339 127
833 782 252 151
944 704 394 70
912 617 196 425
500 920 458 161
992 545 190 209
913 614 10 152
721 711 103 108
616 711 403 408
747 928 295 66
593 528 448 111
576 802 202 36
535 921 143 6
894 924 125 316
986 563 433 76
615 727 211 78
630 516 181 115
956 933 301 42
788 917 37 195
945 645 165 400
624 883 61 137
871 607 5 297
723 996 44 388
666 782 89 461
735 740 148 72
986 660 405 317
865 767 150 261
647 898 289 254
930 801 22 329
511 993 102 474
941 811 303 245
587 686 144 370
564 531 244 252
502 711 273 428
673 893 162 492
587 848 51 255
839 805 97 196
628 803 84 145
870 548 481 17
782 755 290 51
592 956 311 290
830 857 75 5
599 949 66 58
819 637 169 499
855 724 287 160
971 523 213 149
588 990 19 265
910 847 200 332
803 824 75 85
914 870 421 75
890 758 418 216
754 616 205 351
542 562 412 51
596 541 379 250
852 689 331 83
865 585 477 430
895 524 414 164
705 859 420 312
952 554 428 4
612 1000 375 433
515 585 395 42
830 611 156 19
963 747 421 388
782 832 106 106
533 700 460 109
918 896 156 410
920 566 493 114
954 515 167 53
550 810 298 376
634 674 204 463
702 571 478 227
651 532 202 250
742 767 487 278
790 586 237 497
612 529 310 479
814 798 335 324
554 503 301 439
656 918 363 81
752 675 363 257
761 901 114 304
912 753 220 412
930 792 76 483
670 968 101 12
549 542 411 124
798 963 247 342
688 697 336 431
832 954 489 142
907 987 209 329
753 820 268 101
899 552 165 138
516 503 22 49
587 897 404 304
996 751 98 445
999 530 57 201
986 717 368 347
864 674 339 90
781 723 267 194
953 873 24 70
552 959 486 191
918 683 352 68
995 931 187 74
623 870 467 103
615 684 214 33
807 732 205 421
907 934 93 33
801 551 262 390
600 927 73 487
572 509 298 81
526 808 260 476
630 559 379 131
638 625 236 160
990 786 194 393
838 765 93 194
729 925 117 11
974 690 252 377
798 908 303 310
631 862 336 418
998 993 54 396
847 810 408 13
669 636 236 371
873 780 164 402
899 861 315 211
883 625 290 291
988 735 130 281
677 830 477 396
844 688 463 71
775 738 440 497
643 849 171 333
511 572 1 478
864 691 314 406
856 776 7 277
742 806 284 314
618 657 409 270
595 627 187 499
525 791 298 141
633 853 176 363
693 642 422 44
705 779 11 171
875 735 262 464
785 794 441 437
675 926 426 252
619 696 44 367
877 997 288 427
813 969 145 299
683 903 115 366
876 906 211 325
864 526 242 204
531 636 394 299
595 560 233 499
864 575 211 10
550 678 408 39
954 737 259 234
1000 928 428 194
858 721 193 57
692 575 157 242
741 525 156 421
992 511 499 170
660 913 272 276
864 535 62 429
531 764 386 237
722 579 351 279
665 959 153 360
886 903 401 357
741 954 49 103
833 679 417 290
756 934 226 490
933 617 113 420
863 799 484 198
857 728 350 378
506 579 396 174
772 523 446 388
777 626 44 83
701 665 269 452
681 834 202 308
588 927 40 394
749 990 334 391
568 641 136 112
890 950 312 76
605 988 15 397
525 684 300 415
733 915 297 159
819 625 281 303
889 818 170 82
855 642 211 370
600 976 32 176
525 992 244 174
832 853 303 212
898 870 424 374
825 680 264 95
861 910 362 359
781 558 286 54
951 731 66 141
938 869 16 23
863 718 142 13
984 633 276 60
882 952 337 223
505 755 475 305
957 908 470 155
847 873 126 304
927 868 360 397
929 769 124 291
520 515 310 488
961 705 412 254
571 954 496 287
723 563 491 445
585 910 1 391
851 785 354 399
580 679 259 238
952 517 48 131
541 500 222 374
607 572 270 325
748 724 157 57
537 866 92 55
686 851 384 210
695 714 192 375
905 714 307 493
548 623 200 108
793 707 226 36
586 602 466 382
583 954 155 79
735 647 84 120
524 613 211 96
514 550 73 362
925 687 106 4
681 677 326 410
516 599 28 94
687 988 432 170
745 842 275 115
667 787 347 127
929 939 348 397
673 857 242 87
878 773 440 178
679 891 402 344
612 924 223 58
603 600 234 181
813 900 118 321
697 572 32 384
554 879 482 169
834 938 184 285
669 571 337 136
840 841 280 163
597 618 302 123
991 789 221 463
713 643 76 298
776 923 479 183
992 501 462 76
846 563 279 351
989 966 254 35
816 856 474 448
711 586 146 206
639 523 443 213
501 764 66 325
904 659 269 282
862 922 443 122
959 892 363 352
845 624 305 367
923 676 465 393
631 996 369 411
641 649 194 106
575 662 374 376
782 994 476 362
660 898 323 479
600 612 274 175
602 644 489 59
542 799 498 13
731 842 119 307
963 770 496 453
714 550 365 334
960 959 253 65
869 938 499 221
657 567 121 396
878 650 218 297
870 752 275 95
707 928 160 497
944 664 470 422
880 565 145 349
712 743 430 80
922 734 118 218
687 911 243 205
734 818 312 498
871 665 140 222
630 898 73 29
693 865 399 51
667 730 339 132
732 995 76 180
681 714 316 477
558 745 367 283
954 724 42 94
801 516 198 381
614 711 129 226
885 582 85 427
651 979 98 313
643 695 86 291
764 677 386 262
1000 523 35 220
624 874 268 58
624 739 475 59
760 725 443 240
714 795 366 102
933 549 379 136
683 701 287 414
814 609 347 151
652 678 280 421
731 658 178 71
698 858 138 202
802 512 454 277
990 589 438 263
527 728 142 260
921 983 220 172
971 900 216 378
670 940 466 180
647 796 41 272
554 976 391 53
908 524 335 364
605 958 330 238
960 657 251 176
867 602 118 465
755 589 98 388
555 925 47 61
566 682 240 376
705 766 406 194
702 617 56 145
712 908 285 227
689 538 167 384
910 621 356 236
575 850 11 326
512 739 461 329
952 684 355 367
788 845 297 176
560 742 401 35
700 790 273 158
552 763 83 457
739 886 240 233
789 764 72 374
587 989 299 139
867 529 207 154
692 814 242 259
742 670 432 429
965 992 489 181
734 783 88 94
744 611 394 36
855 967 466 454
695 736 315 215
594 871 207 282
655 613 415 45
813 676 312 285
537 832 318 483
882 628 175 317
673 728 471 202
959 860 48 331
736 904 467 442
883 570 397 459
809 897 477 187
502 922 294 426
802 991 85 208
547 600 167 347
720 917 499 385
608 678 136 360
801 949 58 154
563 577 146 38
542 743 370 132
610 571 14 25
672 681 195 193
764 918 236 23
913 851 371 316
528 525 184 53
965 727 42 95
571 647 372 180
710 780 175 5
941 820 167 168
598 800 203 234
810 865 373 84
685 572 17 485
924 906 320 439
587 708 108 411
904 845 403 289
573 578 127 67
799 605 10 494
959 842 127 419
661 591 395 194
590 863 95 66
931 635 2 290
528 555 119 391
1000 815 493 46
524 794 495 384
810 741 259 254
835 708 43 486
746 631 55 169
992 877 345 495
501 937 351 314
563 799 299 26
552 612 395 110
985 798 448 381
892 842 492 287
854 511 14 245
539 928 234 259
793 982 382 250
818 904 488 385
835 622 16 99
869 670 429 238
886 792 41 346
634 596 164 487
526 725 428 493
665 816 13 363
906 532 395 317
571 749 378 137
982 620 92 227
881 925 281 358
596 602 39 147
999 795 245 57
546 754 89 116
934 885 10 28
639 785 360 113
879 717 73 37
560 581 487 370
789 896 33 258
580 728 157 67
909 876 403 357
559 984 271 389
937 863 461 391
797 798 254 236
657 656 139 211
902 1000 228 70
675 648 339 109
845 851 403 261
885 876 30 303
704 912 88 488
927 859 102 148
516 693 452 461
935 774 425 202
899 512 102 150
655 756 340 90
743 751 453 90
689 835 437 81
701 576 377 287
548 606 105 118
679 791 290 1
681 966 339 210
827 761 242 227
723 618 355 419
974 535 316 375
801 968 82 347
574 781 448 223
563 686 442 43
624 979 40 423
707 822 107 176
833 874 110 98
700 822 82 455
695 875 486 206
898 616 243 164
847 940 279 243
615 908 6 187
535 782 219 250
581 880 145 186
775 872 21 92
692 837 171 49
567 619 234 465
913 569 369 417
800 949 235 476
755 661 360 279
739 807 146 412
800 579 296 260
764 576 53 347
543 563 82 430
874 604 285 218
904 703 36 324
975 675 421 408
866 791 166 362
645 846 426 43
741 645 394 215
806 735 401 372
945 695 355 307
819 809 435 187
649 621 299 33
519 550 383 114
631 593 5 374
581 566 283 166
988 904 243 442
873 827 19 448
536 634 211 462
740 863 248 441
888 524 42 93
614 770 346 106
842 783 203 235
833 883 208 207
598 690 188 42
941 856 499 182
809 829 205 176
613 768 135 184
715 714 183 393
963 854 78 413
663 615 361 343
999 654 310 253
863 659 498 408
888 562 168 138
978 726 280 301
658 737 1 281
712 677 224 390
570 542 489 487
864 794 82 365
538 801 228 88
865 794 50 161
701 769 337 5
692 553 319 39
863 968 452 342
669 686 145 343
736 605 375 432
760 617 459 345
658 907 107 240
637 961 345 22
647 694 35 58
778 657 86 321
527 965 247 391
946 761 398 362
950 896 458 207
767 804 168 399
698 527 213 336
856 743 288 336
864 889 5 304
790 925 141 338
852 659 449 395
580 735 291 213
540 842 269 117
938 618 76 331
588 692 319 351
842 504 453 311
568 599 327 258
685 523 404 162
604 979 238 349
968 518 90 391
824 811 488 208
539 769 414 372
696 920 163 82
517 553 97 70
524 971 249 20
972 750 30 168
524 724 294 295
752 918 392 416
878 936 62 180
691 637 481 484
936 761 345 399
666 645 88 56
523 868 431 218
857 578 185 401
854 676 342 127
508 546 70 108
884 979 258 333
613 521 78 350
899 512 337 300
993 656 309 147
682 883 491 359
618 865 304 251
875 855 45 234
622 510 161 370
628 655 345 292
749 508 355 236
760 714 23 165
798 641 111 381
539 860 486 157
802 635 375 394
628 903 377 167
943 891 162 491
518 539 5 126
814 978 484 285
516 568 181 75
617 552 466 260
635 941 18 106
720 511 272 155
645 818 75 65
861 965 256 281
988 925 120 91
728 902 282 9
540 523 171 155
944 815 303 475
908 738 121 215
644 971 399 167
912 626 48 339
863 668 389 242
907 752 373 435
580 916 7 232
894 914 239 301
839 520 125 226
804 751 353 93
752 502 323 174
764 884 162 33
606 716 276 51
940 973 307 254
568 779 142 264
861 643 169 284
617 598 151 261
751 704 31 194
824 888 212 247
717 825 245 117
798 708 258 460
829 813 455 179
671 635 105 370
741 556 302 343
643 566 82 342
592 768 184 65
548 775 368 335
690 776 130 486
911 958 175 346
647 913 468 250
721 831 358 266
639 706 458 413
994 766 382 470
867 601 342 189
802 755 170 107
778 503 443 281
844 836 353 275
728 922 470 99
961 515 432 351
921 502 439 92
786 951 458 113
986 668 290 210
840 906 289 15
665 636 389 256
691 859 139 257
867 551 215 162
547 801 77 481
933 545 118 444
543 831 348 37
972 792 494 196
873 894 329 314
700 942 241 144
617 864 78 270
588 865 491 309
876 547 138 190
610 816 115 182
716 689 207 82
705 605 443 170
546 951 60 290
512 745 97 418
771 537 306 252
575 518 148 454
964 882 264 13
578 673 139 9
745 838 20 366
948 835 99 399
969 833 42 6
638 964 243 268
812 598 331 181
889 748 75 132
977 867 267 220
950 909 252 274
724 880 338 177
795 607 37 206
872 962 144 141
800 985 486 85
828 944 328 411
591 671 43 333
758 793 93 177
878 924 68 169
556 906 317 214
687 649 389 173
962 600 218 4
734 675 223 148
672 913 172 79
859 598 34 401
758 953 320 182
684 874 44 113
591 594 124 386
528 918 350 201
714 619 444 205
637 631 98 360
926 503 419 409
641 765 54 464
502 914 435 56
782 606 399 472
856 798 481 75
911 629 132 379
794 988 400 67
562 503 473 441
599 685 338 495
756 830 309 14
973 732 382 286
795 553 459 410
579 830 367 319
828 720 361 190
663 986 101 384
656 571 7 444
612 575 68 74
894 919 202 263
936 500 190 183
932 613 165 82
846 936 17 122
634 934 438 45
689 919 7 208
842 999 279 377
959 960 35 372
625 944 86 375
552 880 161 316
840 973 401 70
841 960 431 33
762 838 348 133
513 979 405 138
863 725 28 481
510 746 180 169
617 727 210 352
692 926 415 147
942 545 418 142
774 861 105 481
568 801 102 355
722 663 1 299
754 757 118 26
983 631 161 211
841 567 215 325
820 884 45 106
733 929 76 29
776 845 227 374
611 594 113 499
820 838 332 413
769 941 321 365
694 832 265 442
590 538 342 214
538 955 479 492
846 863 495 73
532 636 182 1
889 696 228 137
973 737 327 271
969 900 275 263
880 691 452 489
710 689 91 57
867 642 106 240
791 843 208 444
832 717 401 376
985 848 346 4
645 511 161 27
557 724 345 369
822 722 58 290
750 649 130 227
960 623 372 120
894 583 238 142
545 577 483 322
511 985 14 156
739 976 439 483
601 855 281 326
755 503 396 199
992 892 191 317
570 552 315 241
545 617 21 257
831 947 389 371
571 708 19 198
516 880 345 110
944 949 312 397
968 942 299 226
667 650 83 32
627 808 280 368
700 992 286 19
920 699 447 225
863 863 215 135
955 942 72 11
770 949 436 29
763 569 137 279
826 919 388 162
690 608 248 85
685 675 471 131
724 980 464 495
566 552 31 252
784 836 186 55
930 892 351 456
767 552 147 102
899 575 219 240
597 807 325 105
724 779 468 6
739 588 208 240
595 822 346 361
689 649 404 213
689 659 448 310
660 902 484 357
899 648 27 48
589 946 219 318
609 662 4 440
860 961 9 394
693 988 111 391
897 644 154 385
899 580 84 90
671 869 447 308
823 719 386 65
637 860 114 390
513 962 482 392
611 974 482 195
937 797 205 288
744 996 498 423
657 810 314 421
674 830 13 224
722 744 264 360
509 790 264 390
797 786 134 423
617 513 242 166
747 620 91 428
611 945 307 482
963 502 350 186
813 665 202 294
696 790 67 271
821 617 489 53
572 544 63 189
929 747 114 466
572 817 65 140
743 674 209 111
633 787 402 419
728 522 486 151
518 927 267 94
691 862 185 496
632 789 264 394
960 601 235 229
765 544 282 461
813 656 14 472
708 606 119 23
508 940 484 14
859 990 211 117
687 543 472 295
750 649 278 61
839 639 347 104
601 877 280 38
689 849 178 307
647 958 434 321
828 800 259 89
722 839 74 168
661 794 401 371
854 999 116 3
897 635 285 455
704 914 108 318
521 754 13 387
991 696 321 314
922 712 249 33
653 730 118 372
643 719 176 1
978 645 34 86
619 509 184 310
848 837 349 418
507 849 462 378
915 956 16 279
534 873 141 176
683 533 54 4
672 555 111 39
533 569 7 158
724 699 4 372
671 941 381 18
513 981 170 57
538 814 303 473
582 593 42 416
619 798 295 286
703 891 488 349
616 682 89 431
976 814 165 361
865 847 102 313
818 842 455 412
722 688 107 253
792 695 400 3
770 862 203 14
568 940 237 192
836 772 47 409
964 911 205 59
859 544 278 217
963 552 333 301
885 738 464 235
950 963 268 59
695 779 18 109
706 719 171 217
583 579 493 250
919 607 470 460
578 832 94 305
764 627 92 285
819 938 440 140
767 745 451 486
537 637 122 268
798 912 308 56
968 670 308 242
618 632 265 223
739 977 207 497
866 750 30 234
509 610 311 70
932 651 161 10
504 536 266 269
879 711 58 96
771 556 484 374
559 632 396 463
588 790 222 90
837 832 298 422
616 683 473 268
711 824 493 457
948 511 191 47
931 604 97 208
930 722 391 433
982 795 402 353
764 649 15 367
596 789 398 307
798 881 278 410
676 878 177 95
673 914 245 266
815 876 416 134
561 606 435 88
679 853 440 450
597 930 256 393
785 573 146 104
523 622 352 425
923 700 335 377
738 592 74 449
859 934 372 460
540 544 30 61
848 979 404 452
620 977 243 88
502 732 74 13
605 867 426 201
823 901 421 377
617 564 129 364
910 683 85 183
636 980 336 495
600 637 178 264
665 560 197 212
957 820 7 456
684 656 85 142
872 910 399 146
812 513 128 137
655 676 186 456
588 946 350 398
938 752 34 361
541 880 177 293
583 876 369 291
599 548 155 369
707 966 137 49
913 878 3 282
808 816 438 204
531 618 253 322
724 889 268 347
774 726 79 438
895 696 163 198
782 890 238 123
896 827 95 233
590 819 310 64
526 641 36 21
903 540 418 302
564 630 417 323
704 610 171 232
699 888 351 169
876 989 454 59
684 575 205 98
893 677 425 74
595 703 3 490
891 982 357 279
688 674 17 298
511 662 376 46
931 682 199 353
537 697 380 4
990 833 422 225
933 607 42 67
922 541 463 116
535 843 146 436
765 918 254 5
996 725 182 461
880 887 185 229
553 709 37 294
615 975 474 324
866 545 20 468
562 576 469 134
786 815 220 463
863 810 432 138
503 905 274 70
554 634 452 276
694 876 201 186
781 504 185 32
785 520 36 173
817 864 298 488
948 665 183 106
976 592 159 176
634 895 65 405
978 779 493 188
683 505 408 117
998 897 375 491
853 720 256 367
738 845 470 400
954 615 330 86
545 795 380 410
629 637 16 245
697 689 436 277
641 987 145 177
784 972 218 359
795 906 367 169
947 519 260 53
586 993 315 95
548 605 420 119
540 996 73 376
975 751 363 105
918 598 413 310
723 800 125 8
808 886 388 139
922 745 133 178
643 728 489 106
951 903 35 196
601 968 493 385
722 603 362 406
658 981 423 65
931 784 484 251
722 598 85 249
890 547 44 458
670 746 118 94
794 813 162 437
845 617 14 125
550 872 298 119
709 948 369 31
911 917 347 403
559 740 432 113
951 719 270 186
839 665 378 242
966 815 197 180
989 585 103 85
617 649 39 311
616 825 94 49
525 620 413 392
986 776 305 377
980 577 70 466
885 690 118 486
922 859 110 187
808 699 40 427
842 873 379 383
717 535 133 127
784 875 377 203
716 585 202 326
899 766 198 464
988 753 485 402
925 907 218 157
876 791 253 120
990 903 170 156
746 966 27 316
703 776 296 480
658 661 490 334
674 842 330 444
759 947 116 388
552 506 482 486
706 802 298 33
984 968 228 222
719 757 91 401
656 576 124 171
599 857 200 69
698 992 411 489
786 687 330 47
834 811 171 367
589 918 303 294
979 534 168 444
975 775 3 28
731 788 112 166
879 653 71 247
621 656 343 145
859 819 119 187
830 510 189 87
732 991 133 299
727 547 29 483
904 816 394 380
836 879 81 247
785 772 179 402
956 736 90 194
740 871 232 467
740 868 288 122
979 790 449 38
724 970 205 468
804 655 86 311
924 914 242 418
837 656 191 340
725 957 283 85
917 728 255 312
962 883 54 371
887 606 206 28
950 520 307 326
841 677 474 467
803 528 15 10
639 795 173 10
752 723 58 150
854 723 444 496
666 910 428 436
950 997 136 313
822 659 479 223
690 846 37 232
586 644 7 355
651 784 300 288
746 996 250 130
945 873 118 457
848 502 392 361
799 890 429 227
807 754 418 112
730 675 282 288
889 748 249 245
988 912 326 216
512 830 416 429
960 1000 269 24
937 662 433 264
971 881 159 74
500 555 260 486
945 535 318 201
569 892 87 294
927 838 207 445
550 772 214 368
657 958 301 91
910 506 432 277
959 771 363 419
768 582 133 185
629 572 42 474
692 644 1 4
890 844 383 477
503 837 331 127
594 969 47 328
677 883 145 326
961 1000 123 94
983 549 374 278
972 749 129 172
621 582 18 47
962 624 119 108
838 856 205 97
856 955 469 186
912 911 83 105
651 950 138 237
755 724 79 193
937 866 149 26
925 905 167 14
562 513 395 121
971 843 261 355
857 815 181 305
692 978 479 69
602 870 308 83
924 552 197 239
666 972 15 373
536 645 203 352
974 877 442 306
817 596 238 363
698 725 468 296
612 949 46 143
979 572 184 304
543 899 179 187
712 985 480 441
511 652 482 413
762 772 481 154
547 920 396 427
664 606 419 138
695 976 479 16
901 941 38 142
600 615 252 41
508 626 486 258
757 565 38 138
588 952 202 411
698 521 123 70
931 903 363 61
538 656 128 303
787 921 375 405
567 603 136 302
777 551 37 263
909 835 218 96
640 595 283 187
851 616 79 165
766 965 419 459
949 681 437 51
991 999 123 135
581 980 50 27
561 906 327 170
799 816 232 295
936 983 343 319
705 603 334 277
739 527 494 366
685 578 111 51
511 876 261 414
566 865 311 435
514 623 57 214
906 987 464 130
695 564 355 312
651 974 195 182
937 857 251 59
746 830 129 84
689 631 446 139
680 822 326 442
757 605 409 375
528 955 136 270
873 540 331 123
585 618 300 472
997 936 79 280
698 605 100 269
761 930 220 141
547 607 56 359
787 741 358 487
590 971 207 35
789 845 265 420
654 942 492 237
507 902 142 372
975 946 15 283
704 936 74 210
848 966 377 89
622 684 43 220
942 986 484 385
896 852 443 384
689 915 324 384
916 652 299 55
586 753 433 404
919 836 369 301
946 505 214 233
672 532 359 134
941 654 426 327
509 625 458 365
848 869 169 128
526 813 423 450
900 592 360 185
532 917 171 335
734 710 299 12
724 899 226 125
951 660 234 195
619 574 462 45
815 838 280 485
936 824 428 46
528 756 59 448
980 864 56 4
867 965 180 156
573 824 97 486
568 845 8 297
573 832 18 88
918 620 205 402
756 574 398 432
748 698 386 346
761 839 210 155
675 767 44 331
880 671 482 156
951 843 356 138
669 652 259 237
827 685 222 102
830 781 278 289
776 854 380 186
964 633 478 105
559 501 45 15
503 666 415 28
1000 861 166 461
957 984 386 132
965 551 210 404
624 990 480 26
733 843 162 19
876 865 168 333
681 763 468 300
791 693 210 479
552 722 123 358
971 767 233 268
924 515 400 41
776 941 125 223
880 967 142 458
570 808 51 114
972 956 339 25
637 581 440 463
857 950 11 460
788 782 473 388
675 923 242 366
658 944 445 96
868 963 106 125
627 525 2 56
967 620 157 150
564 929 229 223
846 563 119 116
569 536 138 176
655 807 44 169
514 889 234 433
704 889 293 6
844 782 408 415
798 667 375 255
646 749 375 383
973 775 45 233
619 607 250 415
783 576 77 422
672 865 56 108
796 951 105 433
644 863 383 100
780 675 413 50
554 841 242 252
956 726 403 300
509 941 180 129
718 566 248 72
809 546 31 163
597 681 330 131
606 832 361 92
675 887 203 121
625 682 184 497
948 786 376 35
614 728 381 118
709 620 332 29
675 919 398 383
674 862 117 291
866 847 126 310
861 920 166 207
721 913 192 220
779 595 11 68
950 606 220 169
510 593 146 243
868 742 412 188
848 527 12 35
618 607 211 383
577 790 441 28
779 759 314 56
855 818 339 1
864 804 80 75
720 714 198 479
790 710 384 6
683 501 279 426
794 870 367 181
630 549 24 352
739 902 327 17
974 651 337 462
650 730 360 236
676 992 86 271
607 533 438 257
751 862 296 46
839 709 48 321
709 667 378 81
550 589 187 356
961 740 104 263
674 560 249 407
887 813 211 387
894 733 376 439
958 966 460 123
892 864 127 497
860 995 5 16
846 849 276 141
635 576 26 26
857 876 97 446
856 614 366 206
561 865 193 45
665 542 454 169
704 870 406 368
679 936 59 210
618 922 456 427
610 684 317 42
791 721 89 122
904 785 391 18
717 528 69 381
519 591 236 14
1000 722 453 146
807 840 220 113
562 788 165 405
708 868 79 284
615 523 15 100
580 758 105 389
784 791 21 449
559 610 279 238
537 681 469 489
503 924 304 378
839 977 41 171
856 832 403 237
759 718 88 244
707 924 131 447
638 629 170 9
704 981 435 407
569 551 78 158
972 691 320 485
864 832 38 468
790 616 191 323
788 976 263 233
782 653 475 386
507 865 135 360
673 680 231 299
886 980 144 187
770 529 91 464
562 970 95 194
942 754 417 307
674 579 53 475
550 738 61 58
742 878 490 363
553 800 118 478
549 744 499 115
536 896 129 479
696 741 397 489
637 610 284 292
571 607 447 66
803 751 62 264
806 511 353 332
981 623 121 246
742 925 110 51
770 541 477 386
777 600 84 200
702 664 495 329
854 832 271 405
510 793 434 290
547 995 32 296
659 949 374 361
775 757 15 142
968 810 148 135
629 694 82 224
982 601 453 263
944 769 90 238
649 853 394 360
647 573 281 123
507 657 84 364
972 785 157 243
614 809 157 41
982 761 46 135
594 898 207 88
839 785 187 345
880 851 456 489
921 896 272 441
652 742 198 468
655 755 459 21
500 521 25 138
674 750 265 54
674 597 329 90
938 589 350 113
734 556 286 348
986 879 374 175
614 571 164 296
570 688 108 173
821 613 175 89
615 648 429 159
776 727 387 6
938 763 98 262
671 646 85 430
751 880 472 384
938 855 335 145
897 831 109 112
531 983 461 50
663 689 241 413
801 589 477 11
869 789 449 290
711 745 118 379
979 867 205 183
925 894 141 50
975 638 426 482
992 988 14 213
584 600 93 409
511 661 430 298
729 823 489 105
913 623 9 14
778 677 177 58
811 873 23 428
807 575 300 60
688 774 193 84
693 540 487 221
684 817 443 150
809 830 96 498
877 877 445 3
777 605 98 148
940 525 421 277
861 861 169 189
773 777 300 375
893 955 400 312
865 601 490 315
652 756 53 277
588 597 360 437
954 720 232 407
738 948 212 405
941 722 95 436
751 775 332 130
942 678 132 98
778 832 230 493
582 828 134 195
551 928 458 486
586 773 101 144
672 766 39 157
751 653 381 108
557 876 293 395
947 953 75 224
726 635 128 129
583 565 50 126
855 621 282 422
921 709 91 106
792 691 299 483
589 923 364 92
537 989 238 173
664 774 109 334
960 689 129 14
590 768 474 70
788 944 228 486
554 670 386 33
576 934 105 6
670 763 64 171
887 897 490 404
566 570 354 496
562 557 348 414
659 667 471 379
686 514 209 91
834 722 38 330
808 927 168 138
810 996 311 249
524 907 461 169
544 647 161 200
648 935 199 167
887 786 253 270
552 623 198 27
573 887 94 267
804 816 248 474
865 702 431 233
543 880 120 107
946 702 479 255
631 602 141 277
981 697 493 135
697 773 202 61
511 833 277 431
869 887 76 29
802 884 496 176
536 929 54 492
500 844 269 367
764 781 191 332
713 709 51 218
603 721 105 407
880 748 289 42
985 566 342 68
833 524 283 24
545 987 290 133
751 659 491 133
947 838 190 274
545 933 436 300
847 502 428 170
736 868 2 135
501 667 492 97
629 628 491 270
714 553 494 174
863 992 441 309
618 755 84 360
761 511 378 224
628 673 212 309
750 674 252 103
757 927 376 341
966 511 329 1
774 540 329 15
734 983 108 159
639 500 173 272
594 656 257 201
556 900 310 120
669 998 250 498
815 648 482 454
904 813 459 144
786 921 197 411
583 934 357 316
598 984 401 399
962 747 375 396
780 709 110 358
794 951 24 322
572 669 193 366
674 776 491 111
850 609 247 41
574 576 67 172
540 774 460 338
641 759 179 87
701 994 8 306
777 682 11 453
662 927 329 109
990 540 147 231
827 643 381 364
545 726 116 45
549 951 358 409
784 766 347 250
903 836 102 175
562 714 292 266
941 768 419 344
894 915 21 165
697 625 51 408
642 831 262 267
983 615 80 489
548 837 29 219
654 974 203 327
564 955 140 323
565 515 406 192
977 889 382 388
815 723 197 323
741 693 322 82
672 647 112 121
791 622 130 209
889 939 314 317
700 747 191 93
689 971 128 376
556 590 414 257
509 954 223 173
914 839 179 113
927 605 380 307
936 509 395 64
723 762 363 412
708 901 235 154
873 580 381 469
512 683 123 418
814 690 353 402
743 747 370 229
761 902 123 265
608 965 81 429
993 921 376 82
983 601 338 273
650 893 247 423
993 567 109 42
839 948 235 455
718 661 390 485
863 537 267 96
734 832 98 64
777 996 249 433
971 547 473 202
568 518 426 163
978 789 272 436
852 541 129 424
711 590 156 307
542 852 50 242
870 806 188 137
950 771 466 16
573 800 296 36
552 654 30 475
913 922 149 275
757 776 177 250
511 877 417 291
678 776 373 464
709 823 354 145
549 867 442 393
691 725 363 279
646 904 401 410
502 851 299 108
941 622 81 149
810 514 442 116
939 582 334 64
806 638 41 66
561 987 12 397
952 679 363 209
605 969 188 219
799 768 19 152
791 756 434 207
878 885 314 268
551 801 94 432
977 931 268 380
556 889 32 260
771 510 449 309
983 900 397 239
552 722 455 354
657 851 450 325
802 897 130 348
670 755 298 425
585 945 282 493
979 720 450 202
812 974 194 437
654 704 78 310
694 592 57 447
662 614 60 413
967 967 127 439
972 800 460 329
821 594 194 36
947 617 27 122
875 721 91 174
538 647 39 307
561 707 196 4
964 938 117 406
613 914 422 362
606 674 231 35
875 584 214 109
871 850 101 446
863 708 148 447
646 859 19 288
813 762 103 157
991 684 76 244
717 849 391 15
734 992 442 194
655 581 88 389
892 794 181 386
539 780 90 8
707 622 268 136
873 541 111 127
780 894 208 149
629 653 157 273
840 692 290 24
630 664 201 53
566 918 173 188
815 943 161 53
900 740 239 434
735 609 298 398
593 738 479 43
888 835 264 203
845 756 319 478
974 807 379 145
979 746 316 292
862 798 405 376
866 694 355 460
881 786 347 471
926 870 494 218
789 634 437 270
667 560 453 102
943 508 313 16
835 801 352 279
569 843 385 284
842 832 420 93
627 548 491 61
686 554 96 360
899 921 33 28
684 644 74 247
994 684 128 412
522 571 270 384
597 766 324 340
897 977 411 240
839 728 44 273
785 672 299 409
686 874 79 140
612 707 25 303
832 942 472 148
756 897 149 18
860 791 275 314
773 553 479 116
626 808 278 284
1000 861 333 215
995 747 22 181
629 824 488 337
690 635 457 45
531 881 13 376
734 651 85 169
638 921 385 243
743 793 65 103
665 569 387 374
726 913 33 492
937 831 147 69
760 967 235 163
937 767 429 42
786 529 429 185
633 803 385 334
917 645 458 257
623 871 59 376
951 597 219 410
958 718 29 202
890 557 450 52
884 928 229 488
732 525 64 242
840 507 406 160
731 714 417 35
757 758 382 135
876 719 236 217
603 872 309 334
848 868 189 30
904 610 258 320
641 722 228 27
688 637 476 456
994 942 415 296
877 575 425 313
582 634 243 234
694 725 104 127
723 700 431 373
724 760 120 377
945 616 27 417
743 690 364 447
749 799 458 68
527 735 147 239
969 924 481 300
663 789 92 391
594 765 380 81
875 615 162 343
811 940 27 326
897 993 29 480
695 874 371 183
897 578 181 345
972 928 63 275
788 650 450 476
770 628 40 157
900 631 383 140
947 887 465 271
540 634 7 435
614 790 112 211
507 791 217 450
913 768 283 173
722 881 477 37
887 650 367 230
521 635 343 125
908 525 203 326
537 993 495 285
907 574 250 265
678 804 123 299
890 559 230 259
939 605 236 36
586 985 493 268
966 743 100 224
955 729 387 35
826 588 183 426
868 621 220 337
549 542 157 246
617 891 199 208
893 616 266 148
697 913 355 257
693 998 146 461
963 809 380 24
878 848 58 306
654 640 91 445
838 786 294 362
799 877 102 415
530 543 367 366
658 917 340 417
784 959 146 340
984 528 382 449
785 957 91 132
969 740 68 247
918 984 86 169
881 552 192 74
952 651 444 408
849 541 193 264
889 633 112 222
649 973 391 438
904 648 6 355
529 657 238 62
835 769 216 147
766 954 318 482
976 927 80 159
558 670 228 187
694 867 277 296
974 815 203 39
559 714 70 178
827 668 315 119
641 788 464 260
831 838 65 329
566 858 25 12
548 806 326 184
922 556 78 468
834 994 123 225
766 777 338 446
619 972 122 275
614 511 480 342
900 816 189 428
686 947 272 161
563 609 88 94
730 611 99 284
944 845 70 450
693 607 490 205
539 571 323 209
1000 879 471 208
978 745 226 134
685 530 184 488
710 888 5 26
881 719 228 210
649 960 44 257
992 974 408 226
692 798 26 19
755 795 3 331
661 970 149 275
856 924 331 329
660 842 112 413
869 646 314 46
919 722 122 238
668 600 15 103
933 840 468 193
832 705 477 261
531 667 440 314
870 750 303 58
618 834 87 103
940 692 237 45
938 1000 97 91
704 679 405 355
946 835 459 439
684 753 75 337
903 801 421 55
625 543 213 443
668 941 246 484
914 641 7 250
525 919 65 87
656 644 58 262
702 995 257 432
764 949 224 16
997 740 258 317
891 507 390 114
843 802 205 213
637 610 309 147
589 864 127 447
799 569 402 185
712 846 2 232
736 643 5 444
587 636 388 113
571 977 12 96
646 935 476 466
899 524 99 298
927 826 354 43
684 509 388 222
705 639 296 355
713 813 117 224
726 549 61 379
529 929 132 380
590 666 333 177
650 636 359 11
860 966 487 318
654 762 223 403
635 869 488 253
818 952 322 17
933 797 233 437
512 842 421 190
608 894 275 351
981 982 327 189
633 776 337 31
624 562 368 334
695 895 83 446
720 853 380 205
521 828 144 498
618 733 200 380
893 638 485 252
761 847 473 102
854 559 279 354
839 595 394 272
816 536 377 424
728 584 117 191
674 695 122 471
553 560 40 202
541 917 111 199
940 851 473 333
791 781 112 164
673 593 138 274
662 971 90 186
806 601 173 40
670 622 10 371
674 644 169 359
623 758 111 419
931 553 373 136
571 866 12 380
549 773 368 296
750 710 40 115
551 904 373 49
951 740 286 149
964 806 23 79
809 596 423 144
978 594 218 311
843 977 384 180
560 823 7 302
690 584 299 360
976 533 389 345
789 632 252 91
523 953 280 351
781 958 464 270
982 909 299 186
624 532 486 37
738 723 31 489
830 633 325 76
802 959 68 375
692 596 117 19
781 698 377 297
532 966 486 285
901 809 138 103
823 673 391 67
884 961 69 401
848 840 238 398
995 820 13 1
638 501 408 176
550 825 380 363
576 896 480 53
699 646 408 338
631 747 274 258
891 701 54 356
582 997 447 370
585 594 363 265
666 525 215 99
698 890 301 247
525 887 6 459
871 920 254 371
521 575 324 261
538 844 281 190
960 962 94 342
825 627 354 13
962 797 1 410
635 538 356 221
710 525 478 174
715 699 331 208
579 572 206 303
570 508 295 387
544 834 479 103
546 569 473 183
729 957 317 320
757 760 155 170
515 636 18 72
748 609 274 172
840 763 105 25
811 583 382 442
973 928 458 346
666 623 444 227
827 593 430 451
654 500 316 498
706 728 369 446
952 888 459 448
599 910 238 106
953 670 463 189
574 874 177 348
987 695 391 114
523 965 353 403
932 946 349 189
729 931 286 252
724 944 281 337
911 838 38 112
525 837 157 208
590 617 365 22
676 643 242 233
931 726 301 445
560 839 7 471
557 757 441 448
565 729 354 275
604 762 411 172
717 553 25 163
775 964 56 210
779 545 414 47
975 968 241 442
833 782 13 445
625 795 5 452
736 518 156 470
521 897 259 187
516 599 467 279
970 501 486 378
997 533 125 290
825 982 67 181
901 951 391 293
847 765 66 440
844 955 266 474
574 668 51 263
729 502 271 288
738 794 72 158
565 551 376 250
571 520 47 271
628 602 388 374
960 682 106 14
839 849 53 235
816 944 291 144
599 989 81 296
792 927 116 311
745 787 72 400
591 740 331 411
693 701 391 244
629 925 154 10
742 649 246 165
985 856 238 272
998 703 291 471
894 671 369 492
774 684 430 40
558 753 174 53
888 784 299 233
900 687 418 416
900 767 121 14
591 805 247 209
937 961 87 484
716 551 60 453
947 954 260 464
510 849 172 11
548 803 148 152
920 925 379 320
740 582 107 217
893 989 101 375
921 683 343 253
859 963 409 169
792 519 261 172
626 620 316 334
883 775 185 270
745 911 493 235
807 780 47 411
616 845 466 116
872 880 304 306
771 874 12 68
720 766 423 160
585 620 307 429
608 804 59 215
897 944 121 462
745 888 444 265
808 972 1 296
644 877 359 335
540 695 176 359
635 907 461 324
504 911 268 193
967 554 185 8
943 726 198 288
749 842 128 306
757 823 55 473
782 737 437 311
643 791 282 474
735 718 4 16
779 920 85 202
762 840 395 486
984 980 171 188
992 701 6 230
955 779 128 363
796 738 127 370
887 937 100 214
543 533 379 259
759 533 375 333
969 572 367 295
528 915 491 52
863 611 332 3
666 655 181 64
857 676 347 382
566 962 95 125
841 830 115 155
718 529 68 182
623 837 499 317
825 658 388 23
614 722 88 357
738 537 312 214
883 722 493 202
714 639 55 284
530 970 178 13
834 956 475 225
712 787 446 96
764 529 136 491
636 631 424 38
861 780 70 72
926 824 427 205
1000 993 81 385
901 522 347 86
913 538 298 244
948 941 456 150
773 535 102 332
504 810 51 243
806 896 361 331
514 695 91 156
864 647 296 80
721 974 60 168
747 646 389 119
567 614 62 113
665 614 105 493
854 605 120 208
902 808 385 201
570 540 1 465
606 790 93 66
507 974 447 497
595 651 416 9
766 900 309 258
812 562 298 417
963 913 461 111
938 817 426 386
531 921 332 130
559 715 441 295
760 918 158 217
692 985 188 498
773 669 63 137
915 654 51 89
562 548 57 391
728 841 228 127
887 949 265 45
907 793 463 192
991 582 387 499
778 894 74 101
859 831 91 280
890 814 132 147
638 538 282 418
742 611 395 8
690 839 185 69
917 672 177 368
852 884 450 151
709 508 116 264
909 747 259 442
598 962 203 233
648 839 266 182
721 585 189 249
820 513 490 3
680 896 448 491
920 665 40 494
962 856 176 497
648 823 62 332
990 580 365 454
999 630 449 499
555 609 9 477
528 583 422 433
551 522 356 314
779 689 100 408
667 971 338 151
936 921 390 6
929 903 307 360
655 878 121 362
875 921 160 196
669 758 473 172
545 508 354 208
881 806 495 42
940 688 120 427
558 687 29 416
914 643 411 426
602 719 167 496
609 954 367 175
961 562 129 428
565 920 477 402
553 614 307 51
534 623 470 365
575 684 127 447
729 571 77 499
939 883 195 230
970 613 86 155
878 567 232 9
750 845 132 400
589 596 304 366
725 771 182 29
642 741 189 462
991 875 308 346
588 989 10 286
762 977 484 4
886 660 483 450
853 924 495 382
737 900 105 285
767 541 406 188
961 852 253 10
783 578 118 163
541 779 439 321
602 506 431 402
839 716 402 437
627 625 441 165
750 965 117 125
995 937 331 109
722 569 384 29
550 714 208 107
589 920 69 316
551 974 143 488
772 608 248 32
509 872 58 402
914 548 75 7
695 517 371 351
857 791 389 54
579 842 84 162
636 837 132 474
807 669 366 386
968 518 477 99
961 694 470 118
745 622 84 463
992 921 349 494
919 872 334 95
762 534 355 423
896 806 459 238
693 832 451 446
599 801 248 420
508 996 429 68
801 508 256 260
704 823 28 384
666 689 125 413
740 807 65 262
788 794 2 387
744 971 488 404
571 828 224 81
578 776 128 139
675 1000 88 304
873 775 453 236
545 713 305 407
634 751 259 481
782 964 36 244
793 812 340 207
911 656 385 360
677 692 260 492
873 859 321 57
751 540 266 57
858 946 253 35
843 876 203 313
746 954 136 188
938 911 121 16
753 917 287 227
712 798 384 212
602 888 393 43
647 921 313 204
767 750 462 53
540 986 255 185
782 855 67 343
906 874 182 102
547 992 342 68
767 882 208 20
942 823 26 86
609 509 490 224
967 927 440 86
801 682 492 32
922 626 117 226
971 649 477 342
979 666 190 89
608 913 244 445
982 889 364 407
975 918 130 44
744 604 350 352
741 731 20 119
761 676 239 418
906 659 237 26
545 557 68 197
767 616 482 11
619 972 161 93
613 741 29 413
520 862 292 162
920 592 332 311
773 517 140 355
960 622 382 223
962 808 221 61
751 693 399 355
710 960 328 27
806 885 177 292
507 512 254 308
993 895 148 400
776 822 72 325
710 617 284 322
505 568 335 105
587 881 412 381
698 825 153 357
699 878 61 377
554 620 479 466
578 602 56 363
645 708 462 358
744 797 407 376
547 946 391 72
900 559 256 45
998 739 304 380
696 766 251 315
976 707 251 246
811 554 481 73
887 640 206 35
842 524 271 210
843 959 430 150
691 839 160 218
783 504 1 255
896 753 49 140
968 735 134 472
708 983 326 169
610 988 172 83
624 825 125 449
503 813 87 262
578 990 275 8
793 512 158 169
691 634 373 476
953 516 326 391
522 754 232 277
739 614 253 174
714 617 385 409
632 523 336 11
729 760 317 400
563 550 318 55
923 645 160 127
601 638 198 187
685 509 257 247
842 649 293 130
711 664 460 298
704 587 410 43
918 741 297 51
533 536 396 209
863 935 492 303
913 802 274 103
531 980 37 55
592 610 429 270
988 760 127 459
698 915 226 384
849 836 106 497
912 967 73 342
878 859 87 397
913 946 394 130
662 784 9 146
915 983 300 291
964 571 439 33
772 762 65 313
781 594 113 293
881 786 430 292
582 520 488 112
794 959 451 134
742 576 458 175
935 646 123 405
507 587 16 409
568 995 85 376
534 618 312 389
584 649 94 479
956 994 407 195
753 557 350 12
864 579 346 64
795 676 469 130
507 678 265 99
599 597 171 184
804 636 12 366
692 552 352 151
700 627 379 265
808 587 155 490
742 725 175 456
689 640 285 488
537 896 274 38
628 971 196 156
975 565 384 174
838 643 150 43
614 650 405 46
954 604 262 138
632 685 127 194
643 994 79 67
678 704 215 326
801 829 40 84
825 682 249 130
729 605 125 97
877 903 358 303
832 593 250 270
599 976 377 420
508 637 133 382
710 517 449 288
935 659 349 236
967 626 21 154
999 565 362 457
725 540 296 138
579 846 185 161
882 700 219 19
860 512 16 276
871 622 288 417
517 887 195 97
808 568 330 93
606 745 496 315
637 900 42 20
905 648 318 181
906 833 36 172
619 966 478 142
980 883 362 349
960 670 376 122
938 576 11 347
912 906 32 139
528 666 319 255
520 660 23 79
654 783 277 425
693 954 369 135
825 689 63 265
729 976 349 41
986 537 17 25
891 971 406 83
777 703 200 273
726 959 24 293
606 873 3 258
857 870 244 62
864 944 123 18
930 927 290 244
670 915 252 218
862 767 69 94
559 523 439 75
625 627 136 380
947 504 432 69
509 877 195 120
883 871 258 463
777 847 398 427
605 920 270 120
703 616 144 258
529 500 224 318
991 596 54 15
921 620 94 312
881 855 119 16
570 925 7 8
873 718 333 115
771 711 236 262
583 935 316 160
680 988 18 338
868 542 397 73
794 634 125 413
887 609 493 411
549 973 478 426
638 531 164 147
796 728 173 269
519 734 325 425
870 635 472 58
713 889 262 248
598 959 56 280
517 544 479 95
693 921 407 358
523 524 249 9
950 958 375 150
606 555 109 466
987 669 419 319
854 596 204 477
801 639 444 461
779 780 346 284
559 933 81 287
949 919 220 296
669 579 485 121
700 513 10 445
898 955 206 482
583 961 34 405
823 738 448 418
549 721 477 479
664 573 249 3
568 864 228 281
971 829 104 89
516 892 349 120
952 782 278 305
607 548 307 273
995 899 466 437
539 952 387 414
720 598 384 56
807 693 493 459
604 624 412 453
695 893 294 329
843 763 388 422
769 799 50 322
593 581 252 392
580 964 297 265
523 760 233 462
759 819 494 11
683 775 27 497
893 942 230 295
807 696 442 498
592 697 246 386
742 747 208 307
762 993 71 127
693 989 470 201
920 575 396 188
520 918 174 169
656 963 32 38
686 762 129 494
647 866 77 76
617 955 363 406
662 590 299 14
910 515 118 453
849 544 458 387
893 893 126 270
565 541 436 34
511 539 430 34
806 538 276 37
629 675 416 497
986 668 428 467
519 840 199 396
837 694 210 484
518 902 122 368
731 955 70 26
670 953 97 80
677 544 194 183
683 608 336 56
725 851 182 496
941 517 229 139
808 526 418 456
898 740 490 130
668 946 398 250
742 977 51 139
792 608 398 319
591 928 252 314
655 854 170 7
984 565 25 113
885 876 244 108
617 643 446 111
757 832 325 171
813 522 206 308
990 739 337 314
960 544 13 151
704 799 474 89
826 954 38 125
913 557 51 349
875 642 109 294
622 511 48 213
806 972 302 293
838 505 3 481
730 963 464 88
985 564 297 384
842 923 495 294
823 938 230 238
699 722 273 494
744 981 388 261
540 512 181 335
817 661 3 474
897 968 134 316
609 990 457 308
667 876 308 133
918 766 324 251
875 845 208 246
665 745 236 470
995 832 129 159
530 783 370 227
512 818 496 131
519 714 77 308
799 875 97 378
860 726 27 392
789 672 233 455
879 778 357 129
734 830 419 203
574 517 150 401
817 511 236 232
802 533 470 464
673 953 284 16
512 623 362 97
523 877 486 25
770 591 468 30
681 687 438 355
583 539 89 288
876 872 37 441
577 994 293 131
805 925 340 336
798 520 252 243
991 725 391 206
823 670 19 73
579 691 125 91
920 564 230 480
626 909 103 418
714 854 252 67
690 621 39 214
785 714 33 465
559 957 426 442
584 717 32 257
920 500 414 69
542 906 423 87
518 869 254 412
823 922 34 136
747 507 422 172
634 535 432 62
954 606 372 310
585 814 121 271
573 856 392 397
518 595 108 372
699 671 219 60
700 948 465 410
842 788 238 224
754 683 190 57
876 809 316 192
811 839 4 314
590 600 269 449
741 893 127 483
628 925 139 211
578 756 100 37
668 720 369 238
798 622 236 349
686 568 165 394
861 897 463 357
991 893 25 138
933 840 48 363
808 938 427 42
757 624 350 158
857 629 33 289
900 681 38 178
741 916 243 425
647 767 150 360
500 935 288 451
669 625 187 432
839 773 423 213
657 556 104 16
555 834 56 44
995 593 116 257
883 842 394 161
581 798 37 306
835 609 286 245
786 591 272 226
765 641 19 194
576 729 433 243
534 744 51 411
588 696 378 150
978 927 5 67
964 753 447 77
736 572 17 496
657 765 362 53
873 950 42 85
688 721 355 158
978 979 380 351
565 677 42 323
778 812 111 40
780 676 312 168
836 907 203 14
566 775 69 184
576 562 489 264
659 802 101 298
876 515 400 317
850 789 206 472
618 671 380 20
961 766 438 168
787 901 181 438
537 679 304 222
500 569 106 378
866 552 48 68
582 757 382 45
994 866 207 247
931 948 215 327
516 825 51 460
589 580 240 475
568 725 491 452
566 952 432 218
621 975 428 131
767 777 441 400
540 680 152 116
551 992 470 25
545 515 347 272
629 579 174 170
683 702 174 218
602 871 217 99
811 512 172 426
683 582 158 169
570 705 497 73
663 836 41 452
679 726 423 150
919 1000 449 61
690 779 44 427
969 690 45 377
827 748 499 32
741 514 107 357
503 616 176 418
927 685 50 419
968 514 269 465
993 611 456 322
636 936 244 96
935 611 190 344
506 567 3 313
839 918 34 378
790 914 281 137
890 569 210 325
785 767 39 102
863 507 129 97
671 772 310 265
574 629 245 404
803 613 90 346
522 636 325 458
572 518 66 276
818 521 94 348
869 948 341 443
881 780 454 6
990 781 498 32
641 680 333 104
715 615 48 248
833 984 332 21
785 970 282 10
636 556 380 201
841 844 66 194
962 850 420 427
639 879 321 69
841 525 201 349
638 582 145 424
691 675 366 122
507 896 474 231
645 697 305 129
937 516 118 282
676 683 316 339
729 784 260 428
728 891 307 78
957 968 381 420
687 603 156 316
516 705 383 144
706 660 433 55
549 810 140 441
720 691 381 331
702 886 207 184
623 807 271 183
725 544 280 89
803 775 143 359
701 701 96 400
959 605 111 105
669 846 301 323
805 811 322 306
569 532 94 257
568 875 303 170
954 643 81 12
950 956 468 301
511 558 119 148
868 733 191 457
807 947 148 1
715 649 297 200
716 543 269 102
669 623 6 324
954 957 120 10
975 643 483 462
728 686 174 179
868 869 441 482
653 866 89 15
686 695 397 91
831 785 188 262
962 961 221 364
548 979 355 74
730 923 216 172
933 733 138 224
868 642 498 28
515 669 55 227
519 936 184 45
577 514 286 356
790 559 498 300
736 558 24 5
549 876 93 281
920 873 400 126
900 819 198 256
981 859 406 362
591 672 471 298
894 774 348 15
569 687 257 217
879 954 416 488
664 592 236 170
776 600 325 333
961 676 67 410
709 915 437 80
592 599 204 324
562 815 238 187
733 1000 370 86
845 865 47 11
879 570 358 53
879 668 190 248
816 893 33 348
739 992 80 147
704 745 282 447
776 794 85 324
760 989 130 106
504 814 162 68
638 783 498 461
652 899 122 471
748 784 402 308
957 743 222 392
661 720 260 228
568 786 93 135
972 931 373 103
519 673 32 486
584 744 172 3
898 721 487 105
928 899 438 36
654 906 319 482
891 857 174 318
878 799 302 358
929 828 470 166
797 520 433 403
745 939 492 12
806 722 43 60
941 675 81 352
713 896 163 232
778 880 69 125
932 788 399 211
774 777 2 4
773 838 4 407
652 724 24 73
899 527 351 230
585 679 402 266
822 502 30 9
809 650 86 270
841 612 467 138
569 658 359 88
561 993 55 122
790 814 147 235
636 832 82 153
540 514 103 473
837 674 129 396
817 937 31 376
711 741 495 153
552 688 279 100
802 966 127 255
966 703 471 346
544 575 27 412
945 883 399 210
925 932 54 1
888 638 46 136
822 629 32 27
591 507 269 360
814 921 49 484
770 669 21 462
771 604 107 494
842 755 242 230
863 704 373 307
624 905 31 15
720 874 426 295
926 761 320 241
529 543 121 119
537 559 276 244
815 696 163 17
518 946 416 273
854 664 487 425
568 740 173 120
717 916 171 110
735 769 484 98
901 862 141 60
799 924 47 36
874 758 481 187
967 662 61 262
753 597 260 272
988 927 119 433
767 843 326 162
871 559 125 382
583 502 107 84
978 520 64 139
687 679 55 398
797 689 265 106
846 818 50 356
836 558 477 476
611 988 220 168
829 830 382 489
964 701 2 252
688 752 242 440
804 733 341 362
737 776 479 68
521 697 136 329
582 502 447 373
764 836 14 115
751 586 234 76
574 969 372 140
715 720 482 193
881 834 350 272
657 589 225 348
762 755 470 41
700 588 168 45
759 587 443 89
700 620 481 30
904 989 49 243
573 955 480 482
730 653 247 9
837 942 210 305
649 925 373 56
657 902 388 363
842 524 6 318
557 914 257 193
865 885 414 107
963 857 491 490
927 708 6 175
540 851 67 213
605 730 400 229
925 967 149 175
505 562 442 296
588 642 234 71
833 859 490 159
589 939 437 206
658 541 203 112
566 750 153 15
903 903 490 473
648 897 177 244
790 673 306 202
545 813 256 221
935 900 76 473
850 645 425 156
532 673 99 435
949 833 378 344
723 675 109 44
755 815 483 243
