2073
2 561 645 976
295 206 530 547
443 706 828 157
61 528 833 320
14 858 657 832
313 195 916 154
82 73 606 92
391 270 642 171
65 33 891 411
332 91 750 710
475 418 646 962
43 889 507 907
202 745 545 814
211 196 891 72
305 279 775 841
411 382 987 560
75 630 933 54
290 95 937 388
397 577 707 279
376 805 691 230
248 436 564 950
492 779 692 30
206 375 765 310
120 21 961 737
46 517 969 229
159 953 520 435
179 271 874 689
401 778 534 666
54 169 658 711
223 4 538 302
479 971 629 824
38 190 966 411
410 291 683 742
341 403 848 920
144 927 549 303
496 976 911 40
147 228 932 16
260 169 622 875
377 94 980 193
202 80 545 30
275 576 976 743
242 71 587 56
20 328 594 486
474 232 685 169
376 391 949 314
120 718 767 676
78 931 839 840
189 927 626 841
18 863 504 13
104 571 700 504
347 187 945 455
95 237 835 897
115 116 842 244
234 649 654 12
260 448 891 517
407 382 656 351
321 262 815 147
346 97 830 545
479 380 646 314
28 614 1000 392
25 617 844 154
392 593 606 187
424 24 978 827
190 585 512 837
415 696 973 11
108 502 935 840
428 896 725 31
338 753 854 458
260 412 847 218
292 113 763 173
328 239 537 985
274 348 930 424
331 91 512 779
395 287 875 250
97 835 589 253
9 825 897 347
106 135 722 105
78 804 723 646
452 371 637 819
139 762 751 515
358 931 857 669
279 173 629 292
74 444 919 682
464 587 635 550
260 518 827 399
178 892 819 745
243 853 866 88
61 95 674 658
169 9 747 952
407 937 948 452
459 68 505 807
304 445 546 989
415 260 817 836
239 965 984 87
329 890 725 902
278 856 886 580
105 737 775 480
362 430 542 248
111 607 621 771
363 661 985 246
159 481 575 39
133 594 596 65
280 248 739 461
125 890 771 114
265 822 913 280
498 638 651 931
32 172 778 445
278 354 815 905
254 548 566 297
42 430 748 736
51 149 924 264
410 43 751 9
194 699 881 560
154 62 528 403
386 900 994 325
162 102 692 165
246 185 778 35
128 374 980 862
343 529 729 842
16 684 923 315
62 409 748 71
114 835 573 507
444 648 706 870
160 913 951 123
133 452 868 172
472 74 509 908
62 645 527 929
378 813 512 833
349 513 870 272
269 724 925 383
453 313 520 852
293 526 950 129
45 903 516 149
112 772 567 860
268 419 860 331
484 438 854 774
362 528 615 243
34 687 927 962
444 394 634 675
34 476 554 453
298 165 865 479
181 559 1000 905
416 467 568 708
120 69 909 579
98 989 981 608
103 694 827 397
90 61 994 818
239 176 731 955
484 929 629 975
417 56 801 971
34 45 737 952
61 377 747 184
120 99 776 660
373 627 996 751
289 688 983 985
288 641 808 692
17 132 978 193
141 149 870 650
165 419 896 708
131 103 643 962
195 955 964 90
20 967 941 222
84 240 977 576
89 974 611 250
293 804 971 775
348 135 564 65
122 544 547 634
337 64 581 287
93 773 741 524
108 16 732 432
439 585 876 1000
123 278 772 396
393 466 737 449
488 115 723 566
485 666 816 927
132 363 555 796
476 727 661 201
60 664 876 69
18 504 909 708
116 443 730 472
89 624 580 744
146 454 997 471
102 337 934 653
36 73 947 541
40 147 990 631
487 623 677 274
240 68 802 161
181 557 722 161
158 64 582 87
490 251 989 802
359 154 593 609
437 996 702 763
233 106 609 212
11 677 584 372
348 465 917 85
205 286 635 13
286 196 958 53
70 597 679 913
315 789 933 6
57 541 761 493
333 484 769 432
327 648 930 383
495 176 814 426
174 953 571 820
249 162 563 126
484 761 941 534
497 672 784 657
369 181 724 257
96 164 953 744
434 601 796 670
469 248 530 334
84 23 598 909
46 219 721 654
35 335 887 654
37 993 532 397
293 365 775 247
398 349 958 228
404 719 566 656
160 928 784 174
238 688 639 614
295 345 582 802
190 370 583 205
302 873 629 903
174 246 576 430
76 929 828 427
129 817 513 756
166 542 615 22
112 988 584 498
373 61 737 327
347 915 700 674
136 64 970 239
431 522 642 127
187 214 980 638
436 786 598 724
211 853 662 281
168 65 682 541
85 431 858 743
325 561 920 863
289 941 741 85
374 617 803 881
24 388 725 568
153 529 736 806
53 959 640 47
457 313 597 788
277 351 646 370
224 339 681 167
372 203 731 599
96 172 996 299
159 854 594 943
457 355 685 214
448 296 650 124
464 128 901 150
364 917 538 866
433 878 907 131
407 11 603 155
353 708 609 439
81 739 914 639
462 232 686 452
331 540 989 251
445 498 697 568
137 324 976 346
475 586 629 140
24 689 803 458
63 945 762 399
418 273 836 825
287 113 669 310
442 435 823 181
424 63 504 862
260 955 849 332
391 729 607 787
370 879 970 117
208 49 931 751
432 668 933 619
186 698 867 914
314 949 631 574
409 751 926 190
388 994 778 572
461 67 998 749
234 621 594 240
348 355 718 934
441 516 647 732
215 474 792 63
74 857 730 697
368 224 703 946
362 643 578 809
348 371 841 611
36 215 627 497
117 354 508 931
282 139 917 503
359 793 639 913
398 93 554 383
262 681 600 685
462 742 785 680
296 203 673 884
435 432 861 686
196 227 584 668
243 674 645 781
499 5 636 759
319 215 982 572
138 382 958 607
493 305 802 317
127 94 793 770
334 354 801 616
135 884 933 274
186 228 673 557
236 455 564 696
443 353 945 417
407 372 965 494
351 523 560 119
156 115 1000 562
397 875 843 228
289 830 854 591
449 416 912 809
83 76 884 672
234 106 580 79
206 773 981 800
164 534 772 703
60 810 658 360
74 278 578 544
13 909 834 72
456 691 894 213
209 882 706 593
201 619 542 695
108 97 803 141
186 43 727 733
418 122 766 239
92 171 783 142
337 313 987 362
193 378 766 735
411 174 595 928
204 415 934 230
294 269 953 138
380 313 965 419
135 639 807 724
269 579 822 525
100 309 874 693
438 11 700 489
226 938 556 599
135 734 506 414
432 485 863 373
302 71 591 769
121 767 843 528
58 834 800 621
70 336 820 784
238 975 732 932
253 53 924 664
50 707 983 358
31 212 560 429
190 830 694 663
348 615 584 135
388 132 918 835
401 424 562 19
274 770 861 551
469 903 717 863
359 961 910 606
116 619 597 306
269 210 627 343
197 12 576 238
463 419 691 225
454 548 700 639
237 182 876 817
359 941 768 812
263 961 710 547
392 727 538 959
256 662 853 807
342 155 584 638
408 41 572 193
372 241 643 472
404 246 942 282
7 827 642 249
83 823 681 254
319 450 909 751
24 904 689 246
208 762 580 513
7 954 631 762
418 79 823 191
120 96 692 684
41 902 913 566
123 985 685 414
41 711 715 269
133 513 671 563
447 203 568 374
399 116 563 903
303 3 799 697
110 655 616 977
11 605 572 379
368 113 643 129
285 121 853 971
446 303 853 876
212 22 762 297
383 191 549 702
86 433 827 828
167 725 810 340
206 154 771 573
463 820 521 683
276 585 940 924
456 237 526 453
146 958 560 534
170 787 863 450
365 607 621 479
401 144 877 798
46 773 793 934
454 323 800 253
129 537 698 68
227 407 952 170
190 636 553 372
34 213 957 796
330 173 553 264
443 530 944 910
431 843 627 956
137 456 594 858
487 102 795 269
103 754 831 782
247 427 941 52
293 834 629 562
250 73 961 272
443 532 746 541
99 407 839 783
272 408 556 295
274 419 587 181
12 553 731 937
416 516 795 394
285 437 768 902
178 7 691 68
410 430 587 668
482 934 698 389
442 321 700 527
233 669 783 605
27 388 737 761
274 42 628 60
109 869 653 686
6 224 949 879
139 524 567 696
223 604 723 87
478 74 735 320
256 684 852 129
430 554 656 782
163 481 641 740
368 506 860 254
94 949 661 986
280 840 681 944
132 339 986 717
435 961 677 879
108 930 781 864
192 775 559 600
402 118 830 91
164 759 973 591
217 616 979 31
232 832 559 684
395 513 602 517
376 245 575 130
465 218 836 167
314 127 853 552
82 589 867 587
314 518 719 649
9 856 924 238
335 930 763 18
154 982 597 45
393 692 738 844
477 1000 570 593
150 378 643 896
250 832 832 798
358 881 696 626
480 813 541 732
407 885 695 529
181 405 686 103
407 137 776 886
352 758 788 102
31 42 560 422
170 124 845 387
282 177 618 865
256 497 718 995
235 71 820 116
421 168 827 836
413 569 524 695
214 431 943 182
495 104 885 370
82 922 962 407
120 555 806 754
369 144 816 19
459 363 956 359
187 439 889 814
412 916 591 109
150 26 520 629
104 637 865 631
388 343 987 810
39 441 912 27
209 734 754 142
452 843 952 257
99 977 760 171
154 174 622 957
153 206 723 534
136 994 526 194
347 938 902 804
42 888 557 179
481 339 661 201
54 563 552 222
74 75 959 82
83 716 965 588
131 530 644 902
175 37 932 700
238 650 631 940
439 12 712 557
241 726 965 236
323 72 856 23
441 464 792 35
425 61 854 285
261 348 806 384
175 594 730 97
382 879 761 1000
412 233 604 182
151 39 737 510
184 109 601 117
87 809 983 645
296 457 685 326
436 418 937 680
223 200 874 599
324 786 691 887
408 714 637 332
234 933 960 200
416 853 595 800
461 601 740 193
482 788 751 696
283 991 693 600
140 287 923 937
468 997 884 22
238 632 637 912
359 949 890 290
417 985 684 603
20 758 832 311
334 359 953 573
140 437 706 145
115 782 631 492
435 765 685 833
498 489 837 538
31 335 906 267
119 388 685 895
317 957 580 177
59 72 786 554
105 671 902 378
270 60 867 428
350 473 696 45
386 798 754 108
247 607 842 630
161 429 990 364
390 730 764 223
14 536 856 824
192 712 798 680
269 239 812 339
427 512 777 201
47 897 602 53
172 587 567 309
402 658 692 126
121 164 994 301
316 928 655 797
448 810 815 165
207 190 886 667
274 391 974 401
151 701 875 65
249 679 533 562
383 54 695 448
238 276 975 89
175 310 985 426
113 618 1000 90
23 317 981 613
256 89 785 378
254 667 929 178
297 428 687 24
305 646 814 742
280 797 722 591
118 837 598 913
458 339 728 468
441 13 625 477
169 997 680 423
346 793 556 408
298 82 839 996
43 381 777 317
191 301 586 764
74 45 616 83
183 859 739 80
373 985 949 756
312 269 699 931
443 941 726 880
3 566 561 938
42 104 899 896
77 846 932 791
480 459 674 36
473 975 840 844
495 424 698 504
151 717 516 768
164 821 576 396
335 981 842 922
396 483 887 507
371 403 644 937
481 910 900 799
458 336 821 952
476 616 914 973
125 968 510 152
393 660 528 984
451 887 523 207
219 559 523 120
271 529 579 436
176 191 579 258
248 424 514 277
72 534 862 894
240 894 825 388
293 490 764 437
95 379 872 295
292 488 654 998
297 190 849 523
155 286 858 507
349 357 776 536
110 390 986 937
289 679 778 980
195 34 633 162
256 490 785 937
77 184 971 173
24 983 829 719
345 595 528 638
147 852 745 117
472 819 812 38
211 988 580 352
138 477 566 644
302 180 635 287
9 306 852 617
260 788 879 938
107 575 969 412
66 99 959 468
102 65 632 169
408 817 723 466
9 169 616 439
364 792 766 554
324 387 878 399
29 914 940 951
287 800 947 341
285 380 585 561
435 622 756 624
433 97 832 263
241 162 731 60
278 503 652 638
271 440 990 177
339 623 901 236
150 685 603 233
113 294 801 467
161 308 868 249
422 117 742 286
463 872 775 17
356 226 712 131
126 105 690 396
474 878 736 859
148 347 614 380
460 571 704 353
424 325 897 192
300 101 975 575
316 204 770 665
88 465 845 346
272 820 605 503
255 409 890 568
496 916 674 859
223 416 899 105
480 160 569 414
325 454 924 547
217 786 533 814
196 105 755 697
275 155 588 267
32 615 950 680
431 419 572 160
441 359 742 243
433 577 573 455
105 638 511 226
60 633 740 633
67 944 614 916
466 484 740 352
329 474 546 81
250 68 887 314
151 782 659 359
392 298 818 394
9 921 770 732
139 372 850 957
160 130 524 209
461 732 619 55
337 121 518 248
358 687 749 398
1 842 563 154
433 894 512 297
152 845 692 700
5 36 513 680
136 761 709 601
476 907 730 949
451 273 646 402
331 653 576 588
294 328 691 571
53 943 854 879
308 724 525 21
171 964 552 737
417 354 570 239
407 283 925 290
317 165 734 359
479 558 679 399
63 248 943 199
356 745 756 352
302 270 599 435
399 213 747 44
492 584 551 559
172 995 508 114
262 664 687 952
257 866 696 351
35 633 963 717
402 818 665 335
151 514 820 798
19 49 623 184
432 788 517 8
438 180 873 370
58 474 836 866
456 562 906 404
446 616 904 554
174 247 957 633
249 651 592 494
261 805 683 725
193 146 929 805
19 312 786 133
404 176 735 889
469 854 882 921
20 502 683 953
72 634 995 607
389 502 632 544
286 163 525 775
171 285 887 262
136 947 714 580
87 472 908 221
412 863 958 614
260 469 536 764
248 263 839 756
337 785 500 283
5 181 527 362
147 5 838 501
181 143 691 42
147 669 573 244
459 758 772 909
155 563 863 144
120 872 669 109
16 753 896 422
458 824 905 809
301 139 978 718
387 193 949 661
449 535 916 853
465 336 669 493
127 711 744 245
158 591 707 975
333 614 837 722
395 731 965 415
348 816 611 933
105 97 950 901
445 811 899 664
123 866 870 843
50 755 613 78
339 194 644 561
373 182 680 367
272 613 685 985
282 4 903 311
143 847 761 404
473 986 546 426
395 379 874 797
366 669 669 81
434 744 699 706
84 316 700 461
312 524 654 99
186 260 913 849
252 880 931 49
328 280 879 749
180 31 636 192
138 566 963 469
457 698 645 633
311 307 613 81
231 144 610 837
266 598 924 730
96 696 558 410
421 569 842 51
488 735 541 641
95 508 840 396
100 878 979 92
82 215 505 534
179 844 581 532
13 282 835 378
399 408 505 376
304 648 723 611
168 861 924 990
493 543 582 4
180 334 650 559
36 365 906 597
33 55 522 484
60 955 977 223
262 459 548 598
479 276 928 950
102 100 600 171
140 823 713 762
72 267 682 576
52 508 740 933
159 58 582 142
32 876 984 902
100 792 801 470
486 13 518 886
404 47 632 350
135 21 557 371
468 922 924 914
219 334 629 961
476 62 642 538
89 612 921 740
355 707 952 110
316 563 843 924
245 725 947 853
428 213 575 695
297 611 688 833
240 561 729 868
475 515 570 965
101 367 883 244
465 807 948 647
357 434 943 343
289 374 537 403
197 785 698 88
48 760 554 447
475 513 681 310
164 158 870 146
337 847 529 131
18 951 990 382
65 548 983 372
248 891 518 819
49 91 650 912
100 257 623 999
4 834 984 311
67 65 993 383
497 94 945 262
300 1000 643 33
294 869 939 304
273 879 648 664
133 613 947 233
297 29 685 43
119 664 704 289
238 104 599 883
459 182 518 607
162 490 895 988
431 741 722 911
197 110 502 502
464 520 633 32
161 437 664 396
36 848 629 503
30 193 794 208
308 821 750 578
459 537 660 926
128 61 593 613
337 948 741 234
406 703 504 243
157 649 878 152
391 121 690 450
238 293 556 878
381 743 765 490
114 926 833 266
73 833 534 595
132 299 508 562
51 325 913 974
433 220 536 152
62 493 647 290
49 937 786 895
369 642 769 395
24 712 512 584
148 518 830 38
121 62 712 904
217 631 802 686
338 227 936 794
326 997 857 619
499 369 664 879
38 150 813 866
213 700 787 927
112 929 728 228
226 348 521 285
360 758 895 569
68 633 509 257
471 614 757 75
295 858 980 132
224 981 755 565
296 938 835 230
222 597 760 913
442 857 698 391
464 276 949 876
156 924 680 549
41 936 567 511
268 563 901 328
178 561 735 22
205 859 550 242
98 471 614 423
216 80 964 730
323 861 790 32
19 824 865 674
296 434 935 364
132 17 993 26
338 3 883 144
444 334 709 780
95 879 742 773
301 793 837 812
179 580 555 384
272 293 609 513
345 90 782 709
127 194 768 9
133 226 556 695
30 297 866 181
389 788 919 558
455 952 812 477
447 98 531 669
49 469 753 546
175 123 866 571
361 720 591 459
177 829 848 100
344 369 685 325
262 76 632 219
155 466 713 853
427 253 610 327
355 901 586 421
371 59 834 432
14 978 594 249
292 283 531 60
171 975 589 10
155 554 800 179
420 87 653 599
245 464 501 755
374 266 725 411
24 169 925 631
356 778 868 463
160 511 760 980
199 3 552 5
362 923 885 876
392 760 551 773
37 731 708 796
483 241 692 194
332 264 521 741
19 283 818 198
61 814 732 202
411 414 723 613
497 845 659 159
369 31 582 138
34 695 845 878
208 554 805 233
161 730 878 477
89 181 924 87
4 668 548 276
98 114 570 101
425 863 817 978
162 625 818 284
2 697 995 784
160 365 776 677
111 897 515 933
34 521 742 590
459 41 636 187
261 600 871 192
273 875 646 581
185 913 561 394
347 671 561 99
163 917 855 12
345 572 660 923
242 799 907 838
209 202 989 929
390 12 939 24
83 923 776 965
427 146 767 580
4 180 962 222
2 409 617 964
114 882 986 446
349 435 503 796
3 203 820 139
193 610 571 411
21 914 874 43
320 990 867 871
60 524 809 524
78 41 753 670
81 865 609 6
105 426 908 867
429 771 938 275
424 614 821 886
75 70 601 683
432 432 885 713
313 286 525 579
167 208 816 938
236 660 906 272
10 861 524 561
13 914 841 335
390 746 628 111
150 107 733 359
457 485 635 615
13 761 850 426
12 338 653 827
43 955 560 501
92 715 877 424
307 904 632 866
217 318 878 778
3 896 528 511
483 159 777 281
21 759 694 568
457 464 581 480
19 633 732 14
366 35 773 120
362 904 622 225
1 964 622 463
83 888 839 149
382 750 970 24
50 559 767 11
65 828 586 718
396 887 701 409
72 406 556 980
462 148 935 407
105 808 755 367
484 221 633 586
274 401 966 208
407 696 713 801
395 422 902 585
237 5 873 369
98 734 985 517
470 383 859 634
478 464 509 807
473 982 843 801
218 695 712 534
50 151 630 260
137 425 517 41
224 322 843 445
417 723 580 67
197 505 878 996
186 519 508 400
449 616 590 8
410 74 869 914
263 972 554 148
208 341 957 95
113 767 815 128
204 491 639 895
268 569 542 960
496 912 611 979
465 688 636 948
483 131 929 578
67 411 964 469
4 601 925 583
263 909 510 57
342 940 969 234
394 926 760 27
384 510 523 140
208 429 739 558
182 616 690 731
80 2 860 537
15 568 689 63
297 370 765 195
311 708 805 389
79 149 548 793
377 573 714 439
467 687 527 855
318 494 967 900
238 333 783 137
260 158 610 410
396 115 840 846
114 602 586 765
242 807 555 7
51 115 613 871
142 788 731 96
126 931 781 466
165 459 785 277
363 739 970 432
114 917 686 227
400 587 735 672
403 620 917 298
30 348 920 220
95 311 559 945
113 327 976 187
2 99 617 784
121 214 963 527
312 879 612 612
239 978 677 129
491 723 710 849
89 364 538 75
299 527 674 784
279 360 837 497
14 204 976 596
108 881 773 942
223 540 514 908
228 596 916 455
131 59 978 73
494 662 631 595
261 111 766 139
441 284 665 23
304 722 791 784
328 255 722 594
6 767 654 469
193 591 847 667
388 299 575 44
52 931 721 427
323 134 719 105
296 955 530 847
262 654 595 323
233 775 812 338
125 572 750 683
371 62 764 535
55 878 521 489
469 45 651 513
88 342 508 247
260 838 685 121
18 2 545 840
498 490 926 735
404 688 947 584
276 381 700 711
162 201 751 259
351 200 866 102
396 714 984 542
260 333 929 477
59 675 625 412
167 404 599 754
494 178 686 354
337 377 928 697
338 56 635 654
249 697 917 374
481 659 967 446
169 81 673 179
426 566 607 723
297 920 558 776
90 453 560 983
309 502 991 924
241 466 680 81
170 615 873 421
337 369 564 238
118 734 642 581
164 754 753 937
224 500 640 708
323 19 811 659
1 944 509 717
441 504 676 713
360 334 582 753
192 342 732 509
81 148 728 568
187 840 518 703
376 559 535 766
252 660 965 344
40 628 576 309
243 176 896 831
51 748 803 999
209 191 860 361
419 577 682 569
194 588 715 302
156 769 973 281
68 32 503 247
493 155 955 793
357 240 860 477
463 259 857 712
141 505 769 96
149 164 661 93
93 113 779 399
62 282 656 699
96 346 558 48
459 960 561 5
308 329 666 259
405 432 914 593
150 407 955 282
417 405 772 599
296 353 854 513
318 918 787 513
312 841 878 382
11 476 872 678
437 42 524 879
271 412 546 510
270 363 728 836
474 602 726 452
112 517 786 55
277 77 846 732
356 929 804 861
294 794 650 838
235 955 609 520
4 705 650 462
481 889 682 666
48 61 890 976
397 271 583 471
234 867 893 243
383 320 647 443
466 514 665 417
93 972 653 102
43 921 658 964
185 359 856 139
47 444 970 831
64 877 885 196
240 766 730 60
249 150 809 660
29 637 680 416
60 772 938 44
158 884 758 14
201 133 964 474
80 259 662 903
159 149 599 142
159 446 741 741
176 714 880 235
80 482 546 468
86 745 703 657
360 175 789 842
444 359 898 654
131 696 972 456
248 610 534 853
354 842 965 975
346 895 529 716
493 608 762 508
81 808 722 239
427 28 737 268
284 267 581 464
180 478 692 545
20 195 996 994
99 381 852 352
444 449 929 480
117 509 736 282
131 923 790 475
213 625 621 415
317 988 641 851
419 864 713 141
116 895 813 151
456 671 691 881
1 714 709 557
159 181 803 470
109 6 624 572
256 927 646 548
116 394 947 744
486 864 846 131
390 36 603 48
170 281 996 557
119 620 609 598
46 661 950 365
455 645 711 742
153 703 699 737
313 323 877 757
82 678 504 820
144 849 903 614
404 955 666 423
386 938 692 900
471 506 906 4
38 954 840 387
412 543 568 411
455 491 869 370
311 189 851 603
330 788 777 348
288 176 600 85
209 654 883 511
411 774 749 859
325 618 546 127
157 519 920 859
301 914 916 795
423 172 695 49
129 792 728 410
80 740 887 676
120 238 746 990
135 606 981 698
270 538 747 96
261 939 683 637
96 831 997 223
360 376 671 37
352 765 960 396
160 292 626 908
440 161 878 156
323 753 752 6
36 806 878 278
328 253 558 747
404 932 914 986
175 398 664 944
20 558 636 153
46 653 852 246
246 851 595 906
35 146 569 103
397 994 670 973
386 444 864 228
293 412 636 369
182 375 531 803
451 512 970 79
369 667 910 721
389 334 844 924
64 662 888 912
276 930 939 567
328 255 541 259
371 271 751 451
218 213 658 323
278 58 931 371
318 495 759 78
19 313 783 233
36 500 515 655
260 214 698 315
407 722 918 202
357 799 704 802
455 911 974 15
442 614 864 210
305 259 547 808
444 198 903 610
302 328 907 16
462 946 760 133
4 883 669 742
442 454 835 146
424 170 518 508
291 436 644 242
386 318 766 326
106 140 756 844
208 391 735 646
443 788 796 288
395 128 882 954
295 865 640 195
471 232 620 122
224 397 925 856
336 997 648 828
167 205 982 848
498 121 962 716
42 82 903 459
140 53 613 86
153 59 539 563
56 568 900 92
248 790 555 73
394 554 752 400
150 320 745 224
103 996 867 165
173 176 971 193
271 286 660 332
154 893 978 69
31 157 592 16
215 413 795 742
367 737 519 447
471 196 578 778
367 281 997 39
419 426 736 419
126 875 722 538
243 630 744 372
118 810 641 935
119 671 938 907
255 20 600 788
262 44 658 771
241 303 541 950
430 707 704 445
128 508 504 866
421 805 544 448
76 468 673 316
402 542 971 261
324 537 682 263
342 142 732 956
87 544 709 644
428 258 973 332
128 343 720 627
425 158 735 316
39 21 610 461
57 827 995 75
58 163 723 572
294 118 832 567
426 660 886 65
343 70 988 639
429 3 528 265
258 672 984 748
216 332 526 489
149 230 957 524
105 180 636 605
368 734 510 162
92 278 693 91
30 546 985 284
449 800 738 382
154 5 788 441
279 7 707 803
102 837 941 717
62 863 823 684
108 741 877 989
151 46 546 237
21 561 780 716
456 949 769 259
133 264 902 135
304 428 827 80
329 489 682 642
53 190 692 57
78 850 638 970
90 317 822 694
164 26 764 36
65 983 794 36
430 363 905 61
52 428 667 254
306 211 676 350
1 534 553 596
465 860 749 978
192 54 752 599
482 83 786 301
120 551 700 274
61 264 626 908
85 125 657 954
105 167 989 661
495 102 783 411
478 510 787 946
217 644 551 801
371 597 505 87
330 64 504 488
249 179 694 464
60 55 839 811
194 551 758 439
323 949 638 666
323 192 998 688
179 781 763 933
381 177 776 913
37 960 757 570
404 544 756 695
81 13 831 775
141 843 747 426
71 295 998 253
72 469 513 974
194 28 880 423
191 30 916 79
499 564 823 209
160 546 754 709
36 611 607 754
177 726 983 336
363 66 822 703
480 372 669 111
43 439 653 299
479 943 514 715
402 230 562 170
440 379 759 926
6 74 738 606
244 538 541 711
377 554 640 476
354 543 819 344
393 33 728 719
249 817 973 647
222 24 974 393
317 730 879 314
38 766 529 968
310 114 799 763
193 62 567 506
212 624 682 843
42 827 688 673
165 110 584 235
194 595 615 657
266 901 778 428
161 909 659 148
138 834 628 748
15 21 780 686
53 235 670 797
467 795 825 652
245 284 708 145
249 890 914 878
14 766 890 865
192 305 689 342
178 390 975 643
442 817 917 761
195 746 627 908
239 696 772 896
184 316 751 888
86 453 518 128
341 821 781 592
160 958 783 769
113 954 643 34
46 947 627 212
424 576 697 987
282 443 699 69
34 85 999 578
361 510 979 304
337 69 622 233
486 290 575 15
437 113 849 1
342 471 804 87
448 9 936 457
344 455 807 419
330 187 510 793
112 285 719 769
4 64 546 710
166 261 988 14
377 622 852 176
352 933 679 959
142 947 541 926
133 563 714 744
448 110 650 545
243 144 582 685
107 179 693 658
435 334 635 605
307 189 744 620
439 757 766 74
243 51 808 399
175 364 923 316
39 823 969 422
330 978 673 161
430 321 631 615
130 174 892 158
33 684 962 232
231 110 728 453
281 64 518 72
94 882 922 437
90 315 892 909
23 131 845 29
310 888 504 419
199 616 841 847
372 96 821 553
490 266 755 200
59 75 814 78
425 693 634 750
221 487 951 521
405 87 729 849
368 677 653 838
160 303 820 324
210 45 886 489
338 532 621 139
138 760 617 449
359 36 731 876
112 257 933 192
477 326 889 583
93 851 846 585
63 568 648 871
126 602 529 740
146 762 824 243
480 279 941 433
359 267 590 233
276 169 640 771
199 814 748 124
306 222 886 777
20 454 807 289
84 639 570 197
91 805 832 636
23 709 932 898
253 228 890 405
148 661 822 998
458 615 737 72
113 661 704 941
372 45 563 563
312 765 918 191
356 396 892 301
189 878 948 305
75 551 711 834
494 670 990 82
127 696 768 852
411 997 575 792
15 902 886 260
186 331 901 415
361 902 665 803
391 149 943 326
496 73 804 256
191 568 507 825
294 839 699 518
118 912 835 685
165 305 926 384
388 756 626 477
76 508 617 874
86 127 894 679
148 260 904 508
116 997 572 539
24 881 676 490
340 88 688 85
81 687 930 765
83 782 771 223
131 609 659 948
197 832 984 493
320 46 686 106
232 203 690 214
472 96 624 597
400 524 643 961
273 786 811 915
489 460 683 760
240 370 992 734
268 783 648 729
82 612 812 929
171 218 597 555
72 819 763 237
171 813 532 207
450 867 567 987
385 689 891 868
401 627 877 398
488 904 628 657
17 91 752 111
31 962 654 697
21 967 734 928
89 73 802 317
285 642 564 466
489 135 724 742
426 134 619 145
327 763 833 857
112 47 818 447
104 739 835 773
397 189 736 338
4 828 924 270
173 70 746 991
193 777 758 438
270 642 653 702
143 7 526 827
7 500 887 810
411 998 541 33
484 902 621 443
431 804 646 159
302 59 969 150
175 634 516 886
37 284 778 946
433 378 918 76
389 847 840 470
260 214 984 210
173 866 945 966
498 791 992 725
368 732 976 785
376 536 879 880
51 415 507 250
123 830 906 108
439 720 673 865
365 442 818 617
140 964 751 99
293 362 758 563
6 494 626 177
166 272 795 280
325 439 754 753
214 80 885 364
354 430 812 121
454 731 873 218
27 995 635 982
240 644 956 684
126 831 574 140
388 817 511 144
144 178 765 859
391 88 645 71
458 185 645 119
400 182 545 306
368 463 820 419
125 669 647 430
78 980 883 105
420 75 895 41
495 138 569 290
181 310 892 498
157 79 746 905
214 299 861 416
423 943 865 64
295 893 730 236
223 477 770 606
257 170 577 443
433 635 816 577
95 775 810 631
272 810 576 175
374 199 871 625
161 916 516 663
480 982 691 734
432 981 901 409
48 586 858 337
219 249 943 236
488 442 614 21
176 266 829 224
394 14 615 643
345 563 935 399
94 394 845 737
273 934 792 80
447 743 969 738
491 653 840 936
438 167 705 690
6 607 500 143
465 58 880 506
483 81 911 568
29 194 928 410
177 238 631 993
32 364 688 838
262 824 609 29
102 279 810 176
370 23 889 619
52 875 824 98
239 7 892 982
459 425 512 172
341 632 892 329
34 108 762 606
449 771 859 339
472 332 825 447
124 156 775 431
353 554 594 988
283 102 566 765
128 278 649 696
411 532 744 905
418 408 604 505
66 298 944 638
310 723 984 977
402 895 961 170
437 287 802 325
193 235 843 610
419 575 690 806
145 904 789 68
330 328 772 611
160 712 869 386
468 191 614 348
452 453 980 4
433 643 611 988
270 194 750 829
91 764 846 959
403 368 528 40
7 809 597 253
423 89 875 436
465 161 884 148
487 958 845 125
98 198 697 896
168 300 987 678
157 787 998 288
265 876 672 474
271 53 695 505
44 522 575 812
338 474 551 859
349 148 501 324
211 61 691 534
164 908 973 595
496 649 983 228
443 233 736 425
312 216 875 671
45 750 713 732
124 254 573 659
98 33 905 95
36 62 577 10
366 161 628 78
77 349 557 439
242 783 886 347
283 810 583 252
277 598 772 828
215 638 517 882
387 52 878 595
121 973 848 429
57 303 839 411
366 224 734 668
359 819 826 740
278 987 883 161
360 950 977 385
130 158 591 867
164 65 691 861
218 769 704 568
280 772 886 441
14 206 995 425
347 4 625 470
289 759 564 975
185 167 677 847
71 91 592 206
314 320 761 433
19 934 738 306
382 312 902 639
121 84 845 631
211 803 740 912
57 720 823 764
128 52 640 327
72 207 789 427
1 62 881 829
121 699 875 525
408 634 971 728
117 122 691 324
87 255 588 906
472 755 579 442
377 449 783 958
26 704 962 336
3 657 863 869
206 473 940 248
374 84 575 141
53 797 918 97
40 547 968 518
191 46 941 915
495 404 754 693
74 64 814 947
383 403 501 202
335 319 640 951
464 230 969 454
487 573 899 777
341 980 525 964
136 8 558 333
263 987 858 66
436 986 621 646
238 308 604 982
8 679 924 239
258 50 913 641
294 349 518 11
306 391 853 313
322 141 575 941
201 72 681 373
118 980 501 644
36 843 578 583
116 150 932 33
396 932 727 132
371 29 658 656
331 404 502 240
196 167 862 792
317 268 789 152
334 930 882 845
426 200 963 199
352 375 920 559
266 91 651 552
470 641 587 822
250 298 797 566
222 449 814 217
409 881 950 440
250 235 909 138
292 26 764 110
407 246 508 421
423 99 865 169
71 557 543 866
439 416 866 489
23 836 585 578
343 892 956 56
208 300 674 830
221 125 690 381
287 170 709 396
96 861 945 52
262 843 571 631
248 829 950 258
428 894 591 206
326 310 774 953
487 209 573 605
13 382 701 401
457 32 641 505
479 741 586 784
150 565 807 151
388 151 624 575
225 138 776 390
93 131 608 807
87 780 789 949
183 296 668 984
105 942 524 69
472 152 715 372
53 243 523 311
169 349 574 814
406 460 876 507
215 442 660 599
420 72 816 138
105 763 773 963
395 933 530 629
294 52 585 733
64 633 597 85
7 902 910 405
258 583 696 503
132 748 567 63
43 15 636 841
158 788 770 798
170 895 809 998
322 755 1000 581
485 878 855 444
84 655 511 715
122 186 887 472
416 459 955 168
454 481 629 759
290 91 898 868
30 405 595 79
169 535 514 171
148 72 965 37
116 540 598 702
430 25 561 802
274 717 551 46
174 544 994 757
307 50 690 873
83 518 902 292
343 589 518 387
74 932 663 633
337 838 863 710
100 258 839 485
249 827 802 455
425 946 599 91
152 300 914 330
409 893 626 56
158 816 539 197
473 715 798 305
229 933 906 188
85 588 732 648
180 802 520 375
437 415 556 71
85 795 696 771
254 952 596 276
114 548 841 137
494 792 768 523
20 374 557 618
16 659 790 942
366 450 596 2
388 388 902 555
75 81 610 534
414 231 529 368
290 608 986 171
120 970 852 547
19 138 827 929
14 786 500 915
145 372 909 416
400 128 766 126
340 182 928 649
176 473 843 283
274 508 954 242
492 233 649 196
86 380 820 904
240 782 512 3
151 982 760 819
328 267 931 434
294 858 508 365
275 156 616 747
132 871 583 107
299 332 653 966
480 396 945 100
242 43 901 735
21 70 727 746
389 292 768 203
426 580 985 118
249 82 977 422
401 74 965 97
450 482 770 311
306 323 679 313
434 373 780 739
64 613 882 566
229 14 705 42
159 876 656 260
202 849 740 184
370 949 808 628
437 542 557 919
259 316 865 568
326 908 732 110
102 175 595 490
139 2 553 282
444 751 930 488
130 256 866 18
309 736 569 309
212 249 725 378
285 689 776 478
409 478 978 111
358 524 900 597
381 97 925 772
346 835 922 458
25 290 795 554
61 411 747 982
167 94 805 587
167 897 980 102
384 749 792 796
272 869 999 58
356 157 503 420
301 261 520 921
407 764 815 206
263 840 859 847
328 920 683 941
271 671 607 298
254 785 608 391
336 118 732 618
67 488 909 80
328 819 516 336
426 427 907 558
281 623 930 260
266 244 899 530
98 408 717 215
38 91 685 633
480 806 731 10
94 611 528 943
244 5 923 383
356 838 939 863
136 235 736 906
403 521 734 766
417 251 586 983
334 32 968 221
393 163 868 775
308 567 956 338
332 515 733 293
428 806 568 685
352 912 724 275
156 833 720 77
89 292 734 470
267 790 807 268
278 59 658 723
359 838 715 333
189 587 712 348
405 323 946 595
320 80 652 649
208 955 553 453
111 737 608 759
119 451 835 285
241 830 653 521
435 38 815 218
48 169 935 837
100 192 867 857
173 26 522 942
288 56 783 590
407 325 949 200
126 125 654 927
393 435 572 928
121 182 910 769
238 747 769 573
457 565 696 564
9 106 626 865
29 489 669 28
152 493 536 109
432 122 961 580
391 98 755 256
180 126 748 834
489 783 576 402
51 781 639 22
66 352 877 551
286 273 982 622
232 409 765 532
446 914 647 792
379 850 542 847
368 774 520 461
344 364 787 15
219 146 740 507
460 699 865 621
467 277 798 36
400 585 944 713
345 335 734 301
122 339 951 285
48 25 735 327
470 184 798 634
442 698 743 120
38 414 551 933
149 218 973 777
461 206 713 519
289 508 997 377
350 247 587 796
190 585 995 31
295 935 654 854
83 343 572 677
137 255 752 984
225 67 534 516
238 54 752 222
422 831 634 85
14 551 591 322
356 446 714 350
239 817 853 859
246 401 556 447
408 6 924 282
418 941 692 556
304 299 634 149
401 645 561 190
478 810 932 263
158 900 720 180
47 38 609 259
283 333 847 247
481 255 719 660
399 843 807 78
334 596 555 856
156 221 527 60
190 413 601 205
3 643 897 558
486 835 958 115
454 333 505 359
230 623 739 227
44 684 664 301
219 235 685 814
207 310 512 691
396 650 565 885
25 778 875 170
91 766 665 118
407 118 686 882
426 154 802 134
245 923 664 143
292 379 673 14
496 544 820 556
197 821 563 715
195 916 543 767
44 395 640 921
481 315 990 103
169 381 709 743
4 619 518 420
160 501 728 211
222 422 787 570
441 643 843 193
400 710 933 321
467 277 994 930
145 147 785 556
286 747 909 993
202 447 917 988
148 311 521 931
259 717 708 614
143 759 629 676
210 473 523 418
87 350 823 231
370 50 659 165
380 397 589 385
24 716 939 255
34 987 661 697
267 48 682 532
121 536 948 17
248 934 795 400
346 234 544 15
59 34 532 205
119 26 527 400
435 231 806 592
185 958 529 678
59 403 806 660
94 886 704 705
44 558 608 421
481 868 746 874
487 443 547 550
143 997 595 371
23 830 914 869
456 627 550 146
269 449 867 178
453 849 793 252
343 844 828 708
18 454 722 842
299 800 647 375
112 26 796 919
