4486
1 117 1000 977
1 240 1000 929
1 664 1000 821
1 156 1000 139
1 918 1000 658
1 795 1000 658
1 872 1000 466
1 553 1000 422
1 496 1000 131
1 435 1000 711
1 869 1000 160
1 267 1000 116
1 717 1000 878
1 894 1000 410
1 32 1000 926
1 979 1000 170
1 704 1000 973
1 583 1000 122
1 815 1000 189
1 890 1000 963
1 61 1000 173
1 95 1000 757
1 456 1000 91
1 929 1000 323
1 887 1000 701
1 747 1000 352
1 225 1000 598
1 732 1000 275
1 82 1000 310
1 527 1000 808
1 691 1000 418
1 355 1000 556
1 295 1000 948
1 807 1000 213
1 890 1000 660
1 402 1000 688
1 464 1000 70
1 635 1000 934
1 455 1000 605
1 929 1000 612
1 307 1000 412
1 593 1000 131
1 636 1000 411
1 721 1000 208
1 102 1000 232
1 100 1000 647
1 309 1000 594
1 996 1000 759
1 389 1000 489
1 799 1000 782
1 537 1000 388
1 138 1000 983
1 704 1000 477
1 672 1000 187
1 290 1000 757
1 391 1000 445
1 709 1000 145
1 710 1000 81
1 397 1000 489
1 130 1000 846
1 538 1000 213
1 809 1000 287
1 141 1000 449
1 770 1000 118
1 107 1000 246
1 111 1000 352
1 843 1000 206
1 927 1000 831
1 239 1000 746
1 417 1000 869
1 287 1000 94
1 972 1000 680
1 193 1000 65
1 167 1000 681
1 570 1000 385
1 870 1000 3
1 374 1000 475
1 26 1000 506
1 583 1000 541
1 299 1000 79
1 752 1000 158
1 347 1000 243
1 981 1000 457
1 482 1000 320
1 906 1000 519
1 396 1000 674
1 676 1000 382
1 324 1000 81
1 360 1000 414
1 458 1000 575
1 745 1000 460
1 539 1000 547
1 673 1000 957
1 336 1000 266
1 239 1000 120
1 866 1000 163
1 337 1000 697
1 139 1000 282
1 551 1000 555
1 35 1000 337
1 37 1000 581
1 813 1000 713
1 163 1000 518
1 711 1000 98
1 257 1000 447
1 676 1000 42
1 129 1000 214
1 331 1000 499
1 589 1000 366
1 13 1000 283
1 237 1000 929
1 751 1000 975
1 651 1000 920
1 893 1000 48
1 534 1000 227
1 469 1000 270
1 455 1000 437
1 676 1000 904
1 247 1000 996
1 593 1000 920
1 385 1000 990
1 215 1000 968
1 507 1000 293
1 604 1000 606
1 867 1000 996
1 290 1000 351
1 484 1000 971
1 690 1000 625
1 639 1000 521
1 19 1000 744
1 54 1000 104
1 733 1000 963
1 51 1000 55
1 420 1000 416
1 851 1000 166
1 764 1000 805
1 39 1000 998
1 612 1000 169
1 537 1000 968
1 440 1000 830
1 327 1000 81
1 726 1000 419
1 269 1000 646
1 171 1000 257
1 982 1000 165
1 879 1000 964
1 575 1000 713
1 424 1000 31
1 475 1000 132
1 766 1000 397
1 437 1000 282
1 763 1000 950
1 775 1000 814
1 85 1000 917
1 183 1000 754
1 323 1000 777
1 251 1000 377
1 655 1000 568
1 174 1000 989
1 836 1000 607
1 640 1000 137
1 759 1000 335
1 146 1000 527
1 751 1000 417
1 719 1000 848
1 621 1000 801
1 802 1000 277
1 409 1000 651
1 753 1000 640
1 836 1000 3
1 122 1000 747
1 758 1000 280
1 876 1000 397
1 330 1000 190
1 593 1000 884
1 982 1000 268
1 384 1000 524
1 269 1000 818
1 790 1000 689
1 201 1000 108
1 222 1000 499
1 255 1000 866
1 900 1000 991
1 527 1000 893
1 997 1000 763
1 237 1000 858
1 726 1000 124
1 68 1000 543
1 104 1000 482
1 618 1000 370
1 135 1000 95
1 985 1000 57
1 789 1000 235
1 361 1000 4
1 708 1000 842
1 444 1000 110
1 331 1000 476
1 656 1000 336
1 914 1000 913
1 732 1000 2
1 795 1000 787
1 320 1000 44
1 225 1000 345
1 278 1000 806
1 528 1000 139
1 115 1000 383
1 188 1000 265
1 777 1000 464
1 102 1000 595
1 123 1000 95
1 986 1000 109
1 459 1000 297
1 379 1000 537
1 897 1000 767
1 43 1000 526
1 292 1000 474
1 640 1000 878
1 701 1000 4
1 233 1000 706
1 985 1000 604
1 123 1000 76
1 379 1000 443
1 300 1000 460
1 907 1000 589
1 629 1000 182
1 563 1000 984
1 693 1000 151
1 325 1000 646
1 401 1000 969
1 332 1000 63
1 381 1000 927
1 985 1000 697
1 664 1000 352
1 762 1000 471
1 736 1000 219
1 479 1000 641
1 984 1000 459
1 873 1000 677
1 621 1000 466
1 826 1000 228
1 637 1000 160
1 784 1000 237
1 808 1000 971
1 85 1000 532
1 773 1000 684
1 571 1000 50
1 10 1000 74
1 849 1000 17
1 973 1000 101
1 551 1000 874
1 657 1000 996
1 218 1000 851
1 763 1000 519
1 750 1000 430
1 205 1000 791
1 418 1000 634
1 408 1000 88
1 782 1000 222
1 89 1000 176
1 329 1000 790
1 330 1000 715
1 592 1000 256
1 801 1000 322
1 610 1000 708
1 711 1000 163
1 847 1000 112
1 792 1000 79
1 89 1000 106
1 45 1000 579
1 116 1000 625
1 287 1000 408
1 338 1000 11
1 776 1000 903
1 400 1000 229
1 577 1000 931
1 751 1000 572
1 198 1000 786
1 170 1000 341
1 67 1000 541
1 108 1000 485
1 97 1000 444
1 743 1000 954
1 618 1000 470
1 104 1000 697
1 187 1000 378
1 8 1000 257
1 258 1000 506
1 713 1000 880
1 595 1000 945
1 664 1000 683
1 175 1000 765
1 189 1000 674
1 951 1000 948
1 93 1000 586
1 167 1000 851
1 411 1000 781
1 976 1000 746
1 196 1000 42
1 278 1000 224
1 715 1000 344
1 198 1000 279
1 981 1000 75
1 435 1000 179
1 810 1000 650
1 827 1000 131
1 82 1000 153
1 176 1000 984
1 770 1000 293
1 485 1000 179
1 84 1000 1
1 114 1000 7
1 54 1000 198
1 647 1000 926
1 201 1000 399
1 841 1000 199
1 278 1000 824
1 736 1000 776
1 621 1000 705
1 289 1000 782
1 149 1000 871
1 93 1000 552
1 139 1000 660
1 308 1000 39
1 630 1000 863
1 872 1000 847
1 157 1000 160
1 782 1000 279
1 144 1000 703
1 826 1000 767
1 504 1000 604
1 764 1000 909
1 591 1000 278
1 683 1000 327
1 567 1000 114
1 885 1000 353
1 97 1000 373
1 623 1000 239
1 189 1000 367
1 178 1000 53
1 11 1000 562
1 472 1000 849
1 783 1000 696
1 482 1000 807
1 604 1000 462
1 772 1000 797
1 809 1000 842
1 467 1000 413
1 959 1000 130
1 490 1000 986
1 630 1000 145
1 385 1000 143
1 210 1000 919
1 35 1000 606
1 810 1000 660
1 593 1000 133
1 112 1000 4
1 950 1000 692
1 968 1000 774
1 148 1000 878
1 844 1000 574
1 466 1000 201
1 432 1000 832
1 42 1000 240
1 403 1000 552
1 571 1000 899
1 812 1000 179
1 682 1000 569
1 368 1000 226
1 617 1000 48
1 3 1000 208
1 877 1000 109
1 190 1000 585
1 553 1000 401
1 446 1000 558
1 250 1000 293
1 680 1000 30
1 209 1000 192
1 386 1000 254
1 284 1000 754
1 513 1000 61
1 790 1000 10
1 739 1000 750
1 189 1000 68
1 653 1000 22
1 310 1000 525
1 13 1000 933
1 230 1000 401
1 825 1000 892
1 600 1000 445
1 247 1000 924
1 154 1000 314
1 490 1000 466
1 78 1000 890
1 738 1000 230
1 158 1000 963
1 704 1000 935
1 333 1000 300
1 882 1000 37
1 467 1000 900
1 465 1000 342
1 783 1000 346
1 98 1000 247
1 398 1000 297
1 46 1000 421
1 192 1000 767
1 866 1000 28
1 569 1000 543
1 339 1000 98
1 110 1000 193
1 865 1000 619
1 91 1000 795
1 862 1000 236
1 225 1000 143
1 19 1000 304
1 177 1000 796
1 958 1000 728
1 321 1000 955
1 256 1000 985
1 405 1000 1000
1 157 1000 160
1 647 1000 495
1 723 1000 24
1 331 1000 68
1 526 1000 557
1 307 1000 975
1 800 1000 783
1 773 1000 270
1 260 1000 648
1 513 1000 512
1 11 1000 137
1 447 1000 100
1 488 1000 739
1 675 1000 55
1 519 1000 596
1 557 1000 207
1 330 1000 709
1 672 1000 36
1 880 1000 151
1 110 1000 566
1 203 1000 41
1 102 1000 513
1 334 1000 473
1 458 1000 938
1 379 1000 673
1 782 1000 806
1 404 1000 871
1 658 1000 352
1 949 1000 737
1 318 1000 877
1 435 1000 576
1 62 1000 961
1 280 1000 443
1 264 1000 704
1 681 1000 272
1 841 1000 321
1 473 1000 4
1 196 1000 949
1 913 1000 41
1 921 1000 95
1 438 1000 727
1 550 1000 504
1 246 1000 731
1 469 1000 92
1 766 1000 934
1 307 1000 939
1 798 1000 927
1 685 1000 102
1 902 1000 597
1 851 1000 247
1 486 1000 261
1 262 1000 157
1 842 1000 793
1 96 1000 249
1 873 1000 165
1 522 1000 541
1 211 1000 80
1 234 1000 142
1 584 1000 407
1 827 1000 151
1 501 1000 900
1 87 1000 203
1 111 1000 867
1 522 1000 681
1 410 1000 858
1 297 1000 813
1 257 1000 628
1 865 1000 697
1 653 1000 117
1 966 1000 44
1 13 1000 593
1 641 1000 885
1 155 1000 723
1 987 1000 294
1 469 1000 900
1 133 1000 184
1 348 1000 760
1 698 1000 967
1 764 1000 651
1 31 1000 18
1 242 1000 11
1 962 1000 671
1 41 1000 600
1 646 1000 894
1 915 1000 432
1 40 1000 79
1 470 1000 757
1 831 1000 171
1 200 1000 471
1 36 1000 89
1 588 1000 48
1 142 1000 900
1 124 1000 977
1 246 1000 728
1 576 1000 757
1 130 1000 193
1 471 1000 343
1 326 1000 464
1 338 1000 508
1 449 1000 347
1 747 1000 484
1 484 1000 172
1 56 1000 201
1 964 1000 879
1 415 1000 468
1 904 1000 198
1 921 1000 23
1 855 1000 989
1 705 1000 603
1 589 1000 280
1 756 1000 938
1 591 1000 584
1 117 1000 283
1 668 1000 76
1 525 1000 100
1 742 1000 992
1 763 1000 629
1 33 1000 964
1 112 1000 152
1 726 1000 546
1 435 1000 929
1 443 1000 784
1 411 1000 456
1 222 1000 950
1 576 1000 177
1 433 1000 267
1 7 1000 450
1 371 1000 596
1 67 1000 507
1 328 1000 370
1 623 1000 596
1 486 1000 116
1 225 1000 745
1 576 1000 28
1 139 1000 636
1 153 1000 790
1 965 1000 296
1 810 1000 155
1 758 1000 227
1 670 1000 520
1 198 1000 888
1 648 1000 866
1 813 1000 526
1 431 1000 437
1 764 1000 232
1 374 1000 467
1 708 1000 158
1 14 1000 974
1 5 1000 488
1 397 1000 774
1 8 1000 56
1 620 1000 482
1 124 1000 984
1 218 1000 485
1 269 1000 452
1 26 1000 715
1 150 1000 805
1 23 1000 65
1 341 1000 532
1 848 1000 859
1 13 1000 220
1 852 1000 784
1 822 1000 607
1 770 1000 987
1 535 1000 651
1 98 1000 177
1 726 1000 354
1 273 1000 118
1 28 1000 337
1 991 1000 861
1 121 1000 648
1 872 1000 392
1 775 1000 316
1 702 1000 42
1 529 1000 71
1 576 1000 666
1 530 1000 766
1 796 1000 727
1 414 1000 239
1 497 1000 388
1 362 1000 262
1 816 1000 709
1 86 1000 249
1 848 1000 794
1 147 1000 623
1 665 1000 937
1 933 1000 427
1 777 1000 75
1 223 1000 505
1 762 1000 369
1 156 1000 764
1 640 1000 250
1 675 1000 357
1 954 1000 702
1 943 1000 957
1 697 1000 181
1 274 1000 456
1 974 1000 521
1 809 1000 932
1 951 1000 231
1 411 1000 533
1 502 1000 247
1 606 1000 337
1 411 1000 438
1 562 1000 36
1 221 1000 483
1 75 1000 796
1 322 1000 950
1 830 1000 152
1 287 1000 671
1 434 1000 749
1 895 1000 636
1 787 1000 589
1 340 1000 174
1 307 1000 834
1 699 1000 934
1 762 1000 87
1 527 1000 776
1 825 1000 996
1 875 1000 21
1 906 1000 115
1 238 1000 541
1 170 1000 462
1 892 1000 612
1 869 1000 490
1 54 1000 671
1 122 1000 73
1 458 1000 426
1 204 1000 608
1 97 1000 150
1 364 1000 288
1 578 1000 701
1 31 1000 963
1 673 1000 172
1 779 1000 230
1 1000 1000 85
1 939 1000 950
1 452 1000 555
1 523 1000 308
1 947 1000 594
1 126 1000 948
1 536 1000 940
1 673 1000 192
1 547 1000 904
1 425 1000 718
1 747 1000 39
1 425 1000 49
1 393 1000 299
1 170 1000 154
1 530 1000 349
1 459 1000 355
1 488 1000 152
1 503 1000 780
1 349 1000 347
1 443 1000 468
1 203 1000 216
1 462 1000 273
1 588 1000 775
1 421 1000 460
1 689 1000 324
1 741 1000 997
1 498 1000 81
1 111 1000 391
1 766 1000 396
1 622 1000 628
1 178 1000 313
1 613 1000 373
1 453 1000 145
1 358 1000 507
1 486 1000 979
1 302 1000 668
1 986 1000 903
1 298 1000 4
1 34 1000 302
1 643 1000 78
1 826 1000 461
1 517 1000 486
1 184 1000 580
1 206 1000 655
1 88 1000 67
1 252 1000 124
1 969 1000 969
1 824 1000 855
1 546 1000 568
1 569 1000 408
1 519 1000 810
1 719 1000 756
1 152 1000 459
1 720 1000 475
1 394 1000 199
1 654 1000 714
1 316 1000 123
1 298 1000 742
1 892 1000 586
1 930 1000 645
1 621 1000 835
1 625 1000 614
1 867 1000 402
1 318 1000 429
1 321 1000 456
1 328 1000 132
1 872 1000 578
1 986 1000 310
1 699 1000 808
1 615 1000 680
1 232 1000 363
1 487 1000 496
1 853 1000 400
1 229 1000 881
1 161 1000 622
1 384 1000 857
1 561 1000 510
1 674 1000 531
1 432 1000 223
1 414 1000 948
1 323 1000 596
1 823 1000 727
1 207 1000 12
1 506 1000 4
1 970 1000 978
1 953 1000 192
1 294 1000 803
1 559 1000 617
1 769 1000 742
1 975 1000 244
1 719 1000 467
1 864 1000 340
1 736 1000 813
1 720 1000 490
1 159 1000 396
1 169 1000 265
1 201 1000 492
1 166 1000 76
1 756 1000 608
1 662 1000 904
1 837 1000 951
1 392 1000 361
1 971 1000 583
1 364 1000 96
1 988 1000 831
1 921 1000 471
1 115 1000 548
1 797 1000 47
1 287 1000 218
1 785 1000 493
1 270 1000 773
1 882 1000 486
1 884 1000 222
1 954 1000 227
1 639 1000 555
1 334 1000 623
1 286 1000 870
1 283 1000 435
1 937 1000 379
1 370 1000 239
1 860 1000 223
1 635 1000 615
1 160 1000 338
1 424 1000 260
1 538 1000 516
1 755 1000 171
1 906 1000 209
1 357 1000 580
1 783 1000 951
1 297 1000 110
1 861 1000 341
1 811 1000 22
1 702 1000 924
1 530 1000 601
1 663 1000 568
1 706 1000 467
1 868 1000 849
1 317 1000 326
1 943 1000 949
1 442 1000 856
1 67 1000 761
1 270 1000 467
1 21 1000 392
1 539 1000 253
1 697 1000 715
1 428 1000 802
1 329 1000 214
1 135 1000 854
1 419 1000 401
1 776 1000 700
1 62 1000 264
1 440 1000 145
1 58 1000 129
1 93 1000 853
1 384 1000 962
1 635 1000 163
1 868 1000 782
1 635 1000 165
1 642 1000 423
1 419 1000 33
1 994 1000 298
1 80 1000 776
1 143 1000 349
1 312 1000 794
1 764 1000 456
1 20 1000 733
1 96 1000 855
1 39 1000 781
1 321 1000 14
1 217 1000 67
1 440 1000 675
1 112 1000 718
1 702 1000 452
1 545 1000 295
1 844 1000 622
1 221 1000 917
1 102 1000 272
1 665 1000 458
1 168 1000 854
1 287 1000 713
1 532 1000 553
1 692 1000 278
1 247 1000 170
1 66 1000 791
1 868 1000 772
1 978 1000 212
1 879 1000 769
1 645 1000 620
1 12 1000 646
1 265 1000 926
1 173 1000 162
1 917 1000 590
1 527 1000 987
1 347 1000 868
1 256 1000 256
1 52 1000 530
1 269 1000 178
1 651 1000 809
1 948 1000 657
1 522 1000 182
1 633 1000 94
1 808 1000 551
1 587 1000 746
1 779 1000 8
1 171 1000 608
1 674 1000 317
1 133 1000 764
1 330 1000 210
1 786 1000 80
1 593 1000 456
1 183 1000 676
1 812 1000 504
1 847 1000 684
1 226 1000 636
1 185 1000 200
1 612 1000 418
1 331 1000 759
1 722 1000 962
1 344 1000 854
1 43 1000 884
1 934 1000 146
1 85 1000 688
1 950 1000 503
1 745 1000 524
1 730 1000 126
1 906 1000 406
1 631 1000 99
1 837 1000 164
1 445 1000 413
1 83 1000 904
1 361 1000 516
1 23 1000 50
1 787 1000 925
1 391 1000 343
1 744 1000 5
1 913 1000 847
1 348 1000 513
1 89 1000 827
1 966 1000 130
1 285 1000 44
1 201 1000 925
1 375 1000 869
1 459 1000 56
1 193 1000 179
1 90 1000 166
1 274 1000 710
1 827 1000 80
1 555 1000 810
1 158 1000 84
1 440 1000 229
1 75 1000 557
1 504 1000 508
1 906 1000 6
1 18 1000 817
1 377 1000 304
1 249 1000 875
1 676 1000 74
1 676 1000 965
1 619 1000 85
1 352 1000 297
1 449 1000 958
1 449 1000 796
1 305 1000 528
1 655 1000 301
1 578 1000 41
1 916 1000 994
1 622 1000 523
1 16 1000 464
1 745 1000 367
1 619 1000 146
1 619 1000 732
1 62 1000 512
1 318 1000 892
1 647 1000 417
1 817 1000 672
1 269 1000 183
1 539 1000 437
1 850 1000 270
1 4 1000 926
1 418 1000 835
1 156 1000 29
1 243 1000 380
1 405 1000 973
1 144 1000 714
1 635 1000 326
1 229 1000 308
1 729 1000 809
1 409 1000 149
1 253 1000 172
1 878 1000 283
1 271 1000 441
1 928 1000 99
1 160 1000 77
1 714 1000 166
1 944 1000 341
1 242 1000 663
1 621 1000 345
1 676 1000 855
1 646 1000 540
1 362 1000 305
1 924 1000 572
1 301 1000 487
1 776 1000 46
1 21 1000 102
1 842 1000 448
1 529 1000 164
1 193 1000 544
1 277 1000 43
1 993 1000 67
1 691 1000 601
1 719 1000 128
1 636 1000 777
1 732 1000 600
1 292 1000 6
1 572 1000 349
1 916 1000 692
1 281 1000 340
1 683 1000 663
1 180 1000 230
1 43 1000 354
1 792 1000 64
1 192 1000 349
1 584 1000 212
1 438 1000 54
1 352 1000 939
1 890 1000 530
1 5 1000 262
1 60 1000 584
1 964 1000 338
1 513 1000 102
1 255 1000 632
1 508 1000 230
1 564 1000 896
1 284 1000 110
1 831 1000 168
1 463 1000 865
1 987 1000 983
1 993 1000 716
1 305 1000 354
1 12 1000 589
1 78 1000 407
1 943 1000 283
1 318 1000 460
1 812 1000 669
1 590 1000 339
1 190 1000 256
1 371 1000 447
1 926 1000 57
1 277 1000 220
1 249 1000 13
1 536 1000 64
1 124 1000 195
1 540 1000 978
1 601 1000 384
1 954 1000 318
1 29 1000 642
1 366 1000 864
1 534 1000 701
1 821 1000 200
1 824 1000 648
1 99 1000 443
1 236 1000 1000
1 830 1000 31
1 292 1000 23
1 124 1000 851
1 798 1000 702
1 926 1000 208
1 517 1000 374
1 820 1000 238
1 419 1000 941
1 676 1000 29
1 50 1000 385
1 43 1000 578
1 631 1000 916
1 70 1000 858
1 511 1000 167
1 322 1000 793
1 510 1000 810
1 467 1000 499
1 520 1000 589
1 539 1000 6
1 853 1000 415
1 672 1000 338
1 956 1000 305
1 466 1000 250
1 749 1000 159
1 903 1000 604
1 332 1000 511
1 816 1000 179
1 870 1000 737
1 470 1000 720
1 872 1000 812
1 794 1000 672
1 792 1000 230
1 968 1000 183
1 242 1000 237
1 702 1000 112
1 876 1000 702
1 132 1000 736
1 157 1000 920
1 221 1000 468
1 104 1000 788
1 41 1000 190
1 627 1000 9
1 518 1000 349
1 278 1000 667
1 792 1000 84
1 344 1000 90
1 872 1000 223
1 366 1000 275
1 431 1000 481
1 730 1000 868
1 2 1000 358
1 508 1000 915
1 609 1000 757
1 884 1000 465
1 345 1000 242
1 854 1000 352
1 489 1000 718
1 516 1000 648
1 798 1000 522
1 259 1000 755
1 389 1000 865
1 598 1000 389
1 750 1000 200
1 205 1000 558
1 420 1000 8
1 601 1000 94
1 136 1000 209
1 633 1000 650
1 354 1000 158
1 807 1000 808
1 723 1000 951
1 595 1000 719
1 430 1000 583
1 989 1000 920
1 77 1000 191
1 731 1000 28
1 826 1000 699
1 575 1000 20
1 7 1000 110
1 678 1000 202
1 905 1000 565
1 762 1000 197
1 207 1000 288
1 388 1000 304
1 659 1000 551
1 504 1000 457
1 112 1000 232
1 726 1000 364
1 757 1000 718
1 896 1000 42
1 760 1000 435
1 160 1000 632
1 488 1000 235
1 764 1000 439
1 742 1000 320
1 629 1000 784
1 52 1000 887
1 296 1000 289
1 644 1000 245
1 362 1000 984
1 389 1000 35
1 879 1000 389
1 316 1000 695
1 464 1000 782
1 767 1000 546
1 471 1000 119
1 60 1000 324
1 329 1000 337
1 328 1000 683
1 930 1000 352
1 589 1000 659
1 41 1000 567
1 304 1000 770
1 495 1000 834
1 742 1000 604
1 660 1000 982
1 834 1000 379
1 18 1000 604
1 370 1000 128
1 98 1000 246
1 867 1000 670
1 1 1000 892
1 764 1000 337
1 727 1000 998
1 53 1000 42
1 605 1000 250
1 17 1000 272
1 56 1000 948
1 913 1000 320
1 884 1000 714
1 199 1000 380
1 55 1000 865
1 894 1000 467
1 515 1000 536
1 776 1000 286
1 327 1000 640
1 282 1000 162
1 578 1000 134
1 594 1000 725
1 629 1000 700
1 815 1000 411
1 1000 1000 152
1 607 1000 909
1 807 1000 650
1 431 1000 405
1 693 1000 469
1 386 1000 959
1 776 1000 565
1 118 1000 98
1 295 1000 688
1 87 1000 626
1 578 1000 297
1 914 1000 73
1 841 1000 804
1 47 1000 67
1 880 1000 236
1 849 1000 567
1 258 1000 294
1 241 1000 467
1 145 1000 293
1 770 1000 622
1 684 1000 902
1 301 1000 765
1 67 1000 327
1 881 1000 753
1 223 1000 798
1 287 1000 825
1 176 1000 417
1 988 1000 759
1 553 1000 678
1 76 1000 52
1 631 1000 559
1 109 1000 566
1 152 1000 682
1 852 1000 362
1 280 1000 941
1 4 1000 188
1 825 1000 246
1 685 1000 781
1 535 1000 338
1 192 1000 322
1 386 1000 747
1 603 1000 195
1 522 1000 129
1 596 1000 477
1 709 1000 144
1 208 1000 419
1 695 1000 908
1 466 1000 170
1 190 1000 388
1 198 1000 56
1 431 1000 722
1 627 1000 753
1 273 1000 577
1 549 1000 98
1 988 1000 43
1 480 1000 138
1 603 1000 228
1 767 1000 672
1 710 1000 454
1 607 1000 304
1 975 1000 985
1 633 1000 451
1 321 1000 367
1 728 1000 896
1 254 1000 761
1 759 1000 642
1 364 1000 26
1 783 1000 214
1 390 1000 507
1 888 1000 468
1 78 1000 170
1 853 1000 573
1 878 1000 794
1 428 1000 509
1 264 1000 846
1 953 1000 382
1 384 1000 331
1 590 1000 625
1 610 1000 24
1 715 1000 31
1 698 1000 565
1 679 1000 606
1 336 1000 29
1 141 1000 81
1 898 1000 125
1 669 1000 14
1 216 1000 140
1 81 1000 688
1 791 1000 518
1 684 1000 674
1 446 1000 164
1 494 1000 490
1 223 1000 723
1 602 1000 940
1 405 1000 589
1 614 1000 548
1 135 1000 749
1 54 1000 973
1 827 1000 301
1 792 1000 617
1 794 1000 984
1 786 1000 883
1 56 1000 213
1 18 1000 343
1 489 1000 131
1 38 1000 967
1 477 1000 867
1 996 1000 923
1 257 1000 602
1 677 1000 801
1 820 1000 637
1 632 1000 40
1 763 1000 168
1 576 1000 64
1 645 1000 881
1 476 1000 369
1 521 1000 182
1 640 1000 210
1 606 1000 344
1 139 1000 763
1 430 1000 787
1 907 1000 446
1 659 1000 704
1 876 1000 603
1 507 1000 878
1 833 1000 9
1 638 1000 405
1 17 1000 491
1 586 1000 727
1 905 1000 375
1 521 1000 287
1 622 1000 37
1 519 1000 125
1 495 1000 1
1 104 1000 768
1 824 1000 440
1 536 1000 368
1 799 1000 636
1 566 1000 856
1 480 1000 194
1 665 1000 572
1 956 1000 827
1 208 1000 988
1 354 1000 557
1 193 1000 16
1 52 1000 289
1 47 1000 929
1 347 1000 287
1 16 1000 43
1 392 1000 578
1 502 1000 440
1 704 1000 576
1 702 1000 365
1 969 1000 877
1 516 1000 663
1 311 1000 298
1 791 1000 837
1 766 1000 953
1 618 1000 472
1 11 1000 439
1 957 1000 8
1 787 1000 367
1 610 1000 845
1 942 1000 578
1 622 1000 278
1 53 1000 123
1 426 1000 685
1 628 1000 887
1 232 1000 612
1 846 1000 610
1 209 1000 668
1 155 1000 597
1 969 1000 539
1 90 1000 928
1 961 1000 105
1 123 1000 563
1 816 1000 25
1 36 1000 560
1 983 1000 747
1 176 1000 520
1 792 1000 87
1 611 1000 770
1 92 1000 759
1 591 1000 599
1 362 1000 854
1 892 1000 321
1 983 1000 587
1 685 1000 70
1 651 1000 322
1 269 1000 313
1 155 1000 115
1 326 1000 499
1 208 1000 458
1 122 1000 861
1 481 1000 928
1 494 1000 903
1 856 1000 625
1 469 1000 643
1 153 1000 995
1 568 1000 204
1 188 1000 992
1 478 1000 494
1 410 1000 565
1 536 1000 33
1 339 1000 685
1 575 1000 167
1 840 1000 147
1 349 1000 141
1 241 1000 168
1 502 1000 893
1 450 1000 731
1 620 1000 754
1 938 1000 665
1 980 1000 735
1 526 1000 506
1 74 1000 998
1 647 1000 131
1 507 1000 759
1 661 1000 843
1 64 1000 577
1 505 1000 363
1 510 1000 379
1 457 1000 572
1 808 1000 392
1 808 1000 213
1 911 1000 74
1 925 1000 67
1 545 1000 222
1 668 1000 597
1 367 1000 773
1 9 1000 765
1 646 1000 864
1 746 1000 480
1 8 1000 518
1 952 1000 156
1 573 1000 235
1 684 1000 408
1 605 1000 568
1 601 1000 255
1 617 1000 22
1 693 1000 940
1 129 1000 292
1 177 1000 456
1 445 1000 739
1 161 1000 296
1 756 1000 117
1 496 1000 301
1 107 1000 894
1 682 1000 937
1 968 1000 313
1 858 1000 268
1 638 1000 553
1 598 1000 854
1 165 1000 339
1 318 1000 463
1 573 1000 450
1 604 1000 388
1 612 1000 854
1 539 1000 802
1 840 1000 633
1 576 1000 611
1 917 1000 908
1 832 1000 132
1 517 1000 672
1 462 1000 237
1 208 1000 866
1 131 1000 819
1 692 1000 33
1 456 1000 737
1 634 1000 903
1 659 1000 166
1 770 1000 276
1 700 1000 505
1 110 1000 148
1 678 1000 211
1 684 1000 531
1 599 1000 332
1 558 1000 991
1 872 1000 450
1 250 1000 82
1 634 1000 86
1 293 1000 759
1 975 1000 621
1 804 1000 443
1 83 1000 881
1 287 1000 855
1 993 1000 550
1 937 1000 538
1 106 1000 227
1 992 1000 864
1 629 1000 561
1 565 1000 890
1 930 1000 336
1 987 1000 754
1 425 1000 799
1 893 1000 982
1 103 1000 719
1 439 1000 92
1 796 1000 311
1 628 1000 725
1 70 1000 656
1 536 1000 931
1 688 1000 615
1 765 1000 661
1 29 1000 382
1 772 1000 170
1 612 1000 858
1 813 1000 164
1 513 1000 779
1 409 1000 922
1 600 1000 909
1 762 1000 17
1 572 1000 835
1 907 1000 139
1 793 1000 242
1 95 1000 297
1 25 1000 424
1 24 1000 508
1 517 1000 577
1 677 1000 163
1 934 1000 897
1 601 1000 255
1 68 1000 957
1 211 1000 605
1 671 1000 853
1 636 1000 636
1 447 1000 666
1 534 1000 143
1 176 1000 500
1 711 1000 714
1 287 1000 501
1 299 1000 484
1 199 1000 131
1 200 1000 839
1 997 1000 937
1 869 1000 528
1 300 1000 573
1 779 1000 497
1 396 1000 184
1 380 1000 249
1 997 1000 640
1 19 1000 351
1 31 1000 464
1 954 1000 148
1 789 1000 594
1 328 1000 160
1 810 1000 489
1 626 1000 984
1 573 1000 427
1 643 1000 968
1 703 1000 833
1 259 1000 886
1 244 1000 847
1 33 1000 20
1 759 1000 803
1 180 1000 852
1 125 1000 429
1 623 1000 654
1 981 1000 174
1 778 1000 217
1 4 1000 859
1 915 1000 510
1 689 1000 770
1 799 1000 541
1 70 1000 529
1 558 1000 962
1 973 1000 665
1 508 1000 115
1 352 1000 487
1 804 1000 738
1 435 1000 454
1 824 1000 409
1 874 1000 185
1 686 1000 937
1 196 1000 944
1 735 1000 864
1 339 1000 698
1 744 1000 230
1 447 1000 698
1 877 1000 1000
1 341 1000 297
1 221 1000 505
1 891 1000 486
1 694 1000 984
1 978 1000 309
1 903 1000 133
1 50 1000 313
1 232 1000 261
1 814 1000 996
1 212 1000 569
1 418 1000 378
1 66 1000 657
1 768 1000 441
1 699 1000 943
1 600 1000 172
1 566 1000 833
1 351 1000 475
1 499 1000 220
1 874 1000 728
1 610 1000 5
1 73 1000 747
1 987 1000 435
1 435 1000 906
1 230 1000 925
1 684 1000 629
1 738 1000 492
1 524 1000 65
1 34 1000 235
1 290 1000 565
1 985 1000 148
1 616 1000 388
1 724 1000 607
1 453 1000 563
1 433 1000 929
1 63 1000 403
1 781 1000 329
1 687 1000 706
1 419 1000 591
1 507 1000 168
1 656 1000 548
1 163 1000 34
1 287 1000 347
1 618 1000 157
1 138 1000 368
1 572 1000 601
1 27 1000 112
1 172 1000 189
1 293 1000 206
1 231 1000 78
1 828 1000 471
1 504 1000 172
1 542 1000 742
1 157 1000 614
1 438 1000 236
1 714 1000 736
1 809 1000 501
1 142 1000 170
1 57 1000 221
1 444 1000 77
1 724 1000 398
1 866 1000 669
1 198 1000 88
1 872 1000 238
1 262 1000 816
1 391 1000 72
1 482 1000 388
1 482 1000 54
1 455 1000 676
1 983 1000 128
1 134 1000 874
1 291 1000 868
1 513 1000 789
1 89 1000 391
1 384 1000 517
1 957 1000 361
1 479 1000 471
1 431 1000 524
1 315 1000 26
1 857 1000 245
1 661 1000 71
1 910 1000 140
1 5 1000 321
1 604 1000 187
1 402 1000 994
1 405 1000 470
1 75 1000 107
1 542 1000 105
1 413 1000 399
1 773 1000 640
1 385 1000 753
1 531 1000 40
1 936 1000 276
1 74 1000 754
1 536 1000 221
1 519 1000 88
1 540 1000 439
1 48 1000 846
1 801 1000 738
1 881 1000 908
1 403 1000 685
1 171 1000 506
1 954 1000 925
1 723 1000 915
1 305 1000 400
1 737 1000 280
1 847 1000 105
1 651 1000 537
1 993 1000 374
1 631 1000 18
1 683 1000 17
1 8 1000 613
1 548 1000 620
1 182 1000 72
1 528 1000 330
1 391 1000 232
1 823 1000 716
1 1000 1000 348
1 654 1000 634
1 696 1000 174
1 479 1000 551
1 790 1000 329
1 409 1000 541
1 584 1000 565
1 111 1000 86
1 430 1000 911
1 583 1000 909
1 394 1000 904
1 301 1000 180
1 921 1000 352
1 48 1000 447
1 285 1000 638
1 197 1000 603
1 370 1000 601
1 731 1000 803
1 627 1000 295
1 480 1000 149
1 603 1000 939
1 480 1000 832
1 826 1000 27
1 691 1000 558
1 711 1000 798
1 889 1000 491
1 877 1000 218
1 151 1000 630
1 1 1000 874
1 408 1000 268
1 179 1000 709
1 427 1000 247
1 137 1000 461
1 801 1000 397
1 903 1000 127
1 428 1000 912
1 625 1000 465
1 289 1000 237
1 25 1000 243
1 51 1000 452
1 566 1000 759
1 250 1000 279
1 168 1000 394
1 221 1000 253
1 494 1000 277
1 823 1000 461
1 105 1000 407
1 441 1000 956
1 462 1000 941
1 433 1000 222
1 280 1000 596
1 230 1000 508
1 785 1000 153
1 575 1000 701
1 254 1000 890
1 552 1000 494
1 316 1000 88
1 838 1000 110
1 424 1000 901
1 690 1000 625
1 848 1000 304
1 642 1000 631
1 333 1000 154
1 814 1000 912
1 380 1000 595
1 534 1000 994
1 225 1000 396
1 613 1000 222
1 701 1000 624
1 870 1000 303
1 73 1000 78
1 791 1000 144
1 211 1000 124
1 153 1000 96
1 207 1000 332
1 278 1000 859
1 597 1000 555
1 148 1000 89
1 803 1000 201
1 509 1000 700
1 491 1000 902
1 688 1000 573
1 767 1000 228
1 529 1000 708
1 789 1000 471
1 221 1000 64
1 475 1000 614
1 656 1000 747
1 147 1000 882
1 789 1000 431
1 59 1000 902
1 392 1000 312
1 336 1000 877
1 890 1000 872
1 536 1000 278
1 973 1000 265
1 788 1000 997
1 430 1000 184
1 495 1000 469
1 589 1000 739
1 167 1000 100
1 901 1000 166
1 268 1000 514
1 119 1000 464
1 282 1000 523
1 167 1000 128
1 563 1000 564
1 763 1000 702
1 276 1000 853
1 732 1000 426
1 957 1000 343
1 806 1000 384
1 702 1000 256
1 254 1000 537
1 945 1000 428
1 395 1000 936
1 877 1000 828
1 351 1000 745
1 64 1000 159
1 813 1000 341
1 577 1000 479
1 653 1000 439
1 241 1000 961
1 107 1000 368
1 182 1000 644
1 930 1000 81
1 549 1000 580
1 149 1000 506
1 52 1000 880
1 138 1000 980
1 16 1000 783
1 319 1000 687
1 490 1000 449
1 401 1000 633
1 598 1000 271
1 741 1000 541
1 781 1000 730
1 921 1000 835
1 417 1000 823
1 874 1000 637
1 408 1000 522
1 541 1000 117
1 199 1000 881
1 243 1000 986
1 607 1000 994
1 350 1000 54
1 560 1000 824
1 100 1000 917
1 111 1000 70
1 516 1000 173
1 904 1000 20
1 647 1000 4
1 896 1000 170
1 220 1000 454
1 771 1000 677
1 766 1000 861
1 169 1000 164
1 28 1000 30
1 229 1000 348
1 219 1000 571
1 867 1000 921
1 923 1000 127
1 862 1000 181
1 893 1000 824
1 933 1000 255
1 954 1000 135
1 617 1000 683
1 329 1000 429
1 337 1000 632
1 421 1000 258
1 997 1000 760
1 325 1000 530
1 184 1000 841
1 174 1000 440
1 485 1000 978
1 739 1000 900
1 993 1000 18
1 369 1000 743
1 500 1000 668
1 887 1000 772
1 421 1000 801
1 720 1000 895
1 361 1000 187
1 724 1000 449
1 707 1000 973
1 31 1000 1000
1 481 1000 238
1 515 1000 152
1 803 1000 219
1 583 1000 919
1 900 1000 213
1 845 1000 972
1 909 1000 528
1 444 1000 959
1 545 1000 350
1 982 1000 173
1 693 1000 127
1 311 1000 212
1 513 1000 954
1 959 1000 897
1 387 1000 849
1 237 1000 265
1 543 1000 544
1 647 1000 29
1 469 1000 662
1 461 1000 322
1 283 1000 60
1 584 1000 787
1 967 1000 655
1 72 1000 68
1 399 1000 809
1 653 1000 552
1 188 1000 774
1 94 1000 474
1 356 1000 233
1 712 1000 598
1 580 1000 841
1 737 1000 379
1 388 1000 312
1 729 1000 771
1 997 1000 317
1 233 1000 121
1 217 1000 400
1 738 1000 677
1 11 1000 904
1 521 1000 621
1 483 1000 737
1 246 1000 215
1 106 1000 563
1 442 1000 796
1 353 1000 695
1 888 1000 689
1 2 1000 884
1 876 1000 350
1 542 1000 24
1 425 1000 809
1 424 1000 40
1 762 1000 941
1 975 1000 586
1 967 1000 487
1 365 1000 344
1 814 1000 272
1 261 1000 473
1 913 1000 620
1 321 1000 996
1 424 1000 938
1 916 1000 192
1 960 1000 71
1 533 1000 639
1 802 1000 376
1 963 1000 705
1 662 1000 268
1 933 1000 166
1 790 1000 398
1 59 1000 822
1 61 1000 485
1 647 1000 180
1 251 1000 531
1 488 1000 111
1 200 1000 275
1 348 1000 610
1 216 1000 65
1 632 1000 214
1 214 1000 841
1 996 1000 82
1 258 1000 71
1 671 1000 926
1 524 1000 197
1 119 1000 765
1 855 1000 409
1 10 1000 898
1 314 1000 887
1 959 1000 804
1 397 1000 464
1 316 1000 712
1 891 1000 264
1 386 1000 995
1 656 1000 306
1 897 1000 734
1 74 1000 158
1 707 1000 11
1 125 1000 154
1 46 1000 715
1 4 1000 719
1 16 1000 901
1 50 1000 146
1 899 1000 60
1 566 1000 548
1 573 1000 843
1 245 1000 850
1 734 1000 233
1 50 1000 650
1 379 1000 659
1 629 1000 164
1 340 1000 62
1 162 1000 501
1 240 1000 287
1 855 1000 520
1 887 1000 816
1 546 1000 435
1 899 1000 38
1 46 1000 861
1 634 1000 233
1 442 1000 434
1 513 1000 512
1 797 1000 924
1 77 1000 173
1 311 1000 864
1 525 1000 440
1 154 1000 620
1 191 1000 908
1 5 1000 219
1 7 1000 410
1 421 1000 159
1 86 1000 835
1 454 1000 937
1 870 1000 642
1 669 1000 293
1 95 1000 643
1 555 1000 428
1 577 1000 266
1 898 1000 373
1 636 1000 232
1 409 1000 382
1 706 1000 606
1 442 1000 796
1 200 1000 484
1 301 1000 696
1 253 1000 462
1 805 1000 255
1 240 1000 448
1 25 1000 587
1 134 1000 490
1 693 1000 67
1 899 1000 41
1 468 1000 350
1 221 1000 150
1 981 1000 278
1 574 1000 990
1 358 1000 70
1 626 1000 852
1 158 1000 542
1 215 1000 364
1 815 1000 70
1 554 1000 310
1 551 1000 721
1 396 1000 941
1 789 1000 812
1 252 1000 950
1 680 1000 456
1 312 1000 980
1 787 1000 397
1 921 1000 56
1 256 1000 174
1 133 1000 71
1 792 1000 54
1 435 1000 776
1 513 1000 693
1 279 1000 711
1 796 1000 140
1 906 1000 922
1 906 1000 97
1 269 1000 723
1 715 1000 342
1 881 1000 649
1 641 1000 333
1 485 1000 619
1 723 1000 81
1 545 1000 634
1 68 1000 732
1 317 1000 19
1 687 1000 879
1 622 1000 503
1 654 1000 767
1 14 1000 22
1 269 1000 935
1 865 1000 479
1 532 1000 524
1 399 1000 442
1 733 1000 341
1 278 1000 195
1 853 1000 123
1 21 1000 898
1 297 1000 912
1 879 1000 863
1 336 1000 572
1 19 1000 243
1 402 1000 375
1 835 1000 921
1 127 1000 197
1 628 1000 164
1 733 1000 35
1 825 1000 591
1 798 1000 369
1 191 1000 914
1 523 1000 585
1 702 1000 95
1 181 1000 12
1 315 1000 134
1 334 1000 140
1 45 1000 966
1 293 1000 482
1 743 1000 855
1 978 1000 648
1 274 1000 376
1 155 1000 226
1 327 1000 523
1 244 1000 64
1 752 1000 844
1 984 1000 187
1 23 1000 119
1 541 1000 709
1 874 1000 127
1 623 1000 338
1 942 1000 873
1 833 1000 929
1 165 1000 750
1 25 1000 146
1 707 1000 121
1 531 1000 566
1 130 1000 943
1 783 1000 794
1 595 1000 82
1 367 1000 923
1 602 1000 922
1 870 1000 90
1 389 1000 52
1 375 1000 148
1 207 1000 57
1 547 1000 86
1 518 1000 30
1 413 1000 708
1 337 1000 816
1 443 1000 729
1 990 1000 47
1 73 1000 163
1 669 1000 514
1 57 1000 490
1 755 1000 719
1 906 1000 849
1 615 1000 120
1 155 1000 848
1 732 1000 923
1 773 1000 805
1 51 1000 572
1 870 1000 377
1 775 1000 394
1 44 1000 914
1 737 1000 492
1 244 1000 307
1 866 1000 574
1 803 1000 443
1 820 1000 922
1 684 1000 138
1 328 1000 133
1 248 1000 157
1 462 1000 265
1 453 1000 705
1 654 1000 234
1 960 1000 822
1 607 1000 567
1 203 1000 661
1 140 1000 237
1 219 1000 799
1 387 1000 531
1 60 1000 983
1 47 1000 574
1 97 1000 130
1 295 1000 685
1 533 1000 801
1 734 1000 712
1 12 1000 942
1 615 1000 295
1 974 1000 293
1 512 1000 937
1 299 1000 81
1 973 1000 129
1 804 1000 44
1 425 1000 956
1 640 1000 217
1 62 1000 857
1 722 1000 61
1 272 1000 834
1 31 1000 619
1 383 1000 773
1 264 1000 618
1 399 1000 336
1 792 1000 478
1 820 1000 48
1 868 1000 533
1 275 1000 396
1 440 1000 547
1 707 1000 177
1 100 1000 359
1 423 1000 70
1 498 1000 317
1 668 1000 251
1 386 1000 780
1 50 1000 665
1 382 1000 355
1 14 1000 319
1 843 1000 533
1 383 1000 819
1 182 1000 373
1 535 1000 420
1 237 1000 972
1 790 1000 636
1 297 1000 705
1 913 1000 266
1 21 1000 27
1 598 1000 134
1 129 1000 389
1 748 1000 210
1 127 1000 960
1 284 1000 757
1 47 1000 774
1 858 1000 205
1 666 1000 9
1 16 1000 98
1 67 1000 467
1 202 1000 820
1 56 1000 13
1 132 1000 600
1 472 1000 665
1 346 1000 449
1 251 1000 42
1 579 1000 18
1 93 1000 842
1 148 1000 75
1 424 1000 293
1 407 1000 586
1 942 1000 656
1 652 1000 188
1 874 1000 113
1 957 1000 181
1 284 1000 751
1 731 1000 72
1 918 1000 371
1 977 1000 501
1 531 1000 468
1 351 1000 68
1 928 1000 909
1 986 1000 112
1 320 1000 186
1 136 1000 583
1 664 1000 989
1 683 1000 669
1 859 1000 650
1 942 1000 242
1 729 1000 425
1 194 1000 29
1 748 1000 740
1 424 1000 305
1 149 1000 475
1 516 1000 965
1 168 1000 971
1 619 1000 240
1 505 1000 413
1 115 1000 908
1 939 1000 539
1 991 1000 845
1 302 1000 553
1 178 1000 542
1 298 1000 184
1 478 1000 514
1 436 1000 196
1 996 1000 624
1 610 1000 312
1 130 1000 390
1 243 1000 880
1 404 1000 928
1 353 1000 397
1 808 1000 373
1 731 1000 535
1 906 1000 965
1 918 1000 475
1 823 1000 653
1 198 1000 960
1 436 1000 530
1 257 1000 917
1 509 1000 212
1 253 1000 941
1 348 1000 407
1 370 1000 880
1 502 1000 62
1 676 1000 711
1 21 1000 953
1 796 1000 278
1 846 1000 515
1 452 1000 15
1 24 1000 638
1 376 1000 797
1 239 1000 207
1 464 1000 13
1 81 1000 102
1 590 1000 604
1 882 1000 381
1 246 1000 970
1 465 1000 200
1 810 1000 260
1 193 1000 966
1 838 1000 291
1 360 1000 673
1 212 1000 637
1 211 1000 255
1 377 1000 398
1 488 1000 84
1 212 1000 251
1 729 1000 691
1 859 1000 139
1 763 1000 194
1 441 1000 805
1 951 1000 151
1 613 1000 207
1 318 1000 223
1 648 1000 436
1 817 1000 618
1 813 1000 629
1 348 1000 16
1 735 1000 919
1 547 1000 593
1 738 1000 735
1 160 1000 836
1 322 1000 405
1 682 1000 139
1 535 1000 718
1 641 1000 860
1 6 1000 867
1 153 1000 74
1 947 1000 671
1 518 1000 75
1 126 1000 435
1 318 1000 670
1 962 1000 344
1 78 1000 262
1 156 1000 684
1 594 1000 926
1 414 1000 488
1 569 1000 168
1 711 1000 982
1 977 1000 256
1 626 1000 584
1 613 1000 673
1 419 1000 597
1 599 1000 336
1 629 1000 386
1 571 1000 344
1 794 1000 232
1 70 1000 709
1 830 1000 709
1 273 1000 635
1 666 1000 705
1 254 1000 950
1 377 1000 269
1 280 1000 963
1 378 1000 208
1 777 1000 65
1 635 1000 239
1 716 1000 668
1 14 1000 628
1 798 1000 377
1 375 1000 849
1 219 1000 314
1 147 1000 748
1 48 1000 27
1 414 1000 851
1 924 1000 648
1 623 1000 241
1 135 1000 567
1 252 1000 712
1 122 1000 215
1 192 1000 235
1 295 1000 31
1 993 1000 821
1 372 1000 553
1 858 1000 463
1 40 1000 534
1 347 1000 702
1 311 1000 282
1 353 1000 102
1 48 1000 864
1 271 1000 257
1 425 1000 748
1 969 1000 918
1 818 1000 669
1 480 1000 65
1 355 1000 894
1 196 1000 358
1 675 1000 138
1 542 1000 720
1 548 1000 531
1 416 1000 4
1 733 1000 768
1 173 1000 176
1 152 1000 438
1 511 1000 355
1 749 1000 161
1 601 1000 982
1 538 1000 948
1 734 1000 450
1 249 1000 740
1 560 1000 519
1 985 1000 47
1 370 1000 13
1 470 1000 178
1 615 1000 862
1 776 1000 339
1 511 1000 907
1 408 1000 872
1 721 1000 370
1 339 1000 888
1 919 1000 984
1 715 1000 49
1 701 1000 802
1 906 1000 290
1 99 1000 886
1 122 1000 29
1 616 1000 645
1 74 1000 68
1 582 1000 332
1 938 1000 682
1 1000 1000 973
1 721 1000 120
1 67 1000 597
1 643 1000 293
1 936 1000 655
1 869 1000 396
1 757 1000 495
1 481 1000 219
1 519 1000 243
1 107 1000 615
1 55 1000 404
1 297 1000 299
1 703 1000 792
1 663 1000 640
1 226 1000 912
1 393 1000 973
1 692 1000 596
1 296 1000 998
1 937 1000 940
1 542 1000 115
1 797 1000 364
1 925 1000 844
1 716 1000 633
1 649 1000 214
1 921 1000 677
1 58 1000 297
1 525 1000 859
1 139 1000 180
1 806 1000 621
1 607 1000 500
1 310 1000 37
1 947 1000 571
1 93 1000 656
1 286 1000 677
1 548 1000 402
1 394 1000 339
1 623 1000 877
1 620 1000 47
1 893 1000 785
1 388 1000 901
1 699 1000 382
1 651 1000 9
1 522 1000 662
1 417 1000 250
1 503 1000 703
1 419 1000 208
1 876 1000 989
1 895 1000 436
1 815 1000 853
1 75 1000 242
1 483 1000 279
1 44 1000 34
1 835 1000 945
1 306 1000 564
1 74 1000 30
1 954 1000 787
1 739 1000 972
1 576 1000 85
1 831 1000 140
1 649 1000 541
1 500 1000 616
1 674 1000 228
1 866 1000 319
1 713 1000 50
1 544 1000 499
1 476 1000 722
1 423 1000 390
1 736 1000 621
1 991 1000 75
1 480 1000 42
1 297 1000 844
1 772 1000 224
1 674 1000 558
1 953 1000 331
1 442 1000 342
1 170 1000 64
1 379 1000 980
1 28 1000 113
1 660 1000 668
1 482 1000 296
1 861 1000 683
1 80 1000 108
1 261 1000 415
1 832 1000 400
1 771 1000 56
1 227 1000 94
1 478 1000 886
1 976 1000 397
1 881 1000 634
1 555 1000 592
1 894 1000 689
1 67 1000 803
1 55 1000 193
1 449 1000 656
1 730 1000 785
1 475 1000 70
1 993 1000 91
1 198 1000 222
1 671 1000 89
1 509 1000 294
1 718 1000 207
1 888 1000 583
1 142 1000 606
1 805 1000 787
1 620 1000 572
1 695 1000 745
1 322 1000 781
1 783 1000 129
1 320 1000 240
1 696 1000 182
1 458 1000 7
1 1 1000 383
1 551 1000 342
1 286 1000 404
1 916 1000 673
1 409 1000 312
1 72 1000 931
1 948 1000 999
1 849 1000 348
1 38 1000 539
1 572 1000 273
1 995 1000 302
1 548 1000 273
1 543 1000 466
1 945 1000 913
1 196 1000 126
1 301 1000 749
1 625 1000 623
1 379 1000 48
1 569 1000 750
1 851 1000 409
1 331 1000 319
1 515 1000 971
1 573 1000 523
1 263 1000 666
1 770 1000 27
1 928 1000 248
1 842 1000 351
1 693 1000 789
1 620 1000 669
1 346 1000 295
1 103 1000 309
1 708 1000 813
1 785 1000 934
1 455 1000 367
1 339 1000 119
1 811 1000 198
1 502 1000 193
1 152 1000 898
1 366 1000 276
1 44 1000 18
1 489 1000 898
1 825 1000 848
1 496 1000 170
1 244 1000 269
1 144 1000 27
1 66 1000 869
1 35 1000 467
1 960 1000 340
1 828 1000 153
1 306 1000 386
1 129 1000 87
1 566 1000 956
1 535 1000 23
1 970 1000 138
1 320 1000 639
1 812 1000 411
1 645 1000 434
1 382 1000 428
1 627 1000 592
1 89 1000 947
1 839 1000 885
1 620 1000 376
1 36 1000 178
1 376 1000 943
1 121 1000 160
1 975 1000 973
1 750 1000 165
1 310 1000 452
1 857 1000 475
1 29 1000 446
1 859 1000 844
1 852 1000 531
1 792 1000 635
1 570 1000 91
1 529 1000 219
1 273 1000 9
1 868 1000 8
1 970 1000 426
1 436 1000 486
1 909 1000 866
1 982 1000 561
1 545 1000 515
1 417 1000 70
1 154 1000 576
1 407 1000 498
1 153 1000 627
1 369 1000 510
1 937 1000 976
1 380 1000 735
1 213 1000 198
1 521 1000 324
1 27 1000 247
1 414 1000 78
1 942 1000 32
1 656 1000 939
1 582 1000 244
1 501 1000 264
1 985 1000 756
1 303 1000 455
1 973 1000 807
1 574 1000 604
1 340 1000 10
1 404 1000 98
1 968 1000 265
1 719 1000 360
1 659 1000 114
1 329 1000 3
1 144 1000 504
1 811 1000 417
1 941 1000 623
1 565 1000 571
1 496 1000 209
1 534 1000 26
1 927 1000 486
1 121 1000 664
1 552 1000 473
1 898 1000 465
1 51 1000 120
1 910 1000 628
1 597 1000 962
1 60 1000 345
1 242 1000 174
1 738 1000 208
1 212 1000 148
1 215 1000 385
1 281 1000 127
1 833 1000 259
1 472 1000 217
1 79 1000 703
1 511 1000 225
1 84 1000 45
1 783 1000 17
1 286 1000 48
1 535 1000 597
1 188 1000 850
1 976 1000 910
1 56 1000 426
1 943 1000 220
1 324 1000 447
1 776 1000 354
1 839 1000 296
1 464 1000 584
1 167 1000 685
1 996 1000 771
1 889 1000 473
1 962 1000 2
1 172 1000 994
1 606 1000 184
1 242 1000 856
1 553 1000 654
1 572 1000 328
1 408 1000 47
1 855 1000 94
1 651 1000 733
1 484 1000 972
1 903 1000 902
1 864 1000 591
1 165 1000 663
1 830 1000 781
1 69 1000 98
1 518 1000 997
1 368 1000 412
1 6 1000 57
1 508 1000 978
1 287 1000 543
1 168 1000 152
1 781 1000 287
1 325 1000 884
1 804 1000 296
1 110 1000 370
1 542 1000 984
1 370 1000 829
1 266 1000 343
1 718 1000 287
1 838 1000 589
1 95 1000 588
1 116 1000 334
1 820 1000 351
1 754 1000 623
1 340 1000 711
1 968 1000 431
1 412 1000 602
1 916 1000 583
1 633 1000 783
1 177 1000 175
1 290 1000 108
1 11 1000 693
1 356 1000 765
1 701 1000 152
1 118 1000 55
1 282 1000 944
1 184 1000 260
1 611 1000 285
1 898 1000 7
1 807 1000 804
1 650 1000 114
1 425 1000 174
1 417 1000 535
1 103 1000 809
1 970 1000 239
1 202 1000 788
1 571 1000 842
1 920 1000 67
1 990 1000 583
1 451 1000 251
1 652 1000 601
1 559 1000 305
1 660 1000 698
1 913 1000 603
1 112 1000 604
1 946 1000 669
1 772 1000 637
1 370 1000 516
1 553 1000 148
1 474 1000 394
1 492 1000 564
1 104 1000 904
1 631 1000 571
1 246 1000 71
1 836 1000 766
1 673 1000 342
1 145 1000 169
1 540 1000 941
1 608 1000 813
1 305 1000 31
1 127 1000 501
1 880 1000 289
1 854 1000 23
1 791 1000 958
1 980 1000 538
1 264 1000 632
1 810 1000 438
1 235 1000 659
1 545 1000 385
1 208 1000 152
1 644 1000 785
1 914 1000 969
1 836 1000 676
1 834 1000 699
1 500 1000 347
1 361 1000 427
1 817 1000 527
1 617 1000 390
1 187 1000 559
1 812 1000 675
1 865 1000 378
1 849 1000 489
1 809 1000 548
1 165 1000 50
1 924 1000 586
1 899 1000 519
1 273 1000 499
1 932 1000 787
1 12 1000 570
1 330 1000 730
1 970 1000 261
1 336 1000 311
1 728 1000 120
1 281 1000 186
1 170 1000 451
1 400 1000 910
1 965 1000 312
1 529 1000 746
1 54 1000 645
1 887 1000 560
1 55 1000 111
1 710 1000 497
1 285 1000 165
1 290 1000 884
1 457 1000 395
1 117 1000 814
1 977 1000 189
1 954 1000 402
1 712 1000 488
1 56 1000 930
1 687 1000 159
1 95 1000 348
1 815 1000 343
1 360 1000 978
1 429 1000 6
1 318 1000 601
1 469 1000 56
1 660 1000 569
1 694 1000 805
1 645 1000 606
1 735 1000 445
1 60 1000 521
1 380 1000 204
1 729 1000 588
1 216 1000 164
1 772 1000 946
1 926 1000 687
1 166 1000 208
1 256 1000 560
1 284 1000 701
1 580 1000 1000
1 268 1000 923
1 198 1000 161
1 224 1000 529
1 111 1000 223
1 131 1000 511
1 795 1000 883
1 112 1000 748
1 339 1000 676
1 93 1000 390
1 696 1000 385
1 75 1000 348
1 182 1000 89
1 777 1000 631
1 171 1000 609
1 484 1000 295
1 21 1000 171
1 958 1000 988
1 992 1000 854
1 903 1000 183
1 264 1000 949
1 793 1000 917
1 901 1000 250
1 339 1000 542
1 486 1000 312
1 895 1000 915
1 688 1000 351
1 122 1000 459
1 897 1000 136
1 619 1000 60
1 945 1000 182
1 345 1000 519
1 803 1000 755
1 264 1000 702
1 191 1000 125
1 865 1000 123
1 371 1000 353
1 142 1000 887
1 539 1000 501
1 463 1000 162
1 728 1000 738
1 555 1000 186
1 470 1000 653
1 941 1000 941
1 236 1000 906
1 284 1000 113
1 951 1000 693
1 153 1000 372
1 811 1000 397
1 352 1000 776
1 312 1000 445
1 620 1000 466
1 862 1000 183
1 15 1000 276
1 598 1000 740
1 885 1000 238
1 327 1000 835
1 878 1000 658
1 697 1000 979
1 771 1000 600
1 949 1000 759
1 579 1000 497
1 303 1000 787
1 366 1000 292
1 973 1000 43
1 852 1000 49
1 124 1000 335
1 847 1000 118
1 903 1000 232
1 169 1000 5
1 497 1000 953
1 18 1000 570
1 308 1000 575
1 584 1000 511
1 775 1000 742
1 524 1000 636
1 188 1000 170
1 844 1000 620
1 455 1000 674
1 575 1000 447
1 776 1000 192
1 603 1000 665
1 18 1000 199
1 932 1000 253
1 128 1000 296
1 691 1000 54
1 423 1000 363
1 624 1000 144
1 576 1000 771
1 621 1000 531
1 262 1000 540
1 227 1000 477
1 32 1000 27
1 911 1000 687
1 206 1000 33
1 263 1000 890
1 542 1000 796
1 583 1000 154
1 771 1000 473
1 192 1000 716
1 539 1000 392
1 760 1000 556
1 414 1000 396
1 912 1000 917
1 386 1000 98
1 858 1000 461
1 392 1000 260
1 852 1000 756
1 506 1000 247
1 179 1000 987
1 572 1000 222
1 525 1000 519
1 452 1000 909
1 789 1000 38
1 84 1000 900
1 604 1000 855
1 484 1000 326
1 168 1000 201
1 454 1000 846
1 7 1000 125
1 171 1000 475
1 683 1000 483
1 744 1000 186
1 459 1000 747
1 811 1000 470
1 496 1000 519
1 640 1000 683
1 636 1000 268
1 363 1000 500
1 676 1000 654
1 25 1000 441
1 361 1000 674
1 661 1000 918
1 967 1000 379
1 678 1000 655
1 321 1000 97
1 584 1000 65
1 651 1000 176
1 958 1000 163
1 349 1000 435
1 737 1000 847
1 311 1000 546
1 503 1000 763
1 587 1000 852
1 654 1000 684
1 668 1000 947
1 890 1000 145
1 478 1000 80
1 845 1000 692
1 489 1000 768
1 327 1000 787
1 189 1000 391
1 575 1000 949
1 676 1000 334
1 42 1000 164
1 180 1000 547
1 578 1000 365
1 184 1000 713
1 964 1000 581
1 292 1000 463
1 465 1000 757
1 226 1000 583
1 100 1000 969
1 6 1000 76
1 586 1000 65
1 563 1000 210
1 638 1000 778
1 940 1000 590
1 259 1000 533
1 991 1000 98
1 505 1000 88
1 230 1000 840
1 240 1000 406
1 77 1000 492
1 792 1000 673
1 39 1000 990
1 45 1000 855
1 565 1000 407
1 863 1000 533
1 953 1000 357
1 287 1000 981
1 572 1000 381
1 614 1000 162
1 822 1000 657
1 224 1000 312
1 75 1000 284
1 660 1000 702
1 829 1000 966
1 511 1000 292
1 925 1000 884
1 151 1000 894
1 42 1000 788
1 797 1000 229
1 259 1000 800
1 130 1000 228
1 776 1000 867
1 476 1000 852
1 944 1000 33
1 55 1000 317
1 629 1000 194
1 51 1000 221
1 341 1000 916
1 58 1000 594
1 536 1000 505
1 833 1000 927
1 754 1000 879
1 830 1000 680
1 129 1000 738
1 629 1000 968
1 772 1000 867
1 944 1000 353
1 331 1000 478
1 292 1000 27
1 17 1000 356
1 206 1000 692
1 20 1000 843
1 819 1000 186
1 14 1000 9
1 114 1000 79
1 708 1000 575
1 988 1000 118
1 634 1000 327
1 750 1000 442
1 707 1000 369
1 319 1000 423
1 467 1000 697
1 796 1000 909
1 316 1000 798
1 53 1000 541
1 437 1000 408
1 257 1000 914
1 475 1000 857
1 909 1000 8
1 233 1000 168
1 755 1000 940
1 235 1000 443
1 819 1000 741
1 53 1000 90
1 425 1000 943
1 493 1000 513
1 382 1000 782
1 160 1000 394
1 458 1000 706
1 596 1000 411
1 69 1000 5
1 202 1000 869
1 340 1000 574
1 702 1000 849
1 82 1000 460
1 986 1000 869
1 851 1000 120
1 458 1000 24
1 31 1000 854
1 850 1000 490
1 777 1000 408
1 554 1000 999
1 199 1000 453
1 446 1000 253
1 763 1000 291
1 880 1000 915
1 456 1000 662
1 279 1000 491
1 304 1000 966
1 981 1000 284
1 707 1000 637
1 564 1000 939
1 420 1000 100
1 964 1000 649
1 89 1000 256
1 731 1000 871
1 694 1000 341
1 592 1000 147
1 132 1000 957
1 261 1000 670
1 461 1000 209
1 949 1000 131
1 512 1000 311
1 318 1000 465
1 554 1000 869
1 637 1000 741
1 13 1000 626
1 678 1000 111
1 43 1000 661
1 250 1000 746
1 548 1000 438
1 340 1000 758
1 492 1000 171
1 857 1000 323
1 72 1000 785
1 695 1000 697
1 992 1000 783
1 854 1000 183
1 822 1000 615
1 298 1000 784
1 481 1000 512
1 885 1000 17
1 352 1000 273
1 373 1000 397
1 135 1000 327
1 618 1000 139
1 50 1000 520
1 577 1000 772
1 66 1000 859
1 88 1000 827
1 106 1000 594
1 858 1000 401
1 125 1000 38
1 889 1000 291
1 835 1000 923
1 661 1000 743
1 285 1000 870
1 957 1000 778
1 2 1000 769
1 606 1000 132
1 734 1000 161
1 996 1000 63
1 150 1000 450
1 220 1000 135
1 399 1000 51
1 149 1000 271
1 306 1000 853
1 651 1000 784
1 252 1000 467
1 38 1000 691
1 82 1000 801
1 384 1000 64
1 924 1000 456
1 971 1000 7
1 329 1000 726
1 444 1000 534
1 865 1000 152
1 281 1000 404
1 396 1000 25
1 329 1000 427
1 333 1000 922
1 171 1000 258
1 118 1000 617
1 280 1000 840
1 809 1000 811
1 588 1000 867
1 263 1000 228
1 340 1000 923
1 505 1000 459
1 807 1000 161
1 516 1000 153
1 205 1000 869
1 722 1000 975
1 386 1000 867
1 661 1000 658
1 826 1000 622
1 816 1000 428
1 859 1000 275
1 601 1000 104
1 554 1000 706
1 518 1000 104
1 922 1000 186
1 46 1000 818
1 166 1000 684
1 263 1000 275
1 310 1000 161
1 839 1000 491
1 199 1000 260
1 422 1000 257
1 844 1000 22
1 436 1000 436
1 941 1000 414
1 456 1000 437
1 59 1000 633
1 846 1000 479
1 53 1000 259
1 70 1000 102
1 194 1000 50
1 579 1000 716
1 313 1000 793
1 62 1000 553
1 680 1000 119
1 783 1000 193
1 497 1000 129
1 722 1000 236
1 392 1000 880
1 805 1000 694
1 302 1000 403
1 616 1000 125
1 941 1000 907
1 298 1000 217
1 281 1000 221
1 914 1000 868
1 924 1000 222
1 239 1000 469
1 419 1000 17
1 750 1000 133
1 891 1000 953
1 519 1000 373
1 455 1000 841
1 692 1000 869
1 130 1000 85
1 777 1000 177
1 421 1000 237
1 320 1000 806
1 801 1000 307
1 859 1000 66
1 957 1000 121
1 741 1000 226
1 768 1000 765
1 539 1000 216
1 214 1000 860
1 212 1000 394
1 487 1000 196
1 854 1000 50
1 810 1000 348
1 627 1000 431
1 496 1000 334
1 690 1000 166
1 894 1000 443
1 330 1000 101
1 791 1000 827
1 260 1000 799
1 841 1000 940
1 427 1000 434
1 112 1000 852
1 821 1000 884
1 668 1000 170
1 793 1000 469
1 10 1000 717
1 454 1000 367
1 413 1000 205
1 704 1000 172
1 93 1000 283
1 432 1000 743
1 867 1000 500
1 986 1000 943
1 879 1000 577
1 206 1000 301
1 786 1000 862
1 881 1000 806
1 311 1000 954
1 56 1000 240
1 817 1000 467
1 383 1000 199
1 640 1000 700
1 347 1000 629
1 87 1000 696
1 437 1000 101
1 999 1000 730
1 726 1000 782
1 808 1000 762
1 388 1000 226
1 189 1000 328
1 719 1000 673
1 56 1000 478
1 916 1000 700
1 715 1000 777
1 202 1000 933
1 646 1000 696
1 168 1000 744
1 174 1000 253
1 350 1000 546
1 327 1000 449
1 823 1000 601
1 190 1000 260
1 870 1000 389
1 991 1000 963
1 647 1000 798
1 733 1000 932
1 722 1000 625
1 834 1000 238
1 884 1000 304
1 227 1000 635
1 917 1000 566
1 102 1000 826
1 630 1000 544
1 205 1000 927
1 28 1000 780
1 423 1000 190
1 509 1000 561
1 49 1000 501
1 111 1000 11
1 997 1000 241
1 858 1000 235
1 343 1000 231
1 546 1000 50
1 661 1000 66
1 2 1000 846
1 761 1000 10
1 58 1000 480
1 610 1000 985
1 207 1000 422
1 357 1000 476
1 307 1000 419
1 86 1000 207
1 12 1000 133
1 533 1000 865
1 52 1000 476
1 727 1000 110
1 524 1000 252
1 406 1000 723
1 481 1000 697
1 833 1000 783
1 616 1000 318
1 952 1000 625
1 731 1000 628
1 278 1000 779
1 226 1000 19
1 198 1000 609
1 306 1000 885
1 887 1000 319
1 143 1000 734
1 459 1000 668
1 117 1000 861
1 634 1000 225
1 878 1000 90
1 517 1000 583
1 796 1000 697
1 61 1000 529
1 486 1000 731
1 458 1000 223
1 693 1000 382
1 257 1000 43
1 147 1000 916
1 249 1000 246
1 151 1000 916
1 103 1000 227
1 985 1000 946
1 256 1000 624
1 722 1000 342
1 420 1000 292
1 348 1000 706
1 446 1000 709
1 213 1000 346
1 481 1000 492
1 495 1000 960
1 196 1000 420
1 423 1000 113
1 777 1000 83
1 844 1000 504
1 907 1000 994
1 435 1000 335
1 948 1000 367
1 111 1000 586
1 881 1000 653
1 247 1000 515
1 920 1000 172
1 658 1000 161
1 4 1000 235
1 870 1000 851
1 865 1000 65
1 694 1000 555
1 318 1000 838
1 680 1000 242
1 281 1000 1
1 266 1000 557
1 237 1000 289
1 722 1000 226
1 368 1000 492
1 115 1000 534
1 146 1000 383
1 128 1000 38
1 147 1000 289
1 276 1000 238
1 478 1000 993
1 649 1000 122
1 847 1000 594
1 485 1000 35
1 945 1000 946
1 972 1000 346
1 487 1000 621
1 359 1000 427
1 408 1000 303
1 931 1000 132
1 530 1000 317
1 911 1000 497
1 131 1000 886
1 982 1000 5
1 861 1000 866
1 640 1000 398
1 249 1000 263
1 381 1000 51
1 206 1000 872
1 223 1000 880
1 238 1000 511
1 805 1000 931
1 580 1000 197
1 153 1000 421
1 797 1000 344
1 596 1000 440
1 879 1000 307
1 697 1000 94
1 219 1000 608
1 206 1000 998
1 752 1000 655
1 815 1000 741
1 147 1000 779
1 54 1000 988
1 687 1000 521
1 348 1000 545
1 703 1000 8
1 833 1000 900
1 185 1000 363
1 814 1000 165
1 197 1000 961
1 739 1000 31
1 293 1000 336
1 445 1000 882
1 731 1000 73
1 401 1000 733
1 801 1000 427
1 77 1000 694
1 239 1000 86
1 470 1000 753
1 345 1000 103
1 108 1000 153
1 3 1000 663
1 131 1000 298
1 402 1000 604
1 696 1000 774
1 481 1000 639
1 877 1000 821
1 944 1000 622
1 495 1000 971
1 759 1000 942
1 879 1000 996
1 548 1000 911
1 956 1000 552
1 533 1000 554
1 640 1000 11
1 341 1000 210
1 111 1000 199
1 859 1000 946
1 143 1000 642
1 233 1000 538
1 558 1000 932
1 318 1000 770
1 761 1000 618
1 628 1000 991
1 725 1000 454
1 418 1000 301
1 527 1000 193
1 165 1000 164
1 364 1000 611
1 798 1000 971
1 783 1000 196
1 590 1000 595
1 404 1000 992
1 185 1000 380
1 640 1000 547
1 169 1000 897
1 852 1000 192
1 279 1000 137
1 768 1000 321
1 737 1000 464
1 489 1000 959
1 342 1000 651
1 986 1000 692
1 240 1000 592
1 764 1000 557
1 412 1000 37
1 333 1000 358
1 71 1000 540
1 610 1000 479
1 190 1000 217
1 896 1000 310
1 219 1000 354
1 727 1000 320
1 672 1000 138
1 603 1000 185
1 395 1000 201
1 419 1000 286
1 228 1000 801
1 284 1000 846
1 646 1000 239
1 636 1000 446
1 504 1000 96
1 784 1000 87
1 737 1000 779
1 298 1000 170
1 134 1000 114
1 92 1000 61
1 818 1000 663
1 990 1000 256
1 345 1000 819
1 435 1000 849
1 42 1000 773
1 350 1000 182
1 833 1000 463
1 709 1000 678
1 853 1000 60
1 548 1000 892
1 431 1000 757
1 23 1000 112
1 346 1000 354
1 627 1000 799
1 287 1000 140
1 932 1000 243
1 176 1000 84
1 638 1000 688
1 542 1000 78
1 657 1000 452
1 389 1000 143
1 489 1000 51
1 849 1000 402
1 860 1000 921
1 462 1000 104
1 248 1000 909
1 468 1000 614
1 262 1000 327
1 961 1000 674
1 294 1000 546
1 214 1000 201
1 184 1000 617
1 530 1000 98
1 109 1000 275
1 464 1000 464
1 114 1000 120
1 626 1000 610
1 540 1000 608
1 874 1000 351
1 600 1000 566
1 584 1000 573
1 36 1000 901
1 602 1000 82
1 119 1000 70
1 639 1000 369
1 741 1000 470
1 667 1000 105
1 363 1000 111
1 268 1000 239
1 268 1000 8
1 347 1000 825
1 583 1000 402
1 833 1000 704
1 258 1000 631
1 743 1000 168
1 407 1000 391
1 35 1000 850
1 206 1000 878
1 662 1000 794
1 260 1000 100
1 988 1000 332
1 351 1000 660
1 710 1000 8
1 37 1000 587
1 277 1000 518
1 551 1000 973
1 459 1000 125
1 191 1000 801
1 226 1000 270
1 90 1000 49
1 982 1000 837
1 965 1000 461
1 852 1000 120
1 181 1000 609
1 78 1000 839
1 861 1000 877
1 196 1000 607
1 904 1000 833
1 727 1000 228
1 962 1000 988
1 608 1000 946
1 976 1000 711
1 87 1000 561
1 511 1000 93
1 753 1000 42
1 462 1000 542
1 714 1000 790
1 813 1000 845
1 645 1000 201
1 731 1000 878
1 439 1000 179
1 56 1000 228
1 510 1000 935
1 19 1000 298
1 840 1000 286
1 200 1000 684
1 474 1000 912
1 579 1000 254
1 234 1000 805
1 637 1000 455
1 133 1000 113
1 590 1000 345
1 349 1000 783
1 738 1000 664
1 917 1000 498
1 170 1000 255
1 935 1000 281
1 601 1000 633
1 358 1000 90
1 803 1000 934
1 958 1000 247
1 990 1000 203
1 428 1000 320
1 746 1000 654
1 317 1000 23
1 918 1000 351
1 249 1000 176
1 877 1000 125
1 881 1000 392
1 309 1000 528
1 19 1000 264
1 866 1000 417
1 470 1000 260
1 842 1000 851
1 80 1000 935
1 326 1000 703
1 788 1000 843
1 572 1000 538
1 49 1000 772
1 944 1000 333
1 429 1000 843
1 725 1000 66
1 561 1000 600
1 878 1000 77
1 74 1000 670
1 502 1000 741
1 948 1000 490
1 465 1000 902
1 244 1000 848
1 306 1000 487
1 972 1000 206
1 556 1000 460
1 888 1000 348
1 27 1000 196
1 517 1000 947
1 831 1000 388
1 373 1000 100
1 790 1000 480
1 103 1000 883
1 972 1000 130
1 660 1000 961
1 411 1000 425
1 413 1000 933
1 813 1000 177
1 708 1000 553
1 163 1000 952
1 443 1000 125
1 423 1000 599
1 399 1000 615
1 799 1000 981
1 563 1000 825
1 328 1000 639
1 326 1000 767
1 76 1000 699
1 670 1000 710
1 830 1000 584
1 976 1000 453
1 54 1000 660
1 780 1000 868
1 641 1000 79
1 189 1000 756
1 657 1000 2
1 160 1000 21
1 310 1000 755
1 290 1000 707
1 354 1000 69
1 389 1000 974
1 955 1000 10
1 4 1000 750
1 522 1000 227
1 229 1000 508
1 617 1000 727
1 24 1000 209
1 319 1000 708
1 848 1000 641
1 626 1000 354
1 635 1000 877
1 249 1000 308
1 186 1000 169
1 727 1000 486
1 895 1000 54
1 410 1000 17
1 365 1000 247
1 741 1000 399
1 475 1000 543
1 705 1000 105
1 996 1000 538
1 753 1000 563
1 50 1000 203
1 480 1000 485
1 289 1000 159
1 425 1000 676
1 516 1000 296
1 147 1000 18
1 670 1000 267
1 519 1000 159
1 519 1000 562
1 974 1000 956
1 107 1000 78
1 178 1000 488
1 59 1000 370
1 82 1000 160
1 986 1000 814
1 744 1000 642
1 524 1000 175
1 257 1000 257
1 860 1000 327
1 548 1000 132
1 173 1000 314
1 928 1000 303
1 970 1000 972
1 586 1000 920
1 352 1000 698
1 915 1000 647
1 612 1000 132
1 135 1000 605
1 532 1000 523
1 932 1000 802
1 753 1000 605
1 129 1000 742
1 339 1000 348
1 340 1000 14
1 651 1000 33
1 901 1000 705
1 44 1000 375
1 428 1000 152
1 473 1000 176
1 815 1000 826
1 706 1000 287
1 144 1000 507
1 281 1000 252
1 77 1000 884
1 15 1000 554
1 68 1000 847
1 775 1000 993
1 125 1000 34
1 58 1000 768
1 833 1000 417
1 386 1000 808
1 661 1000 134
1 155 1000 707
1 282 1000 34
1 974 1000 579
1 956 1000 61
1 284 1000 485
1 1000 1000 606
1 856 1000 206
1 146 1000 956
1 800 1000 651
1 912 1000 615
1 403 1000 882
1 115 1000 482
1 298 1000 743
1 569 1000 625
1 995 1000 838
1 669 1000 926
1 213 1000 892
1 250 1000 8
1 267 1000 260
1 300 1000 312
1 929 1000 543
1 126 1000 699
1 186 1000 321
1 941 1000 750
1 271 1000 915
1 600 1000 615
1 182 1000 777
1 42 1000 566
1 617 1000 349
1 271 1000 381
1 771 1000 214
1 243 1000 34
1 42 1000 579
1 62 1000 666
1 399 1000 7
1 705 1000 953
1 706 1000 709
1 729 1000 10
1 4 1000 896
1 326 1000 31
1 820 1000 470
1 524 1000 236
1 280 1000 604
1 584 1000 602
1 601 1000 638
1 536 1000 901
1 586 1000 285
1 312 1000 815
1 354 1000 99
1 158 1000 902
1 860 1000 257
1 225 1000 951
1 402 1000 202
1 20 1000 300
1 76 1000 918
1 894 1000 684
1 967 1000 886
1 263 1000 278
1 980 1000 391
1 651 1000 854
1 264 1000 953
1 931 1000 783
1 101 1000 168
1 742 1000 990
1 75 1000 514
1 768 1000 381
1 381 1000 226
1 158 1000 496
1 763 1000 313
1 468 1000 90
1 699 1000 35
1 860 1000 687
1 315 1000 63
1 401 1000 125
1 848 1000 44
1 571 1000 908
1 138 1000 290
1 782 1000 957
1 878 1000 402
1 178 1000 979
1 965 1000 521
1 498 1000 867
1 426 1000 138
1 568 1000 190
1 152 1000 977
1 953 1000 977
1 438 1000 165
1 729 1000 402
1 441 1000 123
1 492 1000 51
1 36 1000 22
1 59 1000 906
1 922 1000 459
1 561 1000 190
1 197 1000 209
1 38 1000 323
1 460 1000 41
1 751 1000 908
1 264 1000 783
1 913 1000 962
1 268 1000 383
1 564 1000 768
1 442 1000 911
1 598 1000 37
1 992 1000 817
1 904 1000 646
1 42 1000 845
1 573 1000 791
1 198 1000 858
1 409 1000 67
1 216 1000 356
1 810 1000 987
1 536 1000 959
1 167 1000 153
1 808 1000 934
1 93 1000 354
1 451 1000 648
1 495 1000 988
1 22 1000 702
1 566 1000 489
1 211 1000 916
1 746 1000 242
1 78 1000 461
1 100 1000 322
1 386 1000 480
1 94 1000 28
1 847 1000 403
1 519 1000 646
1 496 1000 213
1 397 1000 825
1 784 1000 791
1 73 1000 565
1 579 1000 234
1 901 1000 728
1 796 1000 727
1 144 1000 188
1 610 1000 502
1 54 1000 209
1 217 1000 152
1 953 1000 893
1 356 1000 280
1 568 1000 566
1 135 1000 67
1 367 1000 954
1 103 1000 841
1 127 1000 847
1 247 1000 139
1 266 1000 477
1 959 1000 648
1 788 1000 751
1 927 1000 517
1 800 1000 87
1 643 1000 358
1 374 1000 948
1 381 1000 588
1 398 1000 162
1 528 1000 445
1 430 1000 494
1 199 1000 557
1 796 1000 544
1 592 1000 750
1 904 1000 587
1 468 1000 273
1 672 1000 543
1 519 1000 103
1 887 1000 831
1 885 1000 816
1 5 1000 723
1 28 1000 376
1 507 1000 463
1 360 1000 251
1 403 1000 77
1 497 1000 217
1 57 1000 422
1 297 1000 10
1 952 1000 539
1 682 1000 672
1 214 1000 603
1 954 1000 404
1 409 1000 908
1 734 1000 520
1 273 1000 203
1 540 1000 286
1 820 1000 898
1 881 1000 218
1 710 1000 608
1 892 1000 923
1 18 1000 203
1 753 1000 341
1 669 1000 658
1 302 1000 242
1 756 1000 194
1 810 1000 269
1 669 1000 926
1 737 1000 965
1 543 1000 849
1 922 1000 140
1 101 1000 131
1 878 1000 99
1 726 1000 510
1 391 1000 32
1 84 1000 859
1 198 1000 128
1 77 1000 47
1 714 1000 520
1 77 1000 269
1 720 1000 414
1 834 1000 276
1 70 1000 355
1 744 1000 323
1 86 1000 481
1 917 1000 976
1 734 1000 553
1 375 1000 937
1 121 1000 828
1 911 1000 827
1 260 1000 48
1 479 1000 787
1 6 1000 589
1 767 1000 956
1 623 1000 727
1 834 1000 915
1 882 1000 91
1 516 1000 524
1 582 1000 563
1 507 1000 987
1 386 1000 813
1 930 1000 409
1 527 1000 384
1 231 1000 954
1 984 1000 432
1 317 1000 894
1 709 1000 381
1 842 1000 302
1 473 1000 27
1 650 1000 837
1 15 1000 993
1 157 1000 522
1 398 1000 678
1 246 1000 811
1 623 1000 775
1 77 1000 109
1 827 1000 672
1 242 1000 184
1 144 1000 229
1 340 1000 480
1 476 1000 555
1 117 1000 794
1 840 1000 412
1 478 1000 334
1 38 1000 299
1 416 1000 663
1 728 1000 929
1 614 1000 47
1 660 1000 840
1 211 1000 485
1 899 1000 917
1 986 1000 424
1 280 1000 430
1 684 1000 471
1 772 1000 40
1 431 1000 606
1 13 1000 903
1 166 1000 551
1 79 1000 380
1 307 1000 411
1 691 1000 612
1 457 1000 764
1 100 1000 577
1 279 1000 448
1 875 1000 149
1 695 1000 187
1 576 1000 215
1 481 1000 202
1 635 1000 515
1 68 1000 150
1 451 1000 328
1 743 1000 164
1 886 1000 899
1 683 1000 432
1 653 1000 854
1 152 1000 264
1 947 1000 434
1 812 1000 853
1 847 1000 74
1 921 1000 759
1 690 1000 935
1 148 1000 787
1 259 1000 357
1 21 1000 680
1 353 1000 684
1 251 1000 968
1 911 1000 805
1 273 1000 614
1 413 1000 67
1 546 1000 636
1 981 1000 511
1 930 1000 207
1 738 1000 331
1 649 1000 807
1 580 1000 444
1 625 1000 324
1 47 1000 291
1 161 1000 850
1 168 1000 201
1 140 1000 649
1 730 1000 45
1 83 1000 43
1 779 1000 258
1 912 1000 623
1 625 1000 452
1 145 1000 726
1 901 1000 602
1 845 1000 907
1 591 1000 63
1 883 1000 131
1 51 1000 269
1 248 1000 481
1 461 1000 942
1 224 1000 288
1 239 1000 417
1 601 1000 194
1 355 1000 840
1 96 1000 843
1 573 1000 56
1 330 1000 98
1 980 1000 180
1 597 1000 309
1 493 1000 369
1 580 1000 117
1 240 1000 557
1 800 1000 190
1 691 1000 703
1 199 1000 230
1 538 1000 702
1 491 1000 634
1 735 1000 479
1 991 1000 707
1 79 1000 72
1 96 1000 794
1 545 1000 297
1 496 1000 907
1 233 1000 944
1 171 1000 879
1 71 1000 993
1 28 1000 793
1 688 1000 119
1 846 1000 722
1 670 1000 654
1 237 1000 224
1 998 1000 275
1 739 1000 615
1 519 1000 608
1 496 1000 517
1 72 1000 725
1 647 1000 66
1 374 1000 266
1 509 1000 982
1 659 1000 900
1 423 1000 599
1 293 1000 668
1 954 1000 103
1 945 1000 268
1 214 1000 559
1 326 1000 297
1 189 1000 850
1 872 1000 475
1 431 1000 165
1 680 1000 566
1 289 1000 32
1 871 1000 475
1 457 1000 867
1 557 1000 559
1 110 1000 895
1 319 1000 455
1 341 1000 252
1 178 1000 513
1 286 1000 515
1 775 1000 25
1 294 1000 147
1 468 1000 105
1 598 1000 347
1 443 1000 819
1 280 1000 211
1 72 1000 875
1 666 1000 604
1 887 1000 974
1 92 1000 744
1 888 1000 122
1 320 1000 960
1 803 1000 557
1 619 1000 489
1 237 1000 1000
1 969 1000 905
1 2 1000 10
1 578 1000 310
1 701 1000 17
1 981 1000 435
1 839 1000 978
1 65 1000 855
1 325 1000 838
1 479 1000 147
1 323 1000 54
1 659 1000 965
1 314 1000 30
1 851 1000 669
1 90 1000 157
1 545 1000 840
1 170 1000 963
1 958 1000 580
1 750 1000 65
1 227 1000 664
1 209 1000 959
1 623 1000 627
1 839 1000 798
1 281 1000 710
1 210 1000 578
1 616 1000 223
1 100 1000 179
1 412 1000 603
1 917 1000 39
1 627 1000 989
1 143 1000 786
1 719 1000 88
1 744 1000 604
1 729 1000 608
1 926 1000 537
1 372 1000 669
1 537 1000 769
1 48 1000 411
1 342 1000 504
1 674 1000 914
1 318 1000 298
1 985 1000 449
1 423 1000 872
1 932 1000 69
1 1000 1000 734
1 147 1000 929
1 577 1000 209
1 798 1000 514
1 142 1000 928
1 686 1000 204
1 838 1000 104
1 724 1000 85
1 382 1000 173
1 159 1000 426
1 590 1000 23
1 104 1000 679
1 491 1000 75
1 595 1000 994
1 667 1000 801
1 427 1000 662
1 797 1000 695
1 438 1000 289
1 483 1000 835
1 36 1000 573
1 905 1000 754
1 785 1000 674
1 146 1000 608
1 884 1000 162
1 595 1000 372
1 382 1000 495
1 157 1000 935
1 516 1000 264
1 805 1000 542
1 14 1000 921
1 970 1000 151
1 756 1000 832
1 813 1000 60
1 575 1000 441
1 48 1000 749
1 332 1000 857
1 649 1000 468
1 543 1000 902
1 294 1000 882
1 477 1000 543
1 357 1000 26
1 428 1000 174
1 705 1000 711
1 787 1000 404
1 628 1000 723
1 320 1000 985
1 459 1000 271
1 329 1000 643
1 650 1000 129
1 922 1000 226
1 343 1000 592
1 521 1000 610
1 554 1000 636
1 896 1000 643
1 114 1000 717
1 549 1000 191
1 779 1000 476
1 1 1000 398
1 159 1000 474
1 984 1000 517
1 756 1000 620
1 368 1000 178
1 521 1000 63
1 780 1000 66
1 902 1000 848
1 300 1000 650
1 639 1000 102
1 687 1000 534
1 405 1000 120
1 202 1000 846
1 830 1000 911
1 341 1000 290
1 924 1000 21
1 708 1000 181
1 337 1000 282
1 462 1000 235
1 48 1000 418
1 813 1000 301
1 833 1000 206
1 879 1000 870
1 809 1000 174
1 800 1000 271
1 117 1000 654
1 929 1000 621
1 326 1000 887
1 685 1000 277
1 674 1000 618
1 113 1000 691
1 354 1000 501
1 851 1000 923
1 86 1000 872
1 524 1000 213
1 318 1000 764
1 748 1000 592
1 245 1000 601
1 700 1000 25
1 117 1000 807
1 144 1000 689
1 332 1000 247
1 259 1000 549
1 94 1000 557
1 999 1000 118
1 866 1000 213
1 836 1000 771
1 546 1000 110
1 47 1000 908
1 786 1000 781
1 275 1000 111
1 261 1000 128
1 984 1000 559
1 178 1000 160
1 633 1000 535
1 534 1000 874
1 950 1000 291
1 530 1000 592
1 388 1000 221
1 572 1000 639
1 350 1000 252
1 842 1000 366
1 287 1000 467
1 457 1000 122
1 278 1000 334
1 119 1000 460
1 351 1000 938
1 656 1000 382
1 236 1000 340
1 984 1000 686
1 512 1000 680
1 867 1000 97
1 706 1000 566
1 602 1000 59
1 873 1000 581
1 914 1000 129
1 794 1000 559
1 999 1000 388
1 163 1000 597
1 520 1000 285
1 960 1000 744
1 132 1000 615
1 870 1000 515
1 218 1000 838
1 966 1000 200
1 73 1000 584
1 674 1000 664
1 60 1000 685
1 183 1000 468
1 916 1000 66
1 512 1000 804
1 622 1000 361
1 918 1000 316
1 842 1000 186
1 978 1000 278
1 51 1000 377
1 522 1000 708
1 32 1000 305
1 522 1000 635
1 289 1000 884
1 136 1000 301
1 336 1000 240
1 369 1000 194
1 530 1000 771
1 215 1000 152
1 848 1000 834
1 727 1000 594
1 265 1000 379
1 396 1000 825
1 161 1000 250
1 148 1000 766
1 130 1000 139
1 506 1000 841
1 708 1000 63
1 881 1000 461
1 852 1000 672
1 871 1000 221
1 914 1000 308
1 666 1000 474
1 145 1000 522
1 418 1000 7
1 429 1000 437
1 278 1000 48
1 156 1000 2
1 760 1000 904
1 974 1000 892
1 586 1000 178
1 605 1000 856
1 778 1000 115
1 8 1000 805
1 658 1000 972
1 962 1000 524
1 430 1000 393
1 107 1000 230
1 896 1000 421
1 283 1000 374
1 910 1000 519
1 279 1000 847
1 783 1000 491
1 499 1000 891
1 301 1000 89
1 847 1000 192
1 490 1000 823
1 375 1000 745
1 272 1000 33
1 439 1000 666
1 711 1000 438
1 676 1000 690
1 702 1000 335
1 319 1000 453
1 623 1000 810
1 291 1000 220
1 135 1000 30
1 24 1000 550
1 439 1000 319
1 614 1000 556
1 632 1000 397
1 807 1000 868
1 378 1000 327
1 957 1000 404
1 940 1000 517
1 623 1000 887
1 368 1000 848
1 554 1000 481
1 832 1000 965
1 568 1000 677
1 138 1000 511
1 297 1000 994
1 881 1000 714
1 559 1000 713
1 301 1000 662
1 520 1000 28
1 429 1000 843
1 633 1000 53
1 48 1000 309
1 201 1000 917
1 125 1000 626
1 49 1000 438
1 187 1000 282
1 129 1000 600
1 292 1000 932
1 391 1000 171
1 193 1000 231
1 474 1000 99
1 153 1000 433
1 335 1000 895
1 727 1000 18
1 884 1000 706
1 497 1000 607
1 958 1000 913
1 139 1000 826
1 615 1000 651
1 853 1000 447
1 770 1000 362
1 694 1000 153
1 924 1000 442
1 594 1000 208
1 449 1000 64
1 403 1000 689
1 795 1000 134
1 370 1000 901
1 295 1000 384
1 525 1000 163
1 978 1000 404
1 450 1000 612
1 980 1000 814
1 461 1000 744
1 215 1000 563
1 387 1000 807
1 137 1000 934
1 407 1000 206
1 483 1000 924
1 842 1000 685
1 991 1000 206
1 234 1000 660
1 366 1000 841
1 979 1000 428
1 797 1000 336
1 911 1000 766
1 433 1000 702
1 410 1000 152
1 409 1000 62
1 196 1000 736
1 677 1000 226
1 723 1000 812
1 605 1000 415
1 531 1000 799
1 121 1000 562
1 424 1000 313
1 746 1000 425
1 66 1000 21
1 692 1000 758
1 645 1000 656
1 744 1000 162
1 46 1000 500
1 630 1000 113
1 383 1000 928
1 301 1000 72
1 262 1000 502
1 625 1000 836
1 444 1000 954
1 508 1000 234
1 626 1000 381
1 793 1000 282
1 440 1000 651
1 429 1000 950
1 900 1000 845
1 170 1000 781
1 254 1000 575
1 659 1000 833
1 610 1000 287
1 742 1000 368
1 647 1000 669
1 152 1000 697
1 417 1000 747
1 356 1000 9
1 178 1000 413
1 437 1000 883
1 843 1000 187
1 635 1000 651
1 100 1000 616
1 153 1000 148
1 266 1000 860
1 716 1000 820
1 347 1000 885
1 870 1000 184
1 298 1000 56
1 751 1000 612
1 371 1000 557
1 342 1000 568
1 907 1000 970
1 260 1000 374
1 2 1000 954
1 247 1000 923
1 109 1000 776
1 207 1000 499
1 501 1000 660
1 12 1000 825
1 541 1000 78
1 54 1000 663
1 524 1000 153
1 564 1000 795
1 122 1000 359
1 46 1000 732
1 53 1000 969
1 217 1000 39
