5346
724 26 26 765
547 569 421 18
996 650 139 970
935 4 347 371
902 246 386 432
639 511 185 977
867 960 207 846
852 546 30 662
948 392 377 955
984 840 321 151
624 561 325 408
786 259 207 841
707 769 44 203
589 828 369 494
795 958 65 709
659 29 159 269
781 320 12 274
510 929 39 121
765 166 454 381
624 394 230 386
797 311 395 181
607 928 85 476
734 769 284 535
989 896 39 59
893 458 7 804
974 270 135 171
766 204 96 712
662 457 79 897
888 780 418 376
510 13 400 91
713 297 3 108
980 171 312 327
857 375 103 833
975 320 365 811
955 891 26 469
832 404 163 39
861 588 496 147
821 778 54 689
916 767 253 166
764 676 244 183
944 613 95 378
860 284 403 461
651 815 492 768
998 644 26 756
746 574 150 906
574 893 304 437
719 492 123 69
813 362 345 82
914 161 252 131
899 630 298 295
926 947 391 346
941 259 406 696
762 181 24 923
915 83 13 202
755 864 69 351
664 904 131 976
617 389 158 679
621 785 369 645
691 761 408 986
609 557 22 378
707 850 457 741
970 463 299 770
557 335 203 586
669 489 18 527
675 85 106 209
787 898 381 398
556 621 491 226
599 534 280 256
649 828 10 272
635 627 353 47
734 65 474 919
674 649 431 288
863 918 393 296
813 439 138 184
532 107 177 56
597 154 190 603
690 604 332 295
556 267 284 532
949 282 416 160
695 889 108 636
604 369 386 203
768 331 443 637
638 759 429 974
924 530 311 148
511 310 313 799
903 896 120 923
955 315 260 510
854 565 80 334
793 562 252 223
742 586 61 687
852 465 253 584
558 202 15 351
848 508 224 505
591 739 8 771
554 866 309 151
830 744 5 507
676 782 129 389
542 748 420 487
675 683 308 706
521 6 485 263
877 89 474 651
734 69 97 716
811 464 345 14
751 640 19 7
794 480 123 27
967 185 216 160
556 395 164 76
933 37 280 45
615 484 174 980
668 648 373 728
852 799 62 681
889 963 279 565
593 99 315 216
843 853 240 815
942 110 188 949
547 609 469 802
534 238 228 432
883 49 75 852
889 388 264 842
773 754 50 236
836 186 46 492
865 440 261 266
759 77 159 793
619 622 214 77
649 608 80 118
890 783 297 972
997 634 356 48
844 803 62 846
939 922 454 91
523 222 419 53
754 452 140 61
952 380 164 59
853 287 389 502
627 586 381 449
700 92 108 905
815 906 51 950
677 230 127 311
713 730 293 682
869 782 213 305
673 239 63 14
935 477 354 656
649 50 398 513
847 614 47 675
985 635 55 26
870 928 435 757
844 851 396 604
692 311 182 636
970 441 148 849
796 28 495 42
586 555 479 479
893 485 410 214
851 278 353 217
785 689 434 832
542 356 194 412
790 872 32 92
760 691 84 167
525 79 460 476
709 664 452 553
546 992 112 321
753 967 369 437
969 801 466 595
836 130 427 114
507 533 465 847
737 488 257 593
567 50 75 842
751 708 317 715
828 654 283 463
801 201 223 846
635 561 400 284
716 350 268 891
814 938 146 123
698 548 336 183
908 427 423 145
983 432 348 155
942 285 375 726
597 18 48 192
746 625 205 113
975 245 402 660
545 802 303 204
884 985 289 542
963 646 418 676
699 78 205 254
816 389 411 243
518 997 285 971
804 4 127 724
686 928 408 178
578 449 63 548
613 542 14 536
833 466 57 216
811 436 488 50
542 938 40 699
601 453 211 299
689 19 195 335
823 726 303 173
749 283 364 369
611 186 427 803
658 977 253 959
922 990 422 34
628 415 160 67
729 679 489 852
608 513 415 274
938 31 472 170
675 169 173 102
927 247 114 562
813 184 128 796
922 137 187 480
678 347 209 676
561 429 280 359
648 364 15 606
800 810 322 908
562 80 449 426
700 253 107 399
969 824 223 575
501 458 122 109
834 374 6 680
550 881 462 681
948 985 455 366
618 880 180 443
837 503 448 874
835 44 218 680
752 495 212 35
526 708 311 575
800 554 158 648
908 655 85 686
939 219 463 604
869 421 315 950
644 122 125 616
685 949 19 429
778 546 285 476
866 317 219 647
738 273 293 171
758 642 112 844
826 566 413 342
547 672 443 336
989 263 356 475
635 402 87 208
648 286 438 222
715 902 228 728
910 602 461 675
888 199 267 800
555 466 479 789
512 545 8 593
680 259 423 143
948 326 358 806
532 503 99 292
897 647 149 720
882 661 98 669
899 789 114 902
629 308 424 512
936 800 137 881
757 897 85 189
539 474 230 432
574 640 53 791
550 391 14 956
768 591 140 946
876 85 102 652
944 24 128 266
584 538 338 261
937 220 320 580
530 310 308 34
851 400 364 848
693 809 283 278
588 720 68 334
594 711 57 567
903 826 480 710
939 696 31 548
560 549 73 129
838 220 380 931
976 488 79 413
539 775 254 108
506 800 400 50
581 787 49 101
590 586 54 569
964 607 348 880
537 24 15 252
655 221 296 942
954 741 94 123
918 215 438 178
639 840 270 583
670 856 201 744
843 942 57 595
817 36 170 760
534 254 70 261
560 67 178 413
894 332 407 849
886 652 238 623
734 230 34 642
686 926 27 31
745 837 246 887
760 518 1 826
681 728 324 202
804 546 172 673
849 990 454 156
817 714 314 807
799 675 29 373
806 652 342 654
911 952 89 756
827 274 314 255
516 559 394 744
668 248 154 422
889 83 2 989
700 940 107 392
715 181 22 273
898 311 301 570
872 891 392 262
852 457 433 205
664 408 244 701
695 27 315 40
975 377 251 579
657 879 384 127
898 63 185 763
664 130 392 535
938 683 245 386
627 769 373 452
558 922 304 990
862 279 10 564
776 884 192 793
611 688 352 599
974 790 168 507
979 970 55 642
502 486 426 608
877 349 146 435
567 105 217 337
597 775 273 393
548 825 474 150
876 300 331 559
882 722 151 660
643 435 66 109
827 687 309 758
618 275 201 776
724 877 102 882
881 8 109 40
609 381 132 386
846 538 194 216
816 905 295 753
646 909 85 555
779 983 258 65
971 921 279 218
683 477 393 717
587 99 336 843
783 815 224 394
826 243 182 129
804 132 360 821
694 621 113 288
598 69 189 319
816 721 21 301
691 397 142 665
596 465 258 260
955 412 409 890
581 859 400 709
883 920 305 750
713 21 342 3
831 810 371 649
679 739 318 261
558 574 466 839
849 42 353 686
984 650 6 517
789 112 136 418
931 219 298 765
810 884 104 277
596 305 246 342
973 215 301 223
522 437 20 799
799 516 43 53
582 734 384 18
970 376 183 912
589 618 250 71
884 82 293 574
619 175 281 710
839 969 32 804
945 461 491 492
721 184 456 292
814 108 158 951
800 329 83 67
767 841 439 482
836 610 52 78
919 5 170 370
616 473 425 605
632 894 427 883
739 545 175 423
602 339 249 450
561 763 402 337
761 768 75 934
589 5 14 437
942 918 82 412
854 106 168 295
905 993 289 568
904 147 485 999
605 265 111 699
981 691 243 758
602 659 201 726
826 479 71 193
856 998 268 310
500 281 426 141
715 830 319 795
752 373 258 93
875 47 217 944
670 947 119 786
698 531 76 531
994 291 476 911
525 908 216 955
884 735 452 120
619 66 434 769
536 234 335 83
690 414 419 723
802 869 244 991
773 331 356 741
688 586 110 331
668 301 393 76
815 61 239 474
996 284 311 751
669 877 194 92
915 442 281 838
628 25 391 311
599 180 283 113
960 130 481 964
682 676 143 875
1000 481 212 792
732 384 497 419
554 532 137 749
669 835 294 493
695 371 385 133
927 505 346 417
631 188 485 783
578 486 454 131
568 174 68 982
939 754 469 188
842 383 306 123
669 982 325 227
728 909 351 260
527 428 183 380
564 151 167 777
929 40 69 414
678 519 165 918
540 317 67 222
591 460 427 270
608 816 180 395
914 202 318 867
541 597 338 765
733 896 38 707
949 891 63 654
632 257 298 578
651 852 330 403
654 767 131 498
508 200 369 499
606 555 490 437
746 340 391 974
826 110 202 492
903 233 205 625
622 310 179 581
539 497 275 498
598 616 187 511
594 404 184 359
671 165 169 324
686 800 406 208
986 231 462 653
516 372 120 979
986 566 19 463
801 401 346 684
616 144 139 452
908 217 107 705
862 740 209 864
558 460 15 146
584 159 193 296
531 815 342 116
513 56 45 386
836 365 291 2
523 45 364 198
717 595 237 422
980 471 248 862
718 888 137 806
629 32 274 252
892 26 409 466
687 600 67 912
904 691 116 194
764 84 86 809
661 939 449 994
690 910 38 451
800 473 227 799
741 428 149 509
810 745 95 960
558 241 44 369
641 659 180 195
657 208 96 817
560 69 329 258
733 901 46 641
875 162 222 918
904 103 77 331
528 658 266 960
695 531 403 46
747 523 335 537
560 159 242 594
902 74 377 144
875 553 259 667
660 538 287 966
517 720 488 467
897 78 482 777
934 445 466 724
508 769 496 539
931 702 104 671
892 182 477 724
525 126 41 17
802 60 2 604
736 913 125 254
584 593 72 563
971 89 224 671
513 96 377 180
756 404 173 959
529 840 458 657
618 855 395 418
612 616 140 470
948 691 60 872
825 731 387 382
646 196 87 617
914 736 119 66
805 475 126 632
616 236 313 751
519 684 138 18
676 647 208 490
646 943 469 844
775 208 205 407
854 578 474 721
834 928 79 53
921 300 418 775
513 886 402 179
874 986 326 732
664 910 465 324
708 173 462 373
656 170 400 335
610 913 372 812
934 99 482 290
504 843 438 377
966 973 336 992
950 449 421 855
999 902 179 499
847 792 33 554
813 752 129 590
856 528 325 67
679 397 301 277
809 777 58 875
630 894 311 799
504 991 17 913
905 947 312 422
936 516 313 572
582 534 475 164
980 552 357 666
654 422 187 214
747 24 167 604
716 326 405 216
904 371 196 935
693 730 424 259
750 780 4 616
810 1000 399 281
914 866 435 280
600 313 135 76
997 605 100 392
896 514 259 473
643 199 217 606
697 526 150 902
754 78 226 794
580 913 406 674
957 658 225 24
704 387 144 599
600 382 222 926
712 967 29 618
778 506 371 292
509 820 42 764
875 117 390 402
841 392 484 475
976 256 22 221
827 551 48 140
754 966 61 818
862 114 301 264
541 833 347 624
549 572 120 782
870 713 464 717
527 617 252 586
921 304 176 815
711 448 492 855
951 377 485 593
609 713 66 974
842 29 301 534
839 881 440 879
766 460 153 262
891 290 296 857
878 558 124 768
907 804 191 131
972 451 357 734
500 147 337 331
839 586 169 899
936 911 57 827
661 68 293 883
773 610 71 233
569 572 61 651
905 459 440 960
803 80 92 906
514 852 461 83
566 60 394 390
918 148 24 256
822 375 408 750
551 869 436 334
863 301 499 389
576 984 326 530
605 917 72 112
808 363 77 20
613 906 409 750
688 931 46 809
872 523 309 467
987 459 370 78
943 931 107 387
504 547 311 987
963 423 121 292
669 979 349 283
808 415 74 520
722 102 211 89
561 986 92 399
616 259 13 874
956 85 204 754
819 924 183 146
936 158 296 885
872 245 325 366
732 707 424 128
584 880 31 79
611 452 261 687
772 671 339 876
788 797 41 800
815 26 483 634
939 493 350 870
761 507 287 177
508 527 418 603
865 156 303 59
567 927 338 747
505 134 456 500
982 18 495 474
656 84 332 556
992 159 429 498
694 38 434 711
835 402 226 627
866 258 95 88
711 484 325 933
745 743 23 124
895 273 223 643
853 781 238 476
516 609 19 585
847 620 337 386
980 633 308 140
902 512 198 646
650 655 95 901
776 697 57 693
824 676 66 6
983 604 419 685
524 960 3 697
641 658 275 34
632 769 328 374
577 226 83 958
892 827 32 553
867 432 54 48
925 24 120 117
925 263 368 375
691 732 195 419
671 471 123 90
985 624 117 762
943 899 39 69
829 990 392 994
706 167 295 266
780 915 225 32
977 127 27 880
738 513 357 641
580 509 65 952
707 638 171 332
690 935 253 26
674 823 270 900
638 330 268 462
725 176 313 705
970 764 34 336
643 148 70 503
824 355 67 996
891 846 350 964
760 901 171 565
944 106 48 845
618 54 318 969
969 808 287 214
956 68 173 396
621 96 371 449
552 177 26 559
619 32 388 891
704 113 244 546
657 362 21 311
515 227 304 747
709 470 46 861
825 450 389 188
776 22 59 243
714 608 7 763
856 25 493 41
982 274 10 592
969 162 92 420
563 620 63 22
513 302 351 7
990 453 436 751
599 335 242 122
869 340 16 157
957 113 103 872
743 203 165 950
739 218 190 320
867 430 351 502
724 74 458 609
523 6 341 827
774 404 425 68
919 901 264 279
681 420 148 640
864 362 137 793
811 795 254 996
948 204 413 933
691 511 124 366
590 422 225 505
686 741 435 811
739 80 286 590
695 226 400 851
924 761 227 569
812 591 175 927
852 355 42 80
912 331 414 305
535 950 290 845
722 304 149 50
901 453 187 6
696 622 282 30
726 25 425 636
909 648 8 51
871 741 367 910
718 65 489 287
950 205 101 992
688 737 271 438
777 861 483 739
820 57 32 792
591 201 488 74
732 384 54 188
633 625 291 169
711 544 296 190
727 811 398 564
927 974 301 73
794 844 29 968
646 55 483 790
929 153 318 995
664 474 50 270
860 677 90 603
544 418 95 977
537 84 74 441
858 340 138 991
786 78 11 825
560 378 186 371
609 959 459 224
789 96 264 914
516 180 390 168
903 323 88 604
757 998 88 385
878 559 487 199
694 614 49 762
823 628 311 269
521 216 333 333
542 44 306 18
556 357 464 321
521 662 389 844
540 427 400 575
925 103 113 689
773 490 463 101
735 491 179 285
998 330 448 602
615 635 389 569
847 986 231 726
726 618 277 835
833 763 177 133
697 715 342 149
614 329 498 664
889 805 197 419
759 192 22 547
745 790 28 136
674 779 130 353
606 851 290 221
792 5 46 152
957 415 200 922
728 957 436 561
751 960 194 344
813 230 222 220
703 838 337 240
703 106 298 231
963 379 431 199
998 283 200 739
874 526 8 325
834 550 79 709
594 477 12 516
763 261 257 996
912 65 347 829
897 845 50 430
636 830 367 128
791 905 263 274
984 437 231 439
751 859 182 111
722 882 282 437
932 231 181 104
735 737 119 380
764 428 275 903
573 274 92 421
552 70 231 903
585 302 445 881
817 974 174 768
545 15 115 637
873 267 331 159
589 208 300 677
836 391 148 439
516 955 159 229
750 892 329 132
894 662 439 25
584 318 468 520
734 526 196 717
932 80 353 904
582 464 164 872
595 299 483 227
589 123 157 593
632 872 498 711
570 584 194 9
657 923 163 566
735 474 441 946
815 918 413 903
888 660 223 725
855 886 464 52
938 628 468 183
658 777 482 934
636 556 267 649
889 820 311 905
795 193 82 170
921 712 65 398
706 474 409 358
515 75 266 958
674 152 475 704
583 569 387 947
770 578 423 113
871 212 166 551
655 467 488 809
991 480 215 927
797 357 344 91
974 277 401 82
914 466 378 31
808 127 265 863
969 605 491 478
782 216 280 77
684 781 489 414
925 954 466 945
604 190 63 449
860 794 395 153
978 394 38 545
773 257 314 191
736 379 437 54
578 283 20 697
891 46 255 659
911 374 428 573
541 912 449 62
669 378 101 619
563 428 295 938
709 213 210 18
624 336 262 535
577 354 40 351
682 153 342 838
747 349 424 486
723 621 7 32
924 142 24 636
853 867 61 955
827 215 262 95
658 915 460 575
632 687 30 86
546 204 9 871
704 517 374 997
940 321 461 95
714 362 464 422
926 703 290 872
562 713 455 261
659 459 10 469
529 179 234 997
956 523 432 754
573 257 278 918
702 955 283 379
938 539 177 256
941 505 128 757
818 831 171 626
652 545 406 740
828 75 241 108
611 576 294 467
550 650 234 648
990 993 405 479
977 900 175 546
943 300 419 919
522 848 292 871
542 364 459 102
802 321 304 121
814 541 113 87
900 396 361 55
811 433 87 753
991 658 330 247
761 93 35 990
506 401 419 142
946 566 491 55
784 713 430 640
689 796 279 162
638 734 251 217
781 552 423 566
835 538 172 996
977 399 455 153
868 591 169 251
624 746 316 963
638 648 380 531
909 87 387 397
780 42 442 273
539 560 384 90
951 367 60 806
966 198 381 92
926 693 258 597
928 55 163 108
673 928 202 66
981 220 104 984
581 372 1 369
955 1 366 334
516 477 400 231
740 694 280 671
866 668 335 428
526 857 494 543
975 728 141 223
906 831 284 133
653 219 157 330
959 974 169 468
909 257 340 564
600 636 458 955
675 55 416 179
833 279 380 675
974 736 370 679
798 582 396 137
560 151 132 858
806 842 94 85
623 434 202 36
988 507 482 153
607 135 470 556
702 321 372 633
648 677 323 287
795 475 411 624
825 30 213 158
673 943 35 687
701 580 47 681
899 154 161 507
542 533 56 563
526 541 417 407
743 74 117 472
708 184 378 430
754 354 464 686
522 162 353 74
629 32 292 788
745 634 194 126
890 358 250 336
696 593 458 68
536 354 138 954
988 423 300 465
903 533 222 580
740 812 289 115
945 909 34 264
708 918 262 327
509 703 17 213
965 305 259 220
718 127 443 850
518 797 43 68
568 686 413 595
643 134 116 305
937 856 19 704
838 809 108 140
877 834 58 41
790 429 270 395
896 864 76 231
641 109 146 754
597 8 136 9
850 641 38 769
846 622 394 120
752 565 329 286
867 193 347 851
860 78 478 135
655 680 79 680
902 442 418 304
977 575 327 859
879 166 39 573
840 669 310 141
525 552 198 431
784 256 67 69
742 885 439 259
893 433 415 905
677 491 2 24
502 539 329 103
775 45 73 336
520 354 330 924
957 440 89 479
508 819 380 354
693 996 19 944
989 877 14 62
925 993 156 714
857 154 418 141
603 748 199 909
908 281 2 375
619 494 32 627
686 123 20 220
590 340 438 984
517 599 343 764
631 910 153 646
805 916 76 829
676 467 176 309
769 37 258 287
991 258 172 276
715 704 488 69
669 115 275 356
673 278 206 766
929 282 490 402
754 846 388 6
721 527 227 134
574 293 391 454
825 791 379 865
777 876 54 508
718 456 443 711
776 633 368 526
587 146 86 392
773 364 298 665
996 378 171 384
808 968 128 639
666 633 454 328
907 449 11 932
575 159 271 686
560 443 452 937
812 384 178 358
959 254 7 301
856 102 196 500
757 431 378 70
935 88 344 12
730 944 175 727
704 424 358 732
833 43 165 975
971 62 40 370
578 799 410 722
759 754 483 150
730 230 438 55
816 397 115 885
835 590 436 447
663 380 357 884
932 1000 294 261
637 854 385 200
632 211 297 209
906 541 164 849
735 251 72 965
544 243 418 205
548 502 335 443
655 972 2 635
931 863 451 305
808 726 25 153
545 303 353 181
642 326 315 976
704 937 138 392
576 825 441 662
616 371 388 755
618 988 116 443
807 654 210 546
777 113 232 1000
916 911 20 431
893 430 171 893
980 537 233 735
727 175 349 492
883 164 494 613
598 996 235 868
861 887 483 848
668 781 309 178
717 394 422 382
768 767 187 703
889 497 347 42
884 550 235 23
649 329 464 703
643 878 349 711
957 450 38 816
687 257 150 618
955 163 179 873
787 34 78 390
874 785 107 81
899 896 181 201
629 241 484 16
667 825 377 701
805 504 271 718
526 515 89 477
601 338 379 822
906 162 49 948
782 45 467 969
597 409 324 263
519 696 473 746
526 975 252 530
608 585 498 916
967 396 230 987
562 652 312 791
905 56 376 951
978 586 127 11
969 969 462 708
774 305 496 236
986 921 353 177
865 757 295 40
719 634 349 607
708 800 478 25
672 721 467 935
578 740 442 736
969 654 392 85
942 719 495 867
925 469 248 969
595 462 32 885
700 990 74 478
945 954 462 703
886 297 204 160
656 47 365 157
845 530 295 221
623 877 330 4
554 55 295 649
809 519 41 598
720 971 291 526
509 628 85 196
683 95 472 406
902 607 393 846
620 333 358 176
541 400 129 650
1000 825 33 289
930 310 151 620
722 133 467 224
797 481 127 342
612 947 96 980
984 584 156 378
794 777 65 328
597 299 291 240
660 434 419 561
799 774 89 126
960 930 349 290
618 28 65 244
569 867 194 803
580 802 222 860
915 760 274 914
972 301 312 792
889 296 442 362
874 307 18 97
748 782 271 883
527 981 129 485
840 137 213 255
756 37 440 526
675 362 375 911
938 753 33 530
722 792 178 182
908 311 301 56
749 266 7 666
762 140 466 306
973 719 115 526
701 845 419 475
994 928 96 290
941 802 364 596
990 186 332 586
938 614 433 2
934 86 353 227
889 662 150 1
907 278 170 549
521 139 342 522
801 389 188 715
846 56 291 297
707 473 223 151
536 510 175 245
972 394 378 372
551 338 45 130
511 499 372 252
936 798 312 2
914 781 229 72
933 289 85 100
953 800 254 794
516 548 231 635
785 501 14 440
930 725 224 66
930 791 104 489
939 64 372 614
941 725 296 626
665 959 111 456
581 409 13 292
717 329 122 583
559 563 14 341
600 553 471 95
598 874 475 769
787 829 449 595
628 416 448 161
962 354 280 790
657 196 93 245
569 918 331 582
868 998 135 213
852 621 469 42
529 521 249 415
796 269 302 882
611 281 181 507
763 361 303 18
891 794 78 877
1000 891 305 553
650 952 391 653
727 254 252 858
771 436 191 964
504 294 377 892
927 857 151 532
622 241 26 62
541 103 426 974
623 130 70 826
833 618 63 672
725 183 29 809
695 143 166 404
805 918 434 823
795 768 177 436
853 130 491 963
847 60 200 810
696 348 290 462
558 915 80 151
743 7 434 919
921 815 224 63
598 678 57 299
717 29 208 788
612 565 202 399
552 483 50 588
622 319 154 426
570 242 166 661
615 773 422 448
533 986 184 465
908 772 86 508
544 153 161 140
973 632 483 563
843 485 485 800
904 617 137 55
629 940 163 861
947 620 309 191
955 717 218 192
576 649 447 740
856 982 285 233
578 413 253 675
570 32 167 540
679 377 421 325
560 694 243 290
724 729 320 54
651 539 311 314
708 781 141 601
636 607 250 81
587 589 114 244
959 251 413 272
963 953 208 582
853 396 220 574
813 160 414 92
700 429 375 594
908 404 20 407
936 711 97 537
867 765 81 500
765 20 465 931
500 3 168 277
545 638 274 549
914 818 392 437
933 350 439 485
513 773 435 239
999 747 362 209
754 175 301 554
880 356 52 568
929 192 466 147
749 28 409 923
794 897 481 617
961 35 20 877
693 211 450 265
706 948 469 509
664 111 385 354
537 524 399 610
999 382 5 689
670 419 175 906
679 991 147 927
954 618 388 343
800 541 261 636
927 585 242 489
969 865 80 719
701 212 38 819
739 278 325 76
741 936 129 204
957 891 348 693
683 857 323 359
598 93 66 476
967 460 487 138
783 846 281 286
962 34 321 772
828 244 325 401
700 524 452 891
660 709 43 405
878 884 347 952
693 311 433 11
607 77 191 780
777 612 454 937
516 678 378 343
833 151 240 193
595 54 412 776
956 308 329 1000
673 145 27 111
749 383 384 603
964 126 28 579
706 826 429 279
676 268 462 727
990 245 29 798
620 28 340 55
648 24 447 805
551 715 28 920
798 643 43 969
980 892 174 242
693 258 154 982
832 696 251 982
617 647 310 302
820 680 131 956
554 852 497 136
982 810 133 448
666 712 442 63
887 281 278 712
982 135 258 717
747 246 280 260
882 510 77 628
700 54 267 597
789 770 318 612
636 269 142 957
957 539 289 477
799 325 83 314
836 986 320 736
559 88 460 930
784 340 324 598
962 126 141 79
629 187 478 300
765 150 387 547
865 675 233 797
556 983 232 337
570 357 369 107
857 113 381 394
699 793 402 931
659 883 312 408
678 709 269 250
616 857 25 951
571 33 446 924
795 939 291 326
785 178 259 387
639 135 293 132
700 466 361 660
718 5 289 229
603 397 75 817
809 407 342 49
597 282 37 831
933 664 450 647
975 842 273 839
646 101 382 251
947 982 137 41
827 719 394 407
575 369 461 876
827 289 234 191
926 108 186 188
873 59 173 790
915 230 358 521
553 653 242 876
649 753 218 39
541 722 110 924
696 984 201 546
863 698 320 581
611 711 261 530
504 120 434 741
532 463 109 490
522 204 168 922
717 332 436 632
551 721 228 652
594 760 455 576
913 102 383 815
975 452 153 110
626 645 29 459
838 589 448 922
853 215 395 326
758 304 102 479
820 575 464 928
566 512 11 893
987 828 79 16
996 968 48 77
538 385 68 892
722 458 400 667
970 135 43 121
603 392 117 625
927 683 104 353
894 643 202 26
920 226 485 740
577 859 211 651
633 513 77 585
951 157 211 355
898 415 397 978
938 641 107 398
558 64 4 31
606 636 370 18
666 801 114 646
687 346 85 165
968 665 401 749
693 774 257 701
814 635 195 386
582 17 244 273
825 947 488 173
826 776 222 702
848 295 240 357
894 159 425 960
672 632 128 231
736 163 252 42
506 680 148 368
505 885 25 721
911 610 126 347
598 560 100 364
964 612 380 402
983 78 499 141
934 647 348 173
630 154 15 911
523 531 128 1
884 868 479 781
965 307 14 689
706 174 487 913
557 121 461 724
613 206 333 8
806 758 98 789
704 561 125 285
972 967 375 698
810 90 442 415
694 82 45 972
626 93 95 830
630 513 383 425
606 105 411 182
870 843 324 902
541 799 325 610
777 932 100 312
982 338 162 707
955 287 7 198
712 748 367 308
925 815 472 149
904 605 447 643
535 887 332 808
822 930 190 825
722 851 457 245
746 554 120 24
721 974 241 668
875 599 265 748
530 701 190 156
781 227 185 558
752 254 221 243
552 33 443 249
534 304 323 909
816 123 122 723
656 905 9 83
682 758 405 901
596 88 329 272
780 569 245 776
566 476 392 790
606 724 418 805
724 917 72 995
694 495 453 257
803 160 112 600
918 983 257 780
833 602 256 302
515 323 183 414
819 846 258 629
907 572 458 969
884 45 298 276
860 237 443 20
958 86 19 510
555 918 191 588
659 614 368 968
697 622 396 347
955 311 108 765
645 421 350 503
819 160 252 179
746 706 319 572
649 996 369 703
949 665 487 582
580 550 399 133
819 85 336 452
975 712 228 622
655 1 68 205
746 908 492 462
579 581 343 556
519 729 328 270
512 788 387 530
626 900 471 593
760 829 194 513
758 668 491 852
941 423 246 192
527 350 386 736
579 508 30 577
633 411 31 202
579 657 206 636
518 566 100 902
634 702 241 443
772 382 257 886
647 445 316 646
930 331 135 972
563 518 45 182
583 463 104 263
853 904 349 93
551 237 183 11
570 699 32 415
827 613 258 909
616 52 352 953
502 284 64 488
593 380 466 443
521 82 367 992
793 438 217 515
654 609 457 405
620 59 54 420
583 596 163 809
506 24 157 314
576 19 335 756
974 897 72 222
828 959 409 629
514 107 128 552
693 195 290 869
591 891 474 146
745 354 464 427
588 409 395 673
551 443 37 65
520 915 310 459
557 781 389 80
826 713 18 303
603 677 279 1
592 635 124 293
702 154 387 233
682 759 70 166
647 354 385 204
516 387 201 85
811 121 118 451
646 501 464 411
847 835 350 723
718 985 29 494
938 476 74 144
777 712 304 725
853 701 70 549
882 429 108 211
522 788 320 842
594 58 202 103
997 923 140 963
542 195 236 287
741 24 212 629
548 255 366 345
758 356 218 712
661 172 460 127
764 843 96 565
574 892 332 591
732 590 438 391
824 757 17 444
989 707 404 999
813 516 487 280
603 515 192 695
940 788 231 953
501 778 68 803
898 111 226 882
857 449 39 285
903 614 300 733
578 120 311 418
722 27 425 833
896 902 245 939
954 969 191 780
900 406 62 345
574 941 91 84
998 907 233 905
525 676 181 188
984 461 378 476
817 610 362 578
512 193 448 529
634 386 73 223
639 206 68 877
607 508 207 383
982 383 262 105
697 695 232 622
842 884 54 9
618 193 82 743
807 499 452 27
977 342 465 638
736 519 66 546
998 5 401 644
784 726 45 432
751 193 172 272
838 543 297 409
998 285 407 223
992 759 123 489
553 345 341 499
924 432 79 986
892 833 276 273
710 806 234 584
808 457 255 413
853 745 435 36
685 779 124 435
794 772 5 849
639 890 35 163
955 355 89 193
727 247 128 673
608 743 371 888
818 411 191 252
639 313 196 469
810 823 58 265
900 334 168 560
633 98 497 384
687 783 431 433
785 412 311 518
769 534 446 930
613 947 102 343
707 978 149 484
780 292 487 348
944 773 486 741
504 964 288 337
632 192 475 503
730 192 158 589
518 159 466 832
630 668 488 737
751 969 301 992
647 977 42 16
568 134 475 820
607 201 220 446
783 999 439 954
676 721 128 668
831 411 341 741
532 307 264 390
941 18 497 731
659 840 148 733
572 501 131 970
511 825 42 848
502 680 204 814
793 835 205 376
581 498 68 149
791 572 131 565
881 525 38 648
560 656 8 582
756 896 93 872
621 989 273 6
675 505 232 406
508 783 117 105
995 238 68 855
876 570 301 192
991 602 197 942
992 407 366 131
849 815 496 129
605 544 100 50
822 672 55 551
508 271 403 772
537 43 273 556
827 445 361 31
765 891 223 749
567 953 379 233
795 484 290 669
646 992 307 843
960 217 321 515
631 386 475 909
826 981 53 311
971 745 90 786
850 13 391 851
994 300 332 789
908 625 139 146
590 314 420 747
664 267 260 917
583 537 361 503
662 511 166 88
807 793 387 750
903 558 391 353
904 442 247 969
584 28 269 801
743 244 197 974
870 510 317 460
724 947 78 925
565 513 321 421
757 512 37 361
871 25 169 735
766 970 433 755
832 966 382 601
947 885 246 566
557 760 451 993
905 244 1 725
941 793 325 377
689 699 186 346
903 273 80 980
541 748 350 216
529 499 50 158
858 242 262 3
891 250 447 632
765 552 347 843
731 364 135 507
722 197 310 703
637 777 436 111
652 775 338 337
529 5 306 842
640 78 239 798
504 559 332 571
912 869 145 590
785 470 268 878
764 354 100 826
946 870 483 272
997 52 301 194
758 795 153 872
855 490 82 280
972 386 346 757
524 689 485 218
908 950 298 814
682 410 88 425
744 70 238 399
904 484 260 6
970 551 311 386
574 323 309 776
700 832 132 289
930 241 146 985
974 745 34 577
773 302 494 400
652 259 494 121
930 844 362 588
637 907 20 429
542 188 460 148
685 24 58 599
677 794 219 702
762 819 161 381
520 698 468 926
590 919 407 105
515 214 480 665
588 329 40 296
840 149 78 941
524 249 131 13
548 759 287 98
563 595 257 715
744 197 483 832
705 839 35 559
598 112 91 25
685 478 90 739
918 649 19 308
850 114 241 792
604 141 45 52
889 73 38 919
922 764 61 729
837 905 75 233
523 73 47 622
934 885 462 138
775 799 360 542
968 3 102 733
679 145 419 988
561 111 370 607
952 255 314 573
868 798 342 971
795 980 433 908
850 338 176 474
614 956 111 511
734 291 291 566
565 875 182 703
857 599 385 444
998 180 129 83
891 657 114 668
836 682 175 213
871 566 431 296
654 989 359 151
891 4 484 514
799 921 356 393
851 676 261 477
517 808 320 677
943 988 16 323
638 952 225 524
842 624 459 175
765 786 136 423
866 889 180 384
915 995 402 377
839 729 216 838
702 826 183 148
771 80 485 964
942 375 250 644
938 90 42 812
834 954 114 339
603 508 440 423
602 273 270 952
933 918 382 639
552 902 230 615
639 648 249 305
727 850 371 516
875 764 164 586
848 735 85 344
914 688 401 582
980 233 452 671
731 885 383 334
610 478 63 939
618 652 357 230
860 185 463 102
567 539 322 5
636 966 267 544
715 744 340 384
992 827 318 960
807 853 67 973
832 965 65 935
880 962 339 289
533 117 18 599
577 719 398 505
781 710 384 367
568 500 333 144
824 22 387 706
997 785 284 325
597 390 484 300
754 176 274 902
572 393 427 625
716 58 409 965
954 228 492 156
549 508 133 864
847 114 321 695
853 134 59 942
848 787 338 812
818 41 115 948
923 62 4 719
757 494 447 404
965 249 286 3
960 347 270 823
938 997 360 245
921 450 419 968
801 172 486 540
631 900 391 857
937 650 451 108
664 842 418 656
886 10 455 845
915 998 299 145
801 370 449 7
745 633 384 955
809 759 204 677
619 223 244 822
619 802 39 384
930 802 31 398
831 925 423 846
938 951 456 17
920 47 464 945
555 634 80 705
924 87 159 471
801 825 83 936
618 919 340 59
971 248 464 90
937 796 40 564
953 357 433 791
936 498 73 370
794 541 244 408
668 102 402 71
695 394 254 359
742 143 295 289
908 216 304 865
917 805 486 835
771 588 434 563
872 974 67 630
923 376 64 614
977 660 346 434
982 468 219 308
545 16 318 641
803 855 173 584
693 947 427 595
603 493 38 613
768 378 324 308
577 196 206 36
620 559 386 395
830 826 179 132
779 927 450 645
514 397 384 65
834 218 218 756
922 597 191 315
938 767 70 847
948 311 293 743
626 143 378 514
637 495 377 304
835 91 168 127
683 859 462 286
618 591 341 16
585 573 134 983
924 892 290 351
757 890 108 127
634 817 92 464
783 885 130 804
581 68 100 818
553 392 55 187
742 776 80 976
856 997 355 742
786 893 469 831
826 884 20 310
822 159 190 809
768 41 181 90
907 908 37 256
965 730 87 193
819 675 142 641
841 277 87 442
685 753 35 827
800 526 356 27
789 413 33 22
704 590 135 783
862 446 225 978
828 55 87 690
987 901 138 826
592 199 52 574
538 860 279 864
857 982 468 10
897 957 300 628
513 936 412 450
546 74 342 289
849 386 269 738
940 256 375 890
893 543 140 320
853 884 37 473
921 367 233 280
983 759 35 606
716 105 372 212
941 243 492 824
522 231 313 491
867 447 273 490
888 980 260 89
865 927 163 490
875 798 175 406
829 931 129 172
672 838 391 973
953 221 242 965
539 582 52 525
954 814 459 53
608 630 147 951
856 230 154 457
924 243 123 39
745 304 241 742
685 618 85 929
733 793 417 872
996 418 256 256
774 812 489 471
719 397 243 255
874 48 393 212
714 883 147 797
603 358 143 437
648 903 203 768
647 870 350 458
568 646 120 413
574 170 285 434
639 30 265 953
969 689 114 132
973 910 430 100
854 107 341 346
882 851 174 191
936 647 177 806
815 331 192 226
750 858 300 77
713 485 122 634
692 352 419 318
860 757 106 115
787 350 442 472
917 300 265 103
536 17 415 580
646 627 9 894
537 251 330 945
833 165 441 985
964 573 391 219
937 862 345 541
697 31 85 955
791 231 371 98
521 29 39 300
947 594 168 257
648 901 138 336
760 682 23 852
939 767 264 118
643 484 104 923
797 339 253 563
867 303 43 136
908 515 365 207
665 493 175 732
945 45 237 962
901 502 116 82
744 376 241 793
720 689 416 449
699 819 434 558
575 26 114 157
975 150 120 813
805 488 178 405
531 820 498 197
766 795 458 240
774 519 428 769
825 870 453 214
806 557 239 522
778 445 295 29
725 808 289 4
882 721 347 434
739 759 345 399
924 224 327 175
614 464 215 457
509 663 449 226
972 257 263 865
923 140 206 382
817 898 203 405
986 850 202 664
652 442 273 398
822 838 386 828
996 749 250 939
952 76 198 876
797 205 7 907
839 945 166 686
733 595 45 855
655 885 498 599
563 39 457 367
648 917 348 511
783 689 338 664
822 249 442 648
738 576 422 243
802 919 450 73
560 529 235 82
926 326 144 353
958 994 36 368
646 584 326 209
896 617 171 737
549 274 93 623
901 712 422 402
788 222 279 38
751 369 345 32
667 703 2 229
560 937 471 313
653 950 17 893
945 340 456 500
549 750 229 245
781 20 40 429
599 986 263 123
821 51 465 707
581 285 428 301
729 764 406 749
693 900 159 966
965 62 196 172
786 725 278 604
987 853 161 978
781 539 490 687
787 992 89 904
759 437 212 632
961 597 138 284
697 991 378 997
648 43 66 144
940 821 215 501
624 816 189 541
673 311 478 334
551 103 132 894
656 655 427 561
838 90 383 539
833 980 449 350
992 317 193 414
552 812 15 287
592 655 271 998
770 61 72 419
742 706 231 221
960 183 179 41
888 591 21 722
865 849 318 951
619 471 150 611
859 517 163 256
746 507 413 535
529 497 177 435
780 169 197 403
776 613 373 839
562 930 121 49
846 930 281 534
986 954 139 544
870 963 317 224
966 183 143 610
906 254 60 182
756 740 276 337
946 645 94 528
531 528 440 532
892 262 411 424
917 734 24 139
548 866 493 937
589 275 91 909
942 901 239 792
950 5 257 457
612 853 296 672
894 881 212 601
801 872 159 322
912 820 386 791
774 763 446 186
898 850 402 254
655 64 403 792
542 131 338 149
784 414 235 839
915 675 197 1
939 376 356 926
859 408 111 368
560 383 70 79
961 968 115 714
710 731 259 100
992 280 285 221
748 408 477 781
575 800 333 494
534 946 384 97
813 572 465 731
632 875 416 616
760 563 186 439
551 531 235 557
512 434 143 970
717 345 301 807
918 574 11 884
893 829 316 233
509 194 144 449
805 245 69 678
697 68 8 376
523 258 380 550
846 805 308 25
853 327 153 679
791 586 314 155
971 211 186 478
534 830 307 491
828 515 355 787
886 628 317 444
769 164 298 156
766 522 262 178
736 372 279 33
610 361 267 957
666 550 257 301
858 936 447 732
742 816 115 635
991 778 20 197
671 96 394 257
605 765 201 180
834 392 203 99
535 660 84 716
806 644 274 537
656 734 136 646
935 973 62 983
715 357 293 47
974 101 202 688
997 21 208 70
674 372 470 715
507 877 481 248
769 534 144 950
863 949 286 801
690 723 128 309
606 362 114 994
811 618 49 737
680 299 115 537
637 753 97 624
885 486 135 338
568 903 211 156
707 540 142 453
812 956 83 92
959 540 271 680
915 138 385 563
576 726 296 982
687 316 364 874
706 242 174 876
573 6 249 960
986 4 309 423
557 491 369 286
675 838 382 371
977 117 72 101
905 987 103 990
614 570 473 517
830 575 388 99
807 871 271 798
763 435 154 318
661 137 183 765
614 423 58 845
628 667 79 149
992 426 167 835
753 657 159 347
585 702 224 164
986 998 328 545
820 483 135 791
902 226 166 154
913 608 288 558
863 390 443 284
838 763 10 138
836 525 44 697
830 618 375 915
991 786 196 188
797 979 17 488
589 643 377 70
747 988 122 210
687 329 193 452
930 467 169 720
933 123 176 273
777 758 283 457
908 714 285 454
507 855 402 938
561 242 499 192
745 145 43 255
698 545 328 111
727 243 427 708
973 558 392 717
525 7 438 707
558 815 105 172
591 495 212 940
567 416 265 881
613 875 27 195
722 188 38 510
888 971 83 289
576 816 496 40
939 783 122 833
661 827 101 96
960 357 268 393
882 211 408 960
731 458 10 502
654 812 478 26
889 257 145 605
870 117 255 159
707 315 338 54
875 871 197 87
904 653 435 191
905 243 466 107
687 546 497 810
534 874 436 356
843 244 468 470
759 494 369 565
561 131 78 105
631 405 304 774
918 769 169 389
560 316 323 710
654 521 367 872
842 479 373 599
923 435 311 340
625 967 78 507
563 498 71 330
911 844 12 812
629 78 55 87
874 154 349 151
936 416 278 120
835 861 290 188
807 935 379 855
682 268 47 693
851 959 346 727
991 367 124 104
702 139 274 238
904 306 338 679
886 364 169 129
814 483 253 465
870 420 103 11
587 889 131 761
660 236 210 116
756 334 421 713
576 760 47 300
974 957 156 318
581 586 55 505
548 760 72 652
958 65 192 342
964 90 161 76
832 310 185 350
994 952 226 444
651 442 322 751
669 77 243 987
844 663 480 1000
750 198 46 313
671 646 245 703
760 652 2 246
894 188 391 678
613 735 24 490
690 208 466 830
607 630 263 189
704 808 162 832
502 340 205 832
946 620 126 999
864 7 32 190
641 248 421 94
736 781 335 178
990 181 46 468
996 933 101 309
879 812 35 929
943 759 359 420
576 705 327 220
662 162 264 614
791 84 405 355
819 551 387 848
602 98 487 240
524 92 413 441
720 148 202 402
925 763 410 569
603 188 119 318
994 90 284 768
768 520 22 845
834 257 391 345
880 71 290 687
592 400 127 17
956 710 477 379
719 417 158 221
545 778 290 598
640 319 492 76
967 420 490 54
509 701 48 297
882 153 374 920
644 785 370 330
619 947 284 412
602 847 414 342
780 750 102 58
606 653 62 521
526 496 318 588
829 992 399 771
678 477 271 794
891 803 293 12
885 760 312 300
921 461 103 161
635 721 428 110
767 933 271 403
635 166 79 438
647 477 289 112
977 140 196 384
875 26 370 952
755 546 222 239
593 480 277 723
511 981 54 243
995 443 376 567
560 749 182 447
815 134 23 553
552 497 146 321
984 635 338 302
586 877 499 739
548 948 312 211
520 939 121 673
864 750 375 944
555 771 325 708
772 576 143 223
996 181 93 70
592 25 271 116
802 543 341 141
895 173 188 383
510 100 161 263
673 49 317 326
745 339 209 657
548 158 125 314
849 198 245 1
680 934 241 916
674 779 167 606
535 173 344 834
628 879 201 773
642 32 301 787
942 459 187 819
864 754 152 557
684 146 314 840
868 181 338 22
823 242 260 185
810 867 224 238
561 429 120 260
744 197 353 327
931 229 453 591
946 679 303 304
509 220 332 792
953 326 181 642
755 241 46 182
814 530 476 279
775 91 45 261
509 990 84 193
542 280 211 602
894 892 163 917
620 565 332 400
956 709 376 76
624 968 311 562
800 344 266 919
924 939 113 466
583 480 217 530
512 877 317 279
931 494 441 647
921 52 340 994
1000 958 223 426
521 94 47 932
665 400 54 343
817 359 146 733
625 839 234 561
573 772 327 147
910 943 153 48
878 403 397 517
928 746 479 659
603 840 364 835
897 308 334 4
873 97 61 126
780 210 291 557
950 967 258 840
805 779 245 204
774 431 280 926
697 141 295 333
691 907 340 27
594 586 166 319
917 342 27 895
963 476 290 309
630 108 35 215
681 408 330 75
810 954 403 433
529 205 246 52
868 782 248 445
937 88 417 391
739 219 116 697
737 82 483 307
867 641 403 752
796 633 49 991
761 79 282 78
721 671 374 307
946 361 208 536
954 66 320 437
616 994 313 461
910 22 8 294
595 525 323 82
912 172 70 430
573 254 297 712
974 353 361 79
558 682 77 368
882 249 455 89
718 374 109 805
852 852 129 768
586 183 70 276
936 180 170 732
625 610 140 645
803 294 51 230
733 973 399 467
625 959 94 970
901 682 478 504
646 349 374 994
866 184 200 167
738 69 127 873
922 767 468 454
673 579 401 849
807 657 26 266
826 867 239 428
805 66 399 618
923 245 180 995
939 293 135 491
829 99 363 506
860 585 90 467
652 612 350 901
816 969 459 861
913 66 91 185
526 2 433 145
895 344 108 376
586 302 50 389
818 988 43 926
758 191 373 879
712 343 468 941
600 972 453 415
676 527 84 836
691 687 472 162
677 735 267 917
900 446 188 241
866 892 261 867
639 632 446 651
551 922 243 349
660 382 211 836
716 543 213 301
793 411 329 140
765 552 358 117
977 764 369 507
815 845 375 805
879 507 3 69
917 199 102 44
745 92 164 698
535 376 133 888
659 359 218 495
863 664 416 787
839 972 365 955
825 416 89 529
607 951 53 844
970 736 432 496
962 993 352 843
948 260 158 749
770 146 29 981
862 452 241 372
786 678 109 713
623 352 463 674
614 98 144 724
573 770 258 119
891 950 466 251
618 963 204 356
990 160 411 378
676 66 147 39
921 345 418 483
665 943 24 266
582 573 343 911
727 985 484 721
916 434 332 497
671 79 32 294
551 945 109 645
659 103 188 970
792 867 42 93
902 170 354 984
973 681 290 220
710 805 206 794
559 440 59 469
865 68 210 583
748 934 255 12
588 994 364 139
972 583 184 302
835 252 153 297
586 195 22 56
642 221 18 239
999 351 463 199
715 632 427 656
787 831 219 352
661 829 95 644
720 460 350 434
704 835 219 720
677 382 144 641
764 976 6 525
554 944 411 751
683 981 393 177
790 578 136 348
611 240 133 491
879 687 263 397
868 203 97 797
704 333 167 456
731 545 138 932
732 520 492 446
539 320 312 923
686 700 30 766
937 644 13 162
730 314 63 350
944 736 1 755
662 189 283 206
736 933 360 974
809 49 198 624
928 875 239 587
969 122 299 97
923 579 190 142
631 714 128 883
703 863 26 394
667 490 487 867
623 435 245 204
801 452 437 555
564 484 152 437
848 642 446 368
657 965 381 437
563 875 426 275
814 378 10 222
828 898 17 603
600 137 327 214
934 114 261 200
744 17 251 910
794 856 434 83
502 762 151 474
842 146 387 999
929 329 302 562
879 456 476 70
797 264 458 268
681 864 481 396
859 637 155 611
510 848 332 581
765 766 239 439
958 551 136 47
951 832 73 844
765 904 468 150
570 593 189 369
611 607 444 965
815 543 433 13
931 643 415 575
719 593 115 650
655 723 37 886
962 250 172 57
618 23 74 283
667 117 308 821
787 813 45 944
649 451 240 209
947 242 138 655
720 967 446 848
525 632 421 721
889 390 366 805
930 758 360 329
645 856 455 163
541 581 278 933
884 768 471 308
785 767 226 529
901 175 479 874
966 728 127 650
888 951 380 140
664 566 415 320
751 239 162 786
700 403 269 699
754 939 164 990
871 955 153 775
884 874 468 525
522 685 309 46
941 410 112 695
834 101 337 632
822 373 306 874
863 881 452 21
709 387 256 422
646 959 93 847
774 143 184 892
511 920 472 196
724 502 95 538
702 991 340 783
975 428 458 862
674 992 473 841
624 822 415 668
894 730 166 308
724 486 146 358
951 5 304 611
637 746 321 753
899 494 245 372
652 477 494 583
620 150 29 362
941 238 468 705
937 32 256 63
511 430 447 12
513 34 420 61
630 154 147 511
961 242 416 821
841 383 217 63
889 198 233 711
889 275 56 590
540 63 464 683
877 869 369 757
943 886 415 948
807 816 270 67
594 549 432 783
977 930 394 986
830 283 40 561
910 447 121 533
637 892 214 97
590 232 265 998
922 706 91 731
771 980 243 8
755 942 154 562
925 93 417 14
904 729 189 180
557 78 239 757
909 772 25 158
966 97 12 88
960 741 307 4
756 543 194 271
546 128 483 463
901 469 146 812
809 841 286 238
749 621 288 95
833 352 205 811
556 526 305 786
908 630 421 276
776 1 166 580
699 414 419 808
785 287 470 253
744 321 108 156
568 938 491 438
879 727 16 116
728 349 186 145
833 439 299 563
572 155 391 437
783 103 339 303
658 721 274 588
999 593 407 858
807 165 359 66
738 617 388 339
844 574 80 539
902 145 60 553
618 868 462 538
531 589 427 69
759 343 281 495
850 342 63 758
756 469 474 953
560 390 30 150
986 84 204 621
696 497 215 196
708 971 341 749
946 213 291 630
737 107 183 947
917 332 314 272
921 463 116 197
881 592 210 371
773 644 261 821
834 367 382 872
677 18 420 685
564 943 262 461
895 691 485 902
769 885 424 819
562 160 273 870
609 279 328 587
922 909 399 938
752 914 111 734
874 132 26 40
760 268 78 959
592 667 130 322
938 666 163 692
879 337 326 153
661 789 23 541
554 396 399 454
971 927 318 242
690 582 354 78
728 977 38 876
934 803 46 330
523 615 140 497
678 216 172 7
753 356 62 564
568 348 201 148
698 179 293 736
904 106 403 618
920 191 300 10
721 278 393 397
736 888 316 469
980 129 484 57
594 457 289 966
619 782 381 160
801 141 357 749
640 255 301 410
696 182 36 317
652 548 447 514
998 813 465 738
528 863 185 31
931 330 224 134
834 408 226 452
626 214 22 837
941 398 333 86
794 980 43 318
976 569 452 616
559 22 434 126
726 132 246 101
790 552 429 550
535 673 61 658
965 763 419 970
782 595 212 130
558 68 21 118
816 971 120 675
701 919 87 606
564 381 464 186
536 618 63 560
822 982 64 136
836 289 10 404
505 43 332 235
872 822 345 691
834 621 429 906
845 149 64 355
880 36 109 366
588 840 309 136
816 390 266 858
760 245 407 357
594 469 89 287
823 607 286 661
748 483 428 906
930 509 159 677
571 515 204 410
898 798 459 833
629 8 270 167
568 685 232 29
867 621 198 718
850 806 300 869
514 714 481 676
516 119 86 351
572 256 459 406
885 881 355 868
861 638 361 214
999 578 485 194
777 851 97 979
927 71 196 88
914 817 322 687
788 846 46 3
773 67 86 224
515 403 340 191
903 682 475 140
900 343 56 567
716 427 352 657
946 948 272 361
503 39 257 531
757 229 474 631
790 226 27 486
594 437 100 751
591 571 226 114
597 468 101 270
859 173 472 118
757 130 140 546
881 319 51 802
679 765 436 976
973 168 452 791
920 662 215 166
717 961 288 105
718 854 336 686
813 471 129 84
999 674 335 676
712 220 69 151
503 398 53 56
985 98 477 548
920 275 2 46
683 889 410 28
551 67 49 82
776 532 498 848
794 416 120 332
926 787 413 308
923 281 45 81
754 789 412 159
691 694 218 996
841 768 31 537
539 328 489 480
548 291 343 902
662 401 209 459
671 413 177 149
860 188 381 950
544 587 324 86
637 940 71 300
502 393 493 941
830 480 383 864
756 439 149 427
916 105 199 132
701 817 444 537
695 916 273 125
733 726 160 319
742 858 276 984
751 539 439 484
852 820 437 930
943 897 1 633
720 400 352 11
729 291 462 246
723 824 197 503
959 8 484 10
903 57 215 944
818 565 269 319
920 326 40 437
701 781 237 922
646 849 63 384
633 585 346 179
893 738 403 457
841 105 385 712
831 504 75 418
554 347 221 898
836 432 399 844
767 26 438 169
939 360 238 190
622 876 107 614
747 942 361 920
550 296 434 880
774 320 113 619
584 93 450 239
680 807 174 695
679 306 50 907
534 542 255 942
740 797 157 889
585 864 430 383
765 199 113 373
585 748 487 981
722 743 171 689
657 16 214 40
888 173 223 308
552 219 157 835
530 147 77 858
907 595 59 718
805 973 268 260
875 440 402 432
634 903 142 591
534 447 20 675
753 184 319 969
969 822 490 214
957 760 453 276
670 842 51 14
982 637 480 336
808 548 143 976
732 889 281 516
776 592 455 529
681 717 227 440
904 810 146 767
531 563 189 459
995 820 268 125
861 78 183 397
534 863 160 342
728 518 363 61
752 341 97 11
803 790 179 530
524 170 60 984
765 955 237 221
797 140 265 620
785 540 354 513
717 342 242 327
620 421 150 94
788 135 21 342
768 641 107 322
952 601 143 569
636 84 393 493
931 793 85 776
874 501 101 607
871 934 428 703
655 758 436 285
864 688 154 478
666 586 177 41
781 78 327 599
962 214 55 550
919 209 199 215
579 950 257 735
973 888 279 555
814 315 357 761
685 968 190 287
866 612 237 711
559 313 174 314
585 890 425 98
991 991 499 292
918 868 175 943
692 359 95 660
609 619 361 787
626 634 410 186
911 205 353 965
603 875 164 120
906 248 172 213
799 884 479 170
958 753 267 478
853 874 471 131
662 983 193 282
927 248 163 198
553 19 338 925
986 414 360 163
764 612 103 267
635 283 23 58
825 366 357 910
829 889 140 465
788 482 458 30
897 403 448 456
782 26 310 902
583 819 216 834
610 676 100 362
985 388 266 505
912 35 396 235
854 510 135 982
565 767 291 934
567 678 166 363
715 216 479 465
537 612 460 885
872 76 264 365
845 771 324 862
996 680 298 198
781 6 342 230
638 458 209 363
945 427 160 876
622 873 183 545
753 411 369 91
673 932 472 716
628 566 112 336
554 913 461 40
507 331 192 457
808 112 356 486
789 29 411 577
915 811 151 241
673 784 449 771
970 859 250 369
788 503 84 842
863 86 445 520
988 808 158 303
879 771 292 185
644 302 110 596
907 965 179 518
836 399 99 923
910 591 105 762
905 76 215 860
704 765 33 530
810 414 9 965
714 755 204 205
922 983 163 579
785 224 85 616
609 495 127 204
877 952 387 991
579 323 483 1000
627 911 164 223
872 644 85 7
621 777 474 193
587 982 419 64
822 335 446 286
709 969 162 555
673 575 138 860
702 419 307 707
773 737 339 613
928 274 317 907
917 657 136 299
907 370 80 231
789 542 220 1
552 433 314 62
832 92 302 182
523 468 295 992
581 409 258 726
927 975 181 387
810 153 399 745
518 599 164 869
517 57 452 649
948 991 68 698
954 571 38 850
975 968 214 780
530 774 173 973
551 497 20 995
872 766 114 677
886 635 105 829
750 59 379 72
786 557 167 623
901 73 371 907
983 557 367 217
911 648 294 880
912 779 92 330
842 83 227 686
509 538 93 785
875 301 175 713
898 338 66 30
516 367 112 406
703 603 255 173
817 429 250 491
749 602 344 409
569 525 434 495
796 449 299 114
885 707 250 406
684 370 271 465
526 696 349 750
959 265 412 998
602 332 464 582
795 629 85 4
989 942 33 94
927 351 340 517
502 849 195 103
926 8 230 94
726 913 416 83
693 131 311 599
583 426 64 424
734 699 470 666
980 359 323 126
884 352 88 24
501 566 384 305
998 192 88 691
806 317 10 884
934 371 89 22
521 954 424 444
791 727 219 266
856 398 26 515
815 176 176 938
673 74 308 921
676 934 429 367
702 604 426 383
796 866 360 554
695 410 225 375
644 570 343 191
587 426 397 485
625 620 172 860
910 531 428 663
774 28 219 963
518 373 433 140
932 731 109 757
619 41 49 628
521 268 32 830
899 377 155 723
740 422 252 724
953 129 355 230
983 100 447 611
870 687 358 468
941 318 493 296
522 631 351 322
975 461 15 735
521 532 392 786
852 349 455 350
735 574 240 289
767 211 400 696
703 374 124 594
570 303 164 520
594 728 426 127
688 13 327 341
602 551 170 35
816 588 472 935
509 480 206 469
524 705 48 956
777 453 173 789
847 867 144 631
676 391 297 996
568 582 88 902
501 317 402 269
668 350 63 507
522 323 443 42
719 904 454 378
833 95 41 499
584 365 255 711
848 515 487 499
903 322 463 920
521 695 277 984
980 78 284 885
832 460 295 993
524 962 38 82
854 611 254 906
736 968 443 739
515 444 16 885
651 139 424 693
759 228 65 162
850 359 179 494
502 414 481 370
779 175 75 775
897 233 83 469
583 388 3 383
520 283 387 542
802 800 262 564
757 996 266 887
747 560 358 40
827 720 122 420
704 553 481 64
843 897 320 331
542 860 394 64
857 656 73 309
719 448 166 426
923 416 412 40
761 525 134 128
649 314 211 229
599 615 254 926
594 380 319 57
734 903 71 742
629 988 399 947
568 429 224 131
817 6 88 8
869 480 416 877
883 689 198 474
868 608 230 568
844 416 269 72
787 306 230 131
859 198 136 391
792 65 22 660
953 699 134 899
839 719 228 889
641 990 389 433
899 481 127 120
796 721 158 126
711 910 326 23
587 481 348 545
655 151 254 99
983 423 469 692
833 915 49 246
699 679 195 55
661 302 376 68
836 821 409 98
586 604 149 852
947 55 169 702
585 910 340 579
695 842 118 433
906 528 399 239
659 917 51 699
918 428 210 422
672 589 77 606
902 180 248 837
941 443 295 946
576 93 232 678
790 571 185 14
1000 479 215 151
762 879 200 817
986 446 190 972
754 1000 100 248
947 118 256 721
879 752 231 410
809 658 135 517
500 491 359 131
819 903 273 720
755 908 434 209
995 73 428 864
679 15 46 123
886 798 66 172
793 710 94 158
613 51 68 645
538 118 205 210
612 737 245 341
941 120 417 951
973 755 423 108
996 475 383 515
551 749 66 315
957 489 443 110
806 920 405 495
967 717 126 703
538 402 439 554
603 88 469 179
992 262 44 151
958 240 345 2
672 298 279 115
990 150 197 746
535 483 425 969
667 646 206 665
636 136 8 418
813 811 111 923
624 390 294 542
617 529 41 471
956 283 398 503
803 79 64 250
778 211 430 592
987 161 328 438
506 17 72 494
694 664 203 59
833 768 153 70
841 236 229 15
572 550 388 339
956 856 195 110
627 815 319 30
509 964 45 844
636 311 79 79
752 133 374 882
506 721 429 766
791 837 209 287
963 326 201 910
794 295 257 301
966 573 201 677
843 473 173 730
989 720 91 425
986 437 119 213
667 722 485 612
970 637 257 5
815 554 159 21
688 512 373 172
739 27 240 799
993 13 356 576
798 644 298 202
848 243 9 416
859 948 114 826
919 849 473 566
677 550 168 711
861 586 331 469
743 485 14 478
515 613 457 762
518 819 371 696
884 586 405 216
907 922 373 986
727 461 233 639
853 48 214 645
720 796 244 805
972 236 449 20
860 53 47 337
823 321 364 489
723 872 271 51
640 314 360 150
821 982 113 223
617 518 42 582
503 906 57 93
769 94 326 109
777 159 194 48
805 66 124 330
771 58 308 964
908 908 408 925
805 642 161 459
540 433 97 546
659 774 344 605
631 691 296 507
502 256 8 59
730 676 60 210
914 948 152 407
944 819 147 527
647 449 110 773
556 357 437 802
593 421 117 545
626 605 93 23
851 439 236 328
804 311 167 648
652 194 36 134
911 453 360 758
530 263 20 811
580 350 174 83
909 696 83 551
610 869 92 770
538 991 286 555
531 67 92 651
860 789 132 944
679 225 405 242
795 160 208 130
760 101 392 199
593 941 8 614
913 683 133 688
946 814 241 204
682 306 238 502
750 747 453 781
695 266 342 62
993 468 490 888
531 191 184 734
640 401 163 44
858 972 10 346
756 482 414 888
946 163 73 24
665 606 379 776
963 10 156 754
765 287 316 34
584 691 190 678
594 961 345 391
878 537 290 460
648 866 218 916
591 370 381 196
901 505 425 98
789 672 55 138
599 859 91 40
863 38 65 241
817 755 391 742
852 640 375 463
541 378 310 909
713 78 388 771
640 64 218 388
634 528 215 328
615 140 29 171
813 402 29 287
988 587 205 624
507 752 184 246
923 836 223 154
729 638 240 692
658 313 126 506
540 54 457 326
519 286 44 493
769 93 270 275
786 281 112 781
648 154 273 713
975 322 302 669
540 817 6 529
784 642 149 182
819 127 74 998
539 962 109 373
779 578 153 764
884 302 414 182
694 853 289 516
593 931 351 513
742 744 73 795
854 206 88 307
916 447 36 998
676 969 403 613
571 690 71 358
721 229 175 873
581 393 249 630
576 30 218 208
844 650 155 633
912 977 424 87
511 251 444 535
577 315 157 98
837 762 229 183
852 639 370 202
635 988 451 145
710 17 190 936
958 565 433 137
804 59 66 259
876 653 251 950
797 291 495 721
992 241 185 203
637 473 152 756
929 410 497 269
649 629 262 25
633 426 327 94
585 259 256 596
639 245 259 734
904 120 456 483
942 245 122 263
710 767 11 730
638 359 440 246
620 925 115 911
687 611 200 156
534 942 352 54
916 345 177 349
920 448 64 340
708 495 200 259
937 254 373 347
683 938 135 592
731 82 253 660
617 497 367 965
637 946 52 883
503 278 273 961
564 245 29 557
662 377 69 281
694 270 282 941
939 294 254 470
819 7 131 56
733 350 470 4
614 416 430 946
591 191 285 859
643 893 273 124
681 176 427 377
837 669 411 206
553 307 205 107
965 580 499 486
518 184 288 477
902 4 198 571
870 174 305 470
760 650 103 385
903 138 459 632
547 377 50 791
634 985 188 625
652 734 18 558
1000 639 48 536
695 403 119 809
916 638 29 127
562 555 117 5
670 633 368 29
550 941 384 439
953 959 10 10
673 358 287 235
777 663 24 109
663 407 429 320
723 653 76 296
501 117 257 557
958 150 210 129
668 410 114 583
514 705 373 303
792 915 487 488
605 556 412 956
596 24 82 115
606 26 188 513
662 375 216 545
749 921 333 54
538 98 270 200
723 31 366 950
809 837 78 526
516 749 178 31
636 912 189 530
763 788 80 69
827 102 254 331
914 665 432 783
563 270 27 296
754 618 210 355
789 632 15 95
685 704 495 546
681 653 124 570
820 183 340 133
609 513 480 773
591 431 450 907
609 510 216 383
528 564 300 924
900 875 296 953
955 334 392 22
680 671 266 198
554 224 142 241
890 901 38 166
679 556 123 408
840 39 33 393
943 713 103 456
743 709 205 665
939 945 68 594
957 48 397 111
848 696 255 926
706 275 256 484
761 558 352 792
536 444 294 894
622 87 245 983
611 727 316 909
764 245 45 706
933 334 133 367
737 55 480 482
511 694 252 298
725 405 28 673
978 532 368 291
594 835 271 959
896 519 405 177
898 716 148 79
899 919 5 30
802 989 323 541
711 155 166 101
514 928 312 29
828 91 134 623
575 768 210 345
909 377 440 635
972 42 482 84
585 926 35 319
867 204 381 517
759 296 51 364
804 55 473 879
895 386 221 501
543 923 457 595
791 111 332 10
868 617 87 92
898 627 109 973
524 173 180 480
623 76 196 588
808 312 417 795
814 117 103 317
880 810 298 452
657 72 66 306
657 933 299 58
524 364 6 683
864 264 441 684
995 416 67 450
954 627 155 640
696 809 170 3
904 920 154 675
541 271 152 627
727 858 62 63
708 787 322 324
976 354 350 363
863 321 428 881
789 915 42 621
824 620 332 775
828 570 256 25
644 158 42 392
860 588 329 164
749 98 87 373
889 704 6 430
783 263 233 184
802 543 497 573
610 961 429 500
760 60 424 24
776 11 90 537
529 668 425 225
850 610 412 547
813 92 202 110
651 12 258 77
636 8 376 539
659 50 44 99
725 1 453 946
523 846 195 249
636 714 12 39
992 716 309 277
874 120 27 738
874 24 269 466
756 177 351 866
710 311 98 137
761 984 361 484
734 501 7 40
804 816 299 908
785 124 177 531
745 462 92 421
569 54 478 676
765 165 41 409
543 207 284 730
719 726 439 923
781 897 380 387
690 272 394 885
503 843 428 452
818 191 300 369
643 882 135 597
877 467 186 807
723 705 476 580
906 635 197 434
681 968 110 619
919 135 42 657
909 949 445 560
718 879 393 185
795 757 352 891
736 47 235 35
564 338 32 816
561 3 464 237
596 425 56 700
645 519 187 173
828 492 452 835
958 442 93 681
550 980 478 330
954 738 271 409
721 910 233 164
714 816 234 640
570 938 198 134
748 675 411 36
969 845 34 168
984 885 486 336
681 676 255 872
751 613 400 874
565 263 169 502
693 521 437 901
721 44 214 77
823 811 200 401
711 169 119 368
896 711 149 152
895 705 99 791
754 754 407 360
999 933 371 382
913 51 329 916
870 403 350 67
798 112 480 132
874 668 13 538
510 285 166 997
884 83 2 508
857 136 29 506
673 982 16 579
613 739 73 839
634 376 308 526
920 27 250 156
840 111 126 967
600 503 16 881
717 643 308 824
883 673 155 233
899 659 178 426
965 140 362 305
602 729 249 567
536 994 35 852
518 30 57 465
839 473 381 660
717 34 481 695
707 136 383 841
679 23 371 622
832 118 359 893
980 359 301 529
941 633 370 154
808 107 330 132
538 473 299 330
889 453 429 99
728 693 338 909
503 306 490 987
740 589 119 739
779 354 370 927
727 8 107 499
527 958 138 186
619 901 69 840
866 214 322 727
668 579 39 630
761 189 258 758
528 709 164 468
678 232 49 709
828 634 146 582
666 928 223 223
736 455 93 990
817 566 276 520
539 88 302 119
847 667 467 348
978 306 393 822
711 911 126 178
762 676 298 869
749 723 225 491
732 692 269 366
850 317 284 316
726 499 384 277
733 117 263 738
681 560 34 639
669 88 350 494
993 65 299 508
664 583 14 453
675 229 364 889
717 855 43 214
825 955 305 157
509 218 18 429
964 21 247 156
541 58 102 195
766 562 8 442
969 999 369 155
823 370 327 408
996 463 301 881
860 585 350 905
706 559 402 998
983 53 439 725
511 131 77 659
824 419 497 698
746 561 493 571
537 736 237 270
854 782 206 635
816 715 88 464
570 566 138 672
506 994 439 267
543 111 229 467
971 610 9 574
828 143 66 889
983 341 349 60
527 294 46 281
954 627 494 637
976 460 236 923
972 606 176 326
523 347 237 921
978 997 200 513
970 576 134 667
782 258 124 596
514 911 296 350
509 476 349 814
738 606 269 220
605 737 262 856
707 492 106 351
528 855 292 420
835 763 231 939
888 280 236 103
548 174 467 730
634 361 315 469
803 401 295 606
800 368 55 147
879 798 399 694
972 759 163 407
728 969 210 924
800 662 358 191
906 685 439 428
847 425 86 849
559 548 367 239
505 75 93 446
529 21 290 397
802 367 255 133
737 361 334 27
700 620 234 471
584 825 110 765
855 43 386 681
512 193 301 604
765 186 17 317
952 358 479 215
682 852 186 546
540 361 36 36
954 21 314 818
617 533 94 409
972 394 450 101
664 304 407 2
732 955 164 869
925 206 422 584
582 322 7 283
860 18 200 536
668 237 487 351
522 84 177 240
814 178 268 674
709 92 416 439
899 574 78 53
627 839 317 800
967 890 408 7
555 761 294 320
720 636 258 192
947 392 232 475
634 396 225 100
515 175 349 859
848 647 14 546
986 176 214 794
797 42 122 393
835 619 200 399
900 850 181 436
640 163 99 473
681 448 231 364
553 778 24 676
867 694 258 38
552 947 378 887
831 460 43 659
627 797 368 788
898 161 472 351
883 113 37 166
714 994 457 221
922 391 11 118
758 844 237 584
614 239 487 708
522 623 1 894
656 765 256 820
790 13 141 441
565 104 20 469
540 230 78 248
939 686 333 605
581 897 428 284
539 48 307 44
558 643 32 171
869 334 114 552
831 992 124 960
596 196 118 162
712 266 291 162
716 300 313 587
678 201 10 217
791 57 101 556
559 719 312 662
863 161 480 389
587 398 476 454
826 318 301 391
618 746 143 222
944 72 396 607
844 721 315 35
908 676 347 879
782 424 470 107
843 747 73 609
546 788 366 585
590 912 72 104
517 997 345 217
813 326 413 172
558 603 220 142
935 294 175 408
771 588 6 540
625 213 375 160
841 995 14 829
774 372 15 49
949 744 255 966
629 59 386 649
668 930 466 5
792 270 271 742
678 958 342 908
960 745 75 877
943 565 465 556
772 11 322 825
802 676 389 200
904 121 378 758
858 869 159 391
902 384 103 846
575 252 220 168
996 338 456 825
508 156 207 156
752 381 279 298
950 224 354 323
511 270 24 400
783 979 240 462
508 145 9 901
913 412 481 827
784 599 173 967
741 141 339 690
682 125 24 377
636 949 134 736
817 500 255 636
719 213 89 512
861 35 58 561
537 830 405 589
807 969 200 107
906 920 196 360
828 568 129 758
592 536 316 38
685 499 104 996
1000 171 61 837
611 291 20 105
644 512 346 324
939 874 377 525
555 176 252 229
510 930 112 576
790 681 29 521
976 516 437 853
671 262 426 376
995 804 402 129
987 920 51 882
870 574 66 569
559 210 478 495
895 490 50 802
857 503 250 618
756 780 447 54
996 852 124 43
557 483 110 295
771 672 118 739
919 791 451 545
992 460 27 565
660 788 160 116
902 884 75 470
825 818 288 457
895 752 70 332
657 305 165 550
572 695 196 480
729 693 392 926
879 250 185 658
578 503 405 520
828 68 275 524
633 933 90 358
922 130 20 610
665 475 224 406
798 936 487 635
682 705 131 815
691 489 45 602
500 545 239 472
772 610 13 591
921 162 434 595
801 223 458 599
633 938 196 261
623 863 251 378
885 651 38 4
748 884 111 590
617 698 281 969
531 462 449 711
714 313 90 377
656 126 275 537
695 823 112 824
503 52 348 4
619 905 263 806
671 517 237 520
714 149 12 932
797 608 333 987
715 689 323 57
789 354 473 802
702 364 408 729
961 111 33 99
518 444 487 764
810 956 489 516
858 443 276 630
539 709 422 278
994 624 70 467
990 434 482 979
596 771 456 688
941 443 116 909
606 403 127 605
933 174 240 105
873 568 248 841
605 530 307 881
821 160 22 205
657 455 248 331
643 572 120 473
918 801 71 593
733 726 440 388
609 138 359 859
635 363 433 96
970 212 404 561
934 345 375 445
741 729 138 101
852 850 376 804
912 367 492 55
819 486 367 104
586 980 424 612
685 59 104 186
514 817 443 419
925 201 45 395
879 826 374 335
720 848 357 536
802 700 245 386
931 210 82 219
526 179 117 10
543 196 206 500
928 243 294 587
866 599 115 319
734 40 99 697
685 92 128 986
538 433 453 255
953 327 416 164
729 402 484 676
619 786 224 901
583 583 145 537
668 804 453 907
520 675 267 929
602 805 455 715
683 466 390 885
932 907 86 76
628 37 381 842
883 286 158 72
949 658 416 779
862 374 218 561
544 347 76 677
646 210 330 671
672 171 479 72
736 615 207 906
836 229 124 873
824 458 169 245
683 908 303 302
748 121 268 332
716 111 17 24
541 343 280 976
665 824 484 257
687 532 169 254
801 459 331 449
886 647 208 468
805 75 303 672
790 334 461 429
503 91 348 770
966 966 176 737
588 824 107 209
572 883 93 22
882 367 216 707
622 119 100 840
766 775 129 855
906 640 255 875
685 788 423 453
678 901 389 40
767 984 339 704
820 404 357 459
732 48 230 767
708 118 310 823
874 824 358 954
536 436 58 160
620 211 191 847
693 291 190 670
756 275 342 225
894 923 105 460
992 245 443 580
803 284 372 319
531 99 495 497
540 456 11 105
552 516 184 191
649 136 409 38
926 854 242 76
650 746 498 595
502 349 58 382
594 615 238 869
810 458 400 297
509 164 205 663
981 266 11 63
754 980 386 608
506 196 43 717
676 255 103 5
825 797 255 550
877 307 56 290
590 292 9 65
700 695 274 966
544 745 463 668
875 493 482 172
953 350 144 420
546 198 32 713
538 87 390 590
969 353 332 819
987 79 423 637
850 331 339 325
723 861 470 235
577 738 458 247
792 352 445 679
645 51 62 821
801 356 238 934
761 739 241 612
896 314 158 513
835 307 76 499
851 861 290 199
828 602 464 577
579 999 129 341
980 415 111 796
507 505 267 746
941 584 294 981
828 394 39 621
734 690 253 501
710 88 134 606
794 23 125 119
892 707 125 96
893 980 189 501
803 865 128 445
713 452 130 519
509 972 84 920
910 272 81 932
582 371 249 423
618 17 483 925
615 918 165 30
638 109 40 80
936 383 325 697
900 834 388 198
626 478 145 722
568 31 475 461
881 255 278 474
939 374 221 143
637 512 400 609
513 881 123 422
852 817 343 298
950 961 390 33
513 78 286 515
584 92 379 845
814 322 476 114
512 124 82 549
992 934 402 910
525 806 386 580
854 258 150 940
807 39 451 408
544 314 286 957
975 819 498 513
787 204 29 119
745 950 496 105
729 261 73 349
642 533 76 1
714 884 133 727
833 400 275 161
858 245 289 162
865 862 457 370
860 26 475 831
765 779 231 572
778 328 3 597
980 269 179 236
528 924 81 566
997 933 360 458
746 80 30 763
767 497 289 429
883 194 169 578
884 118 12 15
767 410 425 3
915 370 347 832
708 343 480 130
540 305 230 869
574 866 172 764
771 811 477 472
839 827 347 995
533 530 295 900
586 977 249 559
968 263 311 123
845 561 113 574
861 907 432 833
982 872 347 169
660 362 413 14
500 577 230 123
676 278 282 864
623 960 349 400
834 905 242 720
674 381 490 472
524 934 210 901
824 198 164 782
841 910 163 158
574 829 199 760
862 25 399 177
618 182 144 445
839 321 417 73
582 629 137 111
842 610 282 970
669 247 107 624
573 482 371 783
909 74 301 47
947 248 142 446
585 740 450 649
977 625 181 206
973 582 367 986
924 794 78 19
930 587 23 98
874 261 95 710
928 173 376 182
906 111 288 29
991 101 341 419
918 436 450 16
943 400 13 710
514 671 428 542
731 835 300 965
923 655 93 900
516 133 137 542
820 297 174 782
511 332 201 36
606 194 247 748
891 963 1 430
963 384 78 109
718 253 375 860
923 987 261 492
795 913 148 866
740 2 185 766
567 546 162 885
834 975 178 187
965 827 114 969
989 672 447 908
999 610 145 137
509 693 404 237
932 486 428 377
721 702 320 401
766 759 397 978
589 873 245 242
569 996 450 862
978 185 264 2
851 173 148 597
726 57 16 683
964 64 12 315
682 458 352 54
689 64 474 210
580 886 448 412
556 481 157 735
976 570 419 576
856 718 89 525
767 551 12 114
716 529 110 703
768 220 313 185
909 122 69 720
551 522 224 745
756 762 119 538
967 313 146 81
865 642 5 398
647 605 219 627
894 312 166 201
827 495 49 777
803 796 145 707
752 793 217 416
769 147 70 168
618 958 252 145
842 300 492 14
787 904 380 879
911 317 150 157
743 759 211 227
548 782 52 163
686 379 152 136
948 444 369 2
506 79 413 945
810 819 467 933
535 271 493 484
554 569 458 847
578 193 26 173
829 643 467 159
965 633 75 563
602 490 393 810
964 313 314 539
569 777 360 295
686 898 275 546
654 342 417 744
732 406 223 688
528 216 35 176
841 729 190 95
631 286 367 535
664 761 238 184
649 888 241 645
680 538 81 171
752 452 206 791
896 685 121 80
601 307 220 709
569 781 482 108
686 892 11 128
605 428 169 270
602 391 475 354
761 201 236 14
830 512 128 155
673 140 477 735
947 397 426 401
659 704 115 310
918 66 180 781
666 109 436 955
667 458 390 256
514 722 123 545
513 551 360 482
639 204 339 674
1000 344 453 500
873 921 380 440
677 160 489 269
760 129 269 974
519 304 489 90
752 377 484 917
575 766 496 38
983 242 250 100
511 884 452 80
625 280 380 210
844 272 104 239
893 95 192 87
520 453 156 392
768 144 105 29
828 881 157 576
548 952 239 215
776 521 158 715
922 298 67 473
837 976 169 428
657 252 379 54
553 723 245 331
615 543 347 681
640 333 58 916
583 771 178 254
984 700 139 556
945 603 9 558
819 444 191 863
561 815 307 321
583 870 474 796
579 768 128 385
862 922 283 755
502 835 453 939
680 287 286 64
758 24 314 728
530 792 192 324
537 424 292 373
941 152 487 641
817 156 395 580
653 321 20 838
948 439 364 738
845 505 293 880
593 311 153 886
691 241 410 290
770 470 328 174
653 172 85 84
882 136 413 310
616 304 175 936
852 824 35 124
672 810 244 753
754 747 414 852
656 417 498 700
758 681 270 477
505 503 397 629
752 794 98 837
513 221 122 203
964 341 459 600
502 123 473 699
636 432 455 452
931 96 174 445
652 44 202 308
802 237 361 530
976 88 97 195
752 232 238 146
548 683 443 610
732 369 376 250
858 991 333 793
930 251 221 666
717 243 100 365
810 982 496 192
522 67 238 2
526 389 366 12
907 501 475 544
724 878 304 476
778 451 313 139
938 922 334 444
603 381 253 741
945 541 256 6
856 473 211 811
554 830 321 24
884 754 309 870
798 546 15 214
910 61 209 937
915 906 11 716
784 780 300 994
944 835 278 978
763 448 127 134
526 205 299 544
670 655 202 254
970 288 408 62
638 624 216 290
668 595 482 371
740 977 166 291
556 859 133 255
585 561 329 717
505 518 304 134
648 713 153 30
677 15 103 435
600 998 424 214
789 510 228 919
774 43 278 727
689 643 430 942
520 78 216 752
831 357 300 330
891 407 290 143
792 624 31 346
830 23 428 588
654 181 13 875
502 997 70 517
888 355 123 12
883 695 111 593
726 302 239 694
831 472 243 205
857 420 102 913
925 564 138 436
885 918 354 671
563 932 473 655
743 841 263 151
926 178 399 370
698 671 436 722
861 300 162 492
638 269 145 324
826 214 401 84
911 200 93 315
973 325 483 367
666 234 393 99
762 873 454 677
710 431 341 416
672 774 467 48
996 299 93 882
903 932 32 9
660 440 68 303
638 87 273 136
824 563 426 636
821 993 459 520
899 905 308 209
509 896 283 235
820 196 245 860
699 461 292 219
534 458 19 202
665 34 482 424
890 576 23 897
845 626 413 709
949 467 153 950
991 745 349 941
783 916 173 182
507 886 221 165
790 528 392 127
776 758 419 979
844 510 444 449
887 20 71 530
707 68 57 562
759 548 98 839
742 426 225 975
702 135 130 612
654 138 245 143
685 5 121 655
826 277 398 654
908 421 63 484
955 870 207 277
564 443 330 628
593 779 68 251
891 189 374 652
775 833 314 729
567 138 376 132
725 916 210 191
558 430 405 933
683 346 15 189
839 571 477 806
918 424 113 368
701 856 281 617
700 323 104 203
992 32 233 303
777 810 151 1000
856 158 475 643
841 456 473 113
772 912 86 649
713 116 56 246
711 943 293 740
903 552 122 354
511 195 475 276
999 747 123 895
595 473 230 926
675 130 420 830
576 708 54 145
873 613 332 439
902 304 474 331
846 297 319 8
718 806 471 709
697 630 16 858
738 461 409 133
768 684 84 747
902 939 307 665
854 608 439 823
931 566 94 766
773 649 88 475
702 993 478 648
511 491 231 33
860 604 138 135
531 334 260 581
962 318 298 725
540 960 411 78
876 829 397 243
839 425 98 438
742 224 161 30
958 362 276 243
810 833 485 336
984 459 61 870
938 850 217 667
775 578 259 667
758 438 458 532
768 94 286 420
863 759 140 31
768 530 494 392
642 694 233 584
748 245 182 95
990 710 343 915
640 389 157 704
509 572 203 883
827 612 70 886
539 495 390 484
530 265 94 40
756 118 467 497
541 986 264 828
923 309 220 489
647 141 108 581
588 745 278 506
784 758 119 724
970 416 411 989
623 24 292 536
694 380 85 265
775 470 268 924
725 724 317 394
733 374 11 538
877 967 450 675
770 283 37 372
662 666 282 818
938 148 67 480
516 646 2 949
608 788 163 697
875 760 33 5
750 508 441 447
766 137 187 78
793 646 499 749
880 457 194 56
808 967 113 671
890 924 402 131
839 876 141 553
701 389 24 56
722 407 73 190
734 787 264 456
963 140 453 223
851 532 27 723
631 744 486 28
862 499 29 880
868 145 184 937
629 38 456 502
932 568 244 685
674 360 24 218
513 679 268 471
602 713 483 928
603 527 66 309
500 418 312 130
683 782 399 319
744 399 366 813
555 83 267 833
617 598 88 472
875 748 62 834
702 3 393 83
730 398 107 756
843 352 31 490
713 732 167 332
611 695 392 884
739 274 488 818
622 835 459 619
623 353 26 771
955 930 321 618
924 60 234 240
826 786 166 491
789 980 108 538
893 219 28 608
674 909 44 947
545 499 492 67
584 890 401 907
792 240 444 916
832 888 326 960
931 273 374 137
896 446 466 852
796 155 308 948
945 682 469 603
780 597 42 664
599 998 205 282
589 7 482 757
995 734 71 551
822 756 15 56
819 750 310 903
591 353 67 933
798 663 259 429
901 481 490 893
644 123 318 216
819 940 412 336
933 771 108 469
508 136 58 582
617 345 315 602
998 378 236 186
831 750 112 977
847 881 434 330
725 829 134 706
544 2 272 353
925 396 158 935
872 925 149 879
811 970 382 628
670 25 119 962
627 60 333 841
902 577 78 345
936 176 121 671
573 514 47 792
539 941 155 758
519 136 125 808
915 739 432 259
923 606 138 472
687 106 169 773
541 943 21 731
636 503 272 450
719 35 454 74
625 443 41 394
512 868 44 893
518 284 205 1
934 410 26 373
874 983 111 760
950 924 421 315
694 699 39 524
937 300 472 238
998 691 156 482
670 292 359 165
916 209 471 870
985 446 255 162
765 929 133 720
659 318 167 954
792 600 45 546
676 878 91 325
966 594 232 543
540 587 191 179
663 111 91 616
996 543 116 315
844 322 297 215
598 610 112 651
515 646 300 956
582 186 5 454
736 483 232 37
988 886 485 403
798 939 209 841
905 439 147 865
593 721 282 619
809 113 112 71
615 132 416 811
632 767 230 143
819 489 427 629
609 802 399 439
757 131 120 613
957 665 89 665
814 159 318 949
988 920 318 459
801 819 223 685
568 476 409 183
834 435 432 366
700 45 403 800
562 930 2 719
782 73 401 923
803 204 163 277
873 76 477 965
539 25 51 727
792 189 214 254
615 415 12 266
663 178 186 30
613 169 235 19
901 740 454 899
777 557 197 359
858 462 319 256
759 342 301 301
514 947 49 115
897 944 244 877
851 426 195 78
967 245 92 701
909 821 66 30
695 678 322 497
582 772 276 431
764 314 239 368
780 57 82 280
670 697 56 408
712 844 175 397
551 333 305 774
718 13 135 579
578 941 339 712
560 175 404 183
595 774 205 714
720 234 494 961
556 594 144 289
954 33 163 488
872 530 398 531
556 627 235 225
948 227 346 877
865 675 154 517
764 271 369 995
985 66 153 280
659 238 358 171
992 447 436 937
920 729 325 18
695 403 396 640
812 268 460 699
969 693 65 261
719 247 69 407
1000 471 342 654
978 301 188 280
897 288 68 279
510 608 207 61
711 965 130 590
973 68 103 819
847 420 447 670
887 846 9 493
538 251 344 591
655 3 452 839
786 129 202 974
713 324 47 110
669 98 32 907
839 204 172 816
512 771 200 591
616 462 323 402
552 705 411 989
698 704 27 781
561 25 35 756
832 976 308 386
825 150 275 847
795 172 265 661
829 574 305 747
592 726 98 79
699 715 179 954
939 116 166 984
542 657 211 14
817 838 259 494
757 626 41 249
555 127 240 984
577 601 3 471
818 389 379 619
774 15 424 640
908 254 89 446
781 517 190 953
964 302 449 735
697 863 326 174
880 502 173 152
858 1 164 341
954 599 23 817
690 285 275 521
928 59 216 987
765 501 415 934
616 702 147 215
517 319 493 250
862 577 247 995
509 748 73 722
765 125 290 833
590 957 208 706
727 719 80 901
957 393 476 684
654 847 172 903
670 831 258 671
990 762 133 535
955 553 298 916
764 270 369 9
693 364 351 954
986 935 225 782
959 109 209 423
805 487 393 928
926 678 331 676
921 964 488 871
772 867 333 967
980 705 244 4
911 137 36 223
934 594 84 734
684 237 7 643
668 667 340 849
778 418 276 899
997 367 257 806
781 639 487 129
518 392 159 70
611 898 492 848
761 888 350 681
918 584 3 71
607 642 362 906
943 918 143 574
850 317 398 394
820 588 199 820
972 378 392 755
890 777 477 981
831 170 449 347
693 303 88 440
747 501 229 427
690 646 216 427
734 902 128 307
773 866 1 967
795 193 328 476
782 695 310 942
676 707 394 409
732 439 307 676
881 18 413 446
957 219 225 679
692 71 135 503
667 545 482 442
546 903 69 970
653 551 347 809
578 227 281 650
748 263 47 73
915 349 7 295
606 57 294 857
761 911 456 364
549 732 260 633
947 448 32 183
695 112 489 140
976 255 98 617
935 786 90 772
944 474 195 667
989 760 247 503
512 285 374 662
627 815 475 841
974 966 64 539
869 720 21 199
562 676 437 86
796 321 22 195
782 493 25 420
622 475 466 244
636 596 294 966
665 403 303 664
759 819 332 465
648 938 118 450
834 29 29 960
581 134 409 269
762 576 270 658
791 26 82 863
1000 445 211 402
653 376 324 628
542 19 213 365
851 74 34 678
536 324 379 123
880 963 368 43
703 813 56 387
765 534 128 3
519 39 374 610
926 542 409 821
614 508 152 478
747 480 321 778
662 417 475 684
727 453 192 925
968 163 378 705
913 82 401 169
579 992 250 66
741 400 97 747
868 743 301 745
551 146 348 102
695 442 457 265
936 1 471 968
662 416 246 660
501 883 269 964
724 484 313 450
999 524 226 893
950 588 130 599
977 868 327 178
658 910 294 618
509 81 90 310
888 970 469 528
950 983 124 743
635 427 37 745
567 591 62 211
639 855 222 869
510 825 152 313
692 445 423 177
846 9 108 466
646 963 143 955
652 307 300 724
871 451 334 693
965 769 15 398
643 955 277 165
658 470 129 670
979 623 310 836
521 355 28 367
706 380 188 539
557 404 98 81
956 907 98 763
612 458 391 678
700 689 498 81
635 90 305 237
989 722 272 126
852 582 332 881
804 73 330 771
719 29 469 109
834 509 360 286
905 300 261 518
780 216 102 403
658 786 55 312
741 306 146 55
642 495 180 449
835 8 151 50
544 594 494 8
882 440 385 995
669 646 158 497
835 718 341 854
530 74 340 613
572 438 304 10
665 697 445 737
563 576 269 121
789 782 145 400
971 184 88 50
730 637 142 859
944 174 461 174
585 835 496 222
693 620 445 180
831 361 30 984
740 115 70 448
998 562 132 178
966 776 327 884
795 904 22 114
578 661 320 54
528 907 9 922
902 227 68 299
557 353 185 91
633 216 430 148
873 358 260 801
755 531 460 744
958 563 341 960
665 871 183 296
595 471 42 63
809 927 95 112
614 398 324 10
659 646 344 90
812 762 381 572
994 789 342 904
723 642 359 987
957 693 25 809
754 945 376 759
594 437 270 394
910 717 118 610
674 787 159 687
833 662 345 641
763 863 272 874
778 951 12 628
882 368 387 188
872 426 230 60
698 104 239 760
594 788 415 460
985 307 9 134
881 24 396 861
835 501 7 748
875 404 218 283
683 506 388 756
623 809 87 615
793 82 386 13
921 792 300 619
844 668 128 586
770 745 24 528
635 442 12 808
657 961 160 957
892 224 72 221
743 436 495 307
608 582 381 844
501 123 274 48
776 545 211 790
883 473 105 742
550 782 171 693
755 452 146 980
605 308 116 148
607 895 324 838
617 671 193 334
964 124 444 669
882 972 315 177
594 290 408 248
748 320 27 243
610 352 342 702
842 432 182 102
851 657 243 881
835 218 254 724
547 291 255 524
513 547 494 26
793 854 355 547
656 153 423 960
721 970 46 309
827 765 327 567
716 542 478 892
782 112 493 148
735 665 86 631
526 746 37 510
971 283 105 156
703 595 409 871
879 92 422 817
755 270 302 553
594 344 470 455
597 531 42 643
757 599 309 875
579 122 56 918
543 992 272 451
693 383 397 180
535 672 13 374
948 41 50 452
797 969 66 999
823 170 117 174
803 572 33 990
928 87 485 157
636 696 130 621
551 397 190 621
579 407 23 298
535 279 236 693
644 831 18 990
849 785 246 307
924 847 48 538
857 256 494 682
676 941 416 516
824 861 114 173
821 533 325 213
837 819 367 438
693 459 130 978
769 269 412 36
654 182 492 636
993 474 474 238
971 632 386 727
728 359 248 126
731 162 158 213
533 741 138 974
742 737 422 90
740 77 42 290
890 11 439 359
732 499 277 404
1000 399 363 359
633 194 329 570
861 400 423 655
705 244 154 552
775 394 482 29
712 678 123 445
801 724 471 501
836 50 344 560
583 651 73 600
598 689 362 246
558 794 253 392
927 132 100 457
822 54 276 590
842 31 98 929
622 547 263 44
614 538 228 161
907 739 285 682
903 109 157 498
978 752 346 845
811 888 446 101
900 701 235 465
732 460 276 843
609 367 29 249
622 239 428 336
959 93 392 483
594 881 455 890
758 158 138 600
578 670 416 182
677 32 252 546
567 471 244 773
903 731 461 442
754 23 370 705
749 234 92 495
845 979 80 952
663 420 131 569
650 51 392 134
843 421 174 247
772 355 327 114
607 543 15 768
855 917 94 573
907 739 397 2
536 207 316 211
977 322 148 504
639 555 113 927
773 457 288 890
539 77 160 841
513 586 320 486
620 936 198 127
966 608 177 766
853 922 88 382
559 343 449 566
546 195 227 215
655 821 68 606
668 906 436 711
617 393 104 618
936 89 499 725
692 927 327 554
909 335 221 567
552 92 430 753
878 599 245 359
921 524 133 15
631 639 25 384
772 801 54 811
892 407 95 948
779 59 412 247
528 411 343 496
530 81 429 632
706 420 279 604
798 482 181 2
667 232 166 52
614 855 100 288
710 745 336 129
531 376 279 620
730 259 86 439
615 238 316 264
916 143 74 585
819 505 156 522
849 324 356 186
800 48 25 753
517 721 425 956
523 429 188 166
718 674 238 70
916 806 344 546
539 625 263 923
774 754 286 481
611 678 218 515
663 396 378 303
584 245 255 813
857 229 469 506
660 261 19 777
533 384 273 918
855 32 77 224
920 876 379 782
958 703 254 512
838 147 188 329
735 995 6 774
650 443 297 898
854 215 257 225
728 375 95 86
925 893 333 582
966 815 361 378
852 329 275 789
530 918 136 722
684 948 107 843
687 166 121 298
813 371 307 593
783 142 452 605
694 512 401 359
542 10 240 566
963 446 81 337
986 952 163 1
537 829 253 142
799 500 21 711
591 106 57 585
794 363 394 896
963 682 436 256
563 42 257 381
714 714 51 41
841 325 390 228
655 621 10 36
763 235 189 808
773 854 210 361
1000 673 175 220
929 464 393 163
964 205 98 46
653 974 437 413
698 581 197 300
734 652 218 916
799 744 362 717
586 220 315 737
636 115 13 565
761 591 358 889
772 850 183 609
616 695 462 518
744 532 135 113
576 67 124 557
567 630 75 270
652 384 467 321
906 594 102 217
630 508 80 437
764 353 9 5
660 747 441 171
950 770 427 158
681 248 499 976
640 603 364 942
979 201 218 686
787 677 267 574
644 471 75 611
874 497 324 702
991 862 316 696
826 57 423 471
671 702 128 547
936 825 89 878
992 782 408 647
755 466 472 659
774 847 326 61
947 684 75 785
758 378 21 259
829 982 226 721
653 494 268 650
617 146 17 886
750 470 21 800
766 830 102 471
795 964 290 970
697 993 228 266
911 958 443 405
783 242 483 884
788 393 191 74
552 925 96 660
673 656 274 150
795 276 36 90
526 826 355 581
900 180 114 750
538 992 328 490
729 194 380 847
506 229 194 95
865 86 96 463
510 437 184 599
627 246 445 275
557 214 434 478
613 943 214 851
791 907 306 910
543 124 419 528
762 95 406 839
872 512 309 974
566 674 49 752
978 202 144 583
503 583 308 82
681 109 414 110
703 469 150 487
658 512 456 735
758 833 34 776
651 567 251 971
722 29 492 115
976 876 110 864
656 904 203 683
801 804 191 14
526 881 249 38
954 959 433 689
975 238 133 178
665 604 76 369
990 777 414 507
724 396 473 69
861 744 360 293
770 747 93 28
537 478 142 957
903 139 415 885
879 804 59 485
967 984 188 273
975 398 280 208
823 453 401 190
827 851 398 407
755 227 342 368
510 261 42 701
616 328 209 296
558 913 246 343
687 539 23 437
624 885 256 300
558 646 185 5
892 331 44 573
822 856 76 93
671 235 445 437
972 625 184 366
680 486 491 512
659 73 351 39
936 763 107 988
637 199 284 611
821 128 76 14
582 618 110 545
515 944 300 776
828 328 98 743
819 384 443 740
635 768 477 31
581 138 40 486
738 336 104 233
828 920 67 287
871 92 172 767
913 730 393 938
641 723 354 562
653 920 65 429
782 102 36 292
881 808 30 893
587 441 168 270
951 296 219 21
624 367 190 196
888 946 313 54
507 405 58 74
576 766 69 955
633 50 280 232
800 805 4 574
531 217 443 379
981 114 250 383
669 374 260 65
544 887 269 347
652 483 293 298
908 273 316 827
530 844 451 695
529 403 114 468
782 780 384 346
803 648 371 89
622 960 147 233
709 433 409 915
771 87 265 894
862 141 359 251
524 93 429 664
821 373 422 584
538 551 271 338
957 987 440 90
686 268 70 954
583 645 237 831
790 621 459 404
879 363 20 334
986 750 491 74
594 722 271 768
988 953 245 590
643 87 470 204
881 534 192 536
927 13 9 94
909 54 38 854
799 45 52 978
569 997 56 384
602 881 176 287
808 758 102 373
862 518 241 892
798 599 56 636
788 85 475 651
609 553 196 263
551 325 451 636
945 996 398 866
729 185 332 3
516 837 260 923
517 920 149 534
585 692 64 116
913 451 476 601
549 173 247 24
900 431 465 932
528 178 478 281
562 996 420 910
996 323 165 878
831 110 386 978
594 176 36 952
764 721 80 668
861 257 184 743
680 363 357 937
646 299 130 490
970 662 189 192
603 70 211 123
914 587 492 484
794 698 111 446
687 496 483 963
817 15 238 169
628 80 141 313
522 308 427 394
822 5 123 408
602 298 69 701
548 317 18 103
746 695 373 909
992 205 175 349
600 314 151 243
871 342 192 658
776 184 113 109
781 181 179 793
683 397 444 170
924 841 355 631
803 850 196 37
887 495 311 985
723 669 399 627
606 225 261 193
669 868 123 341
758 393 336 25
506 415 45 373
552 188 209 493
959 816 80 775
753 887 445 646
604 754 179 122
919 176 376 835
570 92 277 288
628 32 360 712
619 530 418 467
681 337 20 653
529 195 418 649
686 989 216 138
935 364 157 796
661 76 246 503
696 924 338 248
868 798 232 7
577 707 332 57
590 788 167 367
530 67 193 182
970 850 466 631
961 249 242 270
951 351 217 736
649 589 328 793
503 306 65 494
953 705 261 392
774 266 228 357
842 259 172 66
642 558 488 826
992 707 342 104
809 780 95 60
619 222 151 307
767 274 266 877
921 900 178 824
929 822 261 357
818 334 169 880
734 665 269 7
839 862 467 268
679 851 25 938
944 806 480 913
965 810 261 318
931 455 421 598
594 433 491 985
865 581 51 562
729 714 362 319
984 3 306 821
740 429 239 915
822 61 171 52
873 83 281 427
904 254 80 913
996 237 161 798
958 868 320 102
917 933 300 179
968 980 66 896
724 324 127 701
660 836 450 697
630 557 197 145
609 87 62 588
659 149 382 31
595 115 127 99
815 846 34 752
815 486 323 716
680 618 35 140
636 397 313 258
808 268 274 504
700 323 469 795
907 901 243 363
734 821 259 828
868 620 50 482
546 231 325 245
986 708 370 538
750 660 39 882
726 369 410 919
778 195 398 934
898 490 334 701
749 480 155 628
572 57 165 970
651 742 149 349
578 312 359 702
893 695 124 18
764 606 185 360
573 960 119 38
674 355 236 650
840 851 376 553
557 574 459 549
799 669 378 765
745 864 452 11
511 645 412 953
572 665 139 472
602 317 200 786
647 760 268 308
858 55 113 416
936 143 3 615
879 496 337 327
967 538 273 426
686 816 353 591
972 4 237 932
555 96 81 451
655 660 78 311
623 579 400 501
679 233 261 694
590 132 226 191
911 367 427 810
717 122 332 700
673 641 315 447
574 451 20 455
848 967 206 160
992 790 496 859
542 865 203 586
889 195 8 898
821 28 315 170
734 671 105 925
706 265 117 769
928 900 168 948
986 47 31 36
533 69 469 61
530 676 302 715
677 377 195 698
867 502 86 872
505 320 204 513
729 914 386 298
814 997 257 738
638 353 421 842
811 757 78 244
520 93 141 56
612 822 319 880
955 673 349 152
768 997 190 352
757 40 156 539
926 653 128 91
706 453 411 659
955 791 243 783
746 730 450 997
864 791 14 988
658 760 481 497
680 559 344 522
926 203 60 367
843 201 405 229
993 552 97 166
649 731 483 74
775 645 421 583
790 401 490 314
615 272 216 431
743 542 369 403
535 168 158 692
520 979 261 907
873 866 482 577
920 880 484 329
574 347 495 227
691 904 124 87
674 908 125 963
936 561 176 965
638 32 38 977
941 331 190 467
580 612 58 716
852 16 468 742
733 930 154 522
770 512 301 578
873 58 199 928
576 914 152 211
976 308 468 584
976 771 452 425
862 106 297 962
648 220 395 101
698 482 357 128
913 49 279 525
