5532
368 165 970 989
290 462 922 627
92 166 800 866
387 354 665 705
410 467 699 619
139 268 846 710
172 28 970 623
276 290 604 739
478 418 959 697
70 162 992 894
99 306 836 641
262 342 547 927
349 386 760 520
66 322 929 649
494 260 852 868
300 287 917 513
42 11 813 987
110 159 648 905
87 442 824 980
175 105 773 551
137 88 682 578
268 374 806 757
494 12 541 610
176 76 891 888
474 235 659 930
197 437 957 541
174 321 653 949
469 420 601 542
81 300 893 740
152 133 836 949
75 372 604 883
316 285 654 651
110 303 893 657
111 489 859 732
485 326 806 963
141 111 947 598
159 469 758 984
384 484 854 566
444 246 869 906
392 466 891 947
373 354 658 625
448 337 810 583
459 205 949 587
497 309 817 794
464 111 945 556
83 90 656 744
262 307 745 918
257 232 653 525
311 366 866 848
224 421 589 771
286 327 949 697
486 285 705 865
449 217 627 591
67 285 523 961
381 395 818 765
163 64 512 544
229 210 580 634
178 419 699 688
65 374 913 554
369 312 534 820
276 10 765 925
164 344 992 995
459 233 849 509
86 385 656 976
342 24 797 849
217 50 581 1000
29 41 745 683
229 484 780 764
76 82 839 631
442 468 928 971
368 10 702 536
488 335 608 970
91 220 587 659
37 265 920 803
298 457 860 613
194 377 692 781
315 393 589 777
146 301 572 581
418 153 652 568
7 468 609 636
97 9 616 540
182 366 623 548
220 33 698 681
93 214 977 715
220 445 928 580
244 64 530 983
203 284 826 604
49 203 534 861
414 444 520 974
395 383 527 819
57 122 688 502
327 245 697 852
113 303 611 627
28 158 960 711
471 331 972 546
293 95 519 925
299 191 783 547
117 250 710 766
292 218 893 556
407 499 880 833
453 359 758 708
377 466 547 744
419 95 589 786
153 237 714 622
393 382 809 846
345 188 689 679
344 250 819 734
194 466 663 657
457 309 502 625
281 257 839 717
371 121 983 897
174 82 869 864
372 373 921 840
374 254 571 587
209 408 888 760
225 122 910 600
225 8 722 730
190 208 529 844
89 225 972 822
432 119 576 706
413 180 698 753
54 380 705 758
357 67 648 615
481 317 722 719
109 36 649 810
465 378 927 963
263 68 926 808
158 461 986 610
452 76 658 819
393 99 769 786
248 171 784 645
222 334 549 523
325 171 939 887
427 102 744 849
197 16 575 792
273 176 565 989
460 122 669 715
264 428 902 888
392 204 608 929
285 103 819 827
27 74 733 622
224 42 852 903
72 489 897 894
207 268 634 547
69 25 723 661
285 229 552 507
99 367 956 653
1 353 737 794
45 328 678 785
24 395 845 828
313 69 655 894
300 313 739 554
75 39 802 685
205 210 992 583
182 395 588 917
114 496 852 577
101 335 704 991
129 422 531 563
321 43 621 844
310 445 639 622
263 484 904 985
7 187 565 727
422 153 554 547
411 213 587 714
36 192 956 933
210 487 670 866
350 103 549 697
250 499 727 687
483 32 711 995
25 152 863 568
355 435 558 638
362 443 713 686
440 417 625 771
374 463 617 601
372 298 816 736
385 350 894 634
339 192 737 675
67 430 708 650
83 159 946 792
103 163 834 629
143 142 611 796
348 135 734 937
183 328 603 565
55 281 510 616
57 469 835 980
62 210 850 879
100 201 740 953
63 245 905 979
86 254 769 506
272 50 881 776
416 377 661 626
311 415 679 548
377 496 941 667
321 376 679 591
218 373 867 781
343 492 548 950
331 22 691 774
417 456 586 752
259 77 716 584
416 156 989 728
234 259 539 990
71 167 541 844
416 335 565 649
356 134 648 770
241 227 638 572
114 386 603 855
232 273 722 504
433 123 803 977
256 149 525 581
163 140 873 516
308 392 567 882
383 419 510 646
39 443 700 973
106 261 984 686
360 379 581 537
315 200 763 699
143 168 885 817
215 377 756 523
337 110 864 544
160 371 863 524
493 53 855 782
482 451 681 849
300 303 714 571
191 263 570 656
191 169 727 725
425 497 959 749
266 111 802 688
222 385 534 925
227 353 709 588
18 288 683 766
473 93 964 697
7 488 578 714
391 269 839 777
258 38 749 791
147 108 790 940
480 168 620 819
292 255 954 653
198 487 606 511
225 73 886 780
203 279 903 944
205 431 865 985
407 363 768 924
148 261 880 906
107 187 966 774
106 363 683 751
306 493 702 630
28 399 790 846
348 110 778 731
182 303 716 556
328 445 556 602
265 328 997 799
154 320 890 881
216 176 849 935
227 65 603 539
470 482 596 755
208 266 506 637
177 107 691 563
203 473 596 912
185 342 707 551
138 335 620 930
411 351 839 715
140 236 673 994
222 48 543 538
441 167 502 566
446 445 971 653
291 245 737 793
68 260 917 521
271 429 962 864
302 28 744 515
212 147 667 674
122 224 590 542
496 14 983 735
163 488 812 819
27 387 540 905
291 448 717 527
294 435 972 748
387 234 645 938
33 45 724 576
365 494 564 925
348 462 903 580
290 224 995 965
74 479 767 792
439 283 929 665
56 401 571 827
253 111 698 614
14 33 966 784
11 351 512 836
343 425 677 873
151 62 943 978
143 234 957 812
134 164 561 685
421 326 678 669
430 168 746 938
112 102 997 709
299 402 768 527
453 479 775 889
434 234 765 604
292 93 754 904
96 33 925 573
496 298 951 534
404 366 900 644
292 286 651 558
474 251 608 693
347 83 871 698
381 393 859 844
275 329 679 666
390 108 760 662
93 228 792 620
16 22 573 880
115 202 671 629
82 67 785 703
40 88 687 891
294 483 680 708
253 461 718 792
294 377 757 988
400 175 745 998
285 187 984 827
452 486 928 550
26 465 992 973
153 65 628 1000
329 341 858 632
420 104 968 768
143 314 542 892
411 108 723 876
372 168 556 580
65 87 994 647
161 65 974 855
249 165 615 959
306 356 555 992
12 184 991 931
346 287 724 857
306 4 862 847
370 357 988 714
83 445 880 827
7 154 685 901
498 262 808 847
352 347 714 562
211 337 530 667
175 151 826 963
386 4 890 763
365 465 767 633
138 406 694 622
460 284 690 878
146 79 650 938
325 492 725 674
21 225 877 610
94 82 895 720
329 206 569 589
46 245 954 893
416 383 563 804
388 434 753 665
377 186 640 844
440 154 608 914
340 372 769 516
34 493 631 777
33 100 549 802
228 165 514 838
4 396 774 995
243 420 971 931
53 118 567 777
30 436 661 618
212 208 974 822
391 146 761 724
244 176 733 779
404 422 651 830
147 436 974 967
10 103 729 834
343 200 907 888
402 403 873 739
335 251 984 712
401 280 650 893
137 278 855 502
132 127 822 717
66 154 968 856
70 335 716 922
221 208 926 676
362 260 664 553
18 473 965 766
496 426 769 725
189 134 776 969
260 499 964 981
178 465 759 551
4 401 560 860
372 279 950 731
401 174 697 540
100 426 749 989
146 252 628 614
456 450 517 610
486 33 820 606
493 252 738 861
245 319 587 724
129 343 985 855
380 118 764 519
472 114 674 896
454 105 552 586
71 92 858 646
199 139 787 594
443 80 658 634
411 50 657 804
150 72 976 647
40 141 994 946
286 112 597 736
93 483 743 703
482 259 973 701
12 490 601 519
347 194 682 511
245 331 549 642
421 106 691 950
208 9 880 711
336 354 940 658
52 31 854 588
81 493 794 760
98 191 525 783
56 209 643 739
319 280 925 566
135 95 922 775
171 478 784 778
88 422 697 533
355 213 727 584
179 3 515 675
328 170 919 848
459 139 729 637
302 138 860 987
262 37 953 770
124 317 941 745
106 120 877 837
288 323 695 858
70 72 871 553
33 459 520 610
43 467 964 665
452 126 604 845
32 168 565 663
345 231 742 516
272 155 563 933
463 344 602 518
322 345 582 861
177 334 786 803
416 404 832 674
3 305 893 848
45 251 875 876
188 145 607 548
416 97 917 975
240 120 787 841
456 368 900 729
120 333 714 647
2 184 693 801
235 273 936 914
467 158 546 633
204 221 746 800
363 209 600 531
110 86 500 755
388 151 817 630
237 405 910 825
323 31 539 765
313 264 918 569
45 378 548 697
305 173 651 823
42 228 966 685
247 235 954 901
235 378 754 761
162 171 899 763
111 186 945 870
470 208 931 507
160 290 992 937
376 182 898 802
281 177 511 785
68 78 892 700
122 185 586 682
145 301 555 662
487 322 780 547
206 175 968 869
121 92 874 664
43 402 542 770
92 45 700 555
232 310 841 971
470 369 738 619
250 64 821 898
279 406 798 725
344 158 616 519
270 406 542 877
278 141 547 529
198 322 969 501
134 49 993 860
62 63 559 941
492 245 578 821
93 437 768 854
336 420 932 978
416 218 991 530
483 262 703 896
301 151 789 591
145 478 981 603
2 87 908 991
76 376 583 608
424 44 883 788
28 16 761 954
13 83 773 611
295 85 596 658
353 206 864 931
421 337 660 796
245 402 751 535
229 348 681 622
8 132 604 914
358 2 648 630
227 190 771 533
464 287 897 626
66 208 852 534
423 438 542 963
381 139 957 734
259 158 513 610
264 3 996 811
347 445 702 781
106 419 791 751
357 199 715 745
237 32 597 833
323 325 582 825
135 360 619 931
9 383 544 926
300 144 691 609
117 29 978 561
343 367 669 797
493 265 985 854
192 250 609 639
306 452 910 559
144 4 1000 920
418 56 601 837
282 88 968 948
39 253 994 732
137 448 532 796
71 382 645 726
23 303 769 876
332 41 936 577
456 280 644 642
113 240 735 753
382 11 792 842
185 21 606 643
376 496 505 728
274 374 679 982
488 379 515 943
149 446 703 921
454 84 877 736
140 372 866 524
76 295 671 707
26 227 517 553
345 31 687 829
31 275 967 759
326 107 929 882
440 27 664 640
337 191 615 904
199 125 519 830
318 172 682 754
8 276 582 849
319 355 695 985
65 24 891 701
420 279 627 669
224 32 790 536
230 57 745 708
321 411 571 591
168 454 566 821
230 305 692 812
200 224 625 530
371 38 509 828
191 392 794 561
45 214 901 704
415 243 875 641
14 301 859 992
99 225 870 780
91 494 875 946
246 109 814 791
493 101 686 858
206 130 697 892
62 419 607 961
323 364 910 602
214 299 641 898
200 286 859 877
8 360 909 984
362 438 680 570
272 252 558 966
263 354 751 521
268 85 881 667
122 397 775 719
232 155 825 607
193 281 961 836
12 457 589 932
400 313 620 748
443 476 771 920
55 206 835 931
137 458 666 871
338 468 535 760
87 480 971 530
449 382 923 567
458 93 714 701
428 11 677 615
227 480 764 563
239 391 969 673
123 74 949 814
5 332 823 766
183 145 556 548
208 260 952 893
498 135 994 875
73 435 542 692
407 395 589 572
349 96 576 802
271 99 872 562
276 419 827 836
143 89 691 595
135 292 846 696
355 243 507 863
77 209 940 809
275 99 719 547
488 281 865 672
290 165 616 535
239 308 882 614
485 438 540 991
48 93 915 772
173 163 821 886
219 121 529 754
171 333 801 647
242 256 762 828
341 494 504 918
246 23 824 983
173 475 571 929
188 437 651 970
90 47 939 567
476 250 664 583
86 402 923 927
75 115 661 777
480 456 653 777
166 34 990 565
323 345 688 573
344 158 533 734
412 410 838 588
164 366 693 679
140 368 673 904
366 169 825 752
191 320 565 573
416 66 511 630
26 232 601 941
279 72 530 686
457 154 688 786
162 221 572 670
1 62 564 684
248 345 866 531
347 165 792 965
104 349 939 512
330 395 867 999
321 415 777 742
181 276 711 886
271 55 820 905
303 300 918 944
317 260 530 968
181 343 606 763
496 393 978 953
33 455 851 872
459 469 802 680
197 482 696 753
19 429 952 844
35 297 637 978
291 173 836 954
380 496 850 822
91 396 929 928
295 473 545 780
20 166 686 522
378 344 524 801
328 296 896 519
229 159 951 700
244 296 803 922
383 483 518 773
431 121 743 941
31 393 944 957
222 207 784 855
465 486 799 890
303 300 605 679
76 291 835 853
4 191 668 848
496 193 985 670
217 116 852 739
293 265 591 564
141 71 639 672
276 243 670 554
282 406 784 810
427 61 562 857
97 24 973 979
412 174 627 756
308 373 539 693
77 263 712 948
95 120 891 605
395 196 684 609
168 304 740 918
29 282 912 712
27 423 899 712
3 187 760 508
479 450 969 758
355 293 794 565
228 16 748 939
445 252 966 726
162 110 809 791
309 203 545 811
361 384 658 954
180 427 914 952
304 388 768 716
151 462 601 707
437 275 527 522
160 224 507 775
2 367 637 863
59 107 687 874
321 454 976 569
136 84 839 623
471 193 583 717
95 437 543 733
464 440 545 651
435 193 648 606
279 91 811 511
277 62 545 984
287 461 697 894
104 65 939 917
239 117 656 827
202 156 763 763
493 375 662 698
342 29 759 542
248 410 979 551
105 196 966 968
466 138 602 872
375 469 723 989
293 366 924 768
259 224 714 538
294 392 593 555
60 434 693 540
482 121 889 561
69 58 585 625
483 363 755 591
462 161 579 539
432 168 980 884
489 454 826 975
112 157 986 891
316 467 884 635
472 276 740 782
217 301 933 764
211 483 990 637
265 302 859 529
389 163 773 909
148 247 689 688
282 112 605 708
423 332 549 525
231 399 920 873
391 189 989 992
479 250 959 745
301 408 578 551
242 475 952 842
150 147 568 932
149 9 924 584
399 102 565 909
400 245 918 582
315 484 588 897
153 418 695 569
152 147 573 541
167 420 855 794
498 96 881 588
105 446 728 566
35 160 701 933
350 64 979 807
338 382 583 570
15 498 926 749
442 498 813 960
412 494 812 843
287 5 960 529
383 499 855 547
100 155 557 785
183 436 758 997
307 379 599 992
298 124 812 986
155 72 559 519
112 325 501 890
36 191 721 651
32 329 815 712
56 228 683 548
116 385 744 799
14 42 965 575
244 26 606 507
408 157 595 926
308 212 950 723
335 481 849 786
144 363 677 770
128 461 882 684
52 93 789 727
329 283 718 914
306 208 691 652
233 405 708 758
360 19 751 782
256 102 886 918
170 303 919 713
364 499 916 694
298 129 876 639
231 100 917 729
228 303 990 748
162 90 534 746
394 128 876 503
265 275 703 634
330 338 964 543
357 494 920 811
332 425 998 840
258 472 762 965
113 119 935 542
345 51 870 802
397 362 625 901
51 230 701 854
296 28 647 500
161 382 983 644
102 412 704 587
202 25 772 567
69 384 766 658
465 487 814 939
165 185 964 742
201 38 962 790
438 326 632 557
234 135 996 561
15 50 998 517
96 123 672 652
472 98 856 977
353 114 954 608
239 152 566 666
162 75 732 973
300 424 927 970
80 398 513 523
80 301 795 855
148 248 892 641
88 389 583 656
467 60 898 694
238 35 595 947
276 408 854 620
2 270 967 543
226 190 798 832
276 285 860 746
490 136 597 972
335 380 565 617
388 384 706 513
435 376 502 657
76 49 818 589
259 60 714 705
98 318 904 545
131 45 942 693
197 52 576 878
212 475 560 780
168 214 581 934
95 406 556 774
309 286 939 989
54 280 702 591
367 204 733 723
174 355 912 759
399 152 951 632
335 127 573 577
419 139 948 679
242 6 832 690
129 11 928 956
334 73 634 706
487 127 987 724
131 388 554 818
453 66 975 591
45 455 702 701
141 54 632 970
230 29 990 865
393 74 943 650
393 466 912 925
445 251 796 941
237 143 877 530
72 32 530 521
31 279 550 508
109 294 714 573
341 173 896 982
482 355 981 637
171 416 660 958
138 418 857 543
270 168 654 903
468 418 729 608
467 155 691 747
384 321 633 523
45 419 520 686
473 51 879 628
60 314 917 602
245 450 780 987
454 193 650 952
267 80 782 579
270 104 672 532
34 270 866 916
95 202 956 972
141 212 529 739
49 445 977 557
216 305 836 741
440 50 728 828
136 193 722 898
455 136 588 560
40 499 999 625
149 148 622 671
310 309 630 526
279 280 948 565
165 491 751 687
114 31 725 631
277 60 967 641
17 433 762 884
422 267 845 569
258 236 865 785
255 288 590 969
204 166 564 638
178 187 651 756
342 386 512 807
117 205 595 599
34 311 600 998
406 195 1000 849
424 29 527 801
444 214 966 568
422 15 890 706
88 441 515 889
390 58 517 926
261 361 990 832
447 138 795 509
461 364 601 736
201 41 800 777
445 19 979 806
105 428 724 917
446 186 945 568
421 420 842 634
496 341 723 852
118 43 660 565
388 89 601 956
49 401 978 793
157 197 895 646
2 16 718 546
287 35 714 894
252 51 775 744
105 249 599 582
271 70 557 690
60 29 521 566
205 469 955 653
468 469 616 614
488 209 989 965
13 346 734 567
78 379 767 590
456 177 576 535
233 213 763 731
391 243 913 737
75 133 594 520
398 444 718 627
468 378 516 790
480 487 928 949
171 76 950 920
241 81 663 872
281 385 764 630
279 444 993 680
442 29 779 534
361 352 924 978
459 263 720 592
313 183 698 905
128 191 551 539
343 321 932 925
452 318 735 972
243 453 711 858
117 6 581 598
201 266 919 521
20 267 953 747
175 169 870 673
103 78 702 815
92 227 710 783
494 389 684 724
6 63 701 600
226 150 736 729
298 475 840 949
412 214 996 800
449 444 709 812
328 247 869 723
382 48 547 601
335 60 619 958
299 290 787 604
250 149 810 700
366 249 701 730
197 239 947 680
408 389 557 520
372 497 787 648
46 362 962 651
452 265 505 673
235 270 983 609
340 128 559 900
85 376 951 869
192 188 841 700
260 228 698 621
267 283 890 532
116 28 907 688
228 486 777 768
53 40 620 955
135 58 752 776
23 490 500 570
226 246 907 676
365 398 794 500
63 115 653 948
271 29 942 903
97 486 748 939
248 443 705 758
258 334 943 812
459 81 718 568
17 238 696 974
8 120 798 640
282 313 621 583
164 187 892 728
227 446 551 773
214 276 567 608
351 302 737 528
345 379 838 848
232 336 983 807
68 66 814 662
357 369 673 991
122 370 853 656
295 236 730 669
436 128 921 798
19 425 693 937
263 342 537 915
348 499 692 844
365 326 575 640
406 216 855 512
336 370 589 763
37 52 712 908
291 415 851 854
116 252 803 539
52 166 623 833
271 65 872 642
324 319 825 852
203 280 792 963
343 453 926 874
155 64 552 697
256 93 927 841
181 471 948 577
413 375 839 990
319 277 927 668
85 263 781 985
298 135 994 865
123 287 923 981
107 18 736 886
462 342 740 821
181 295 581 642
445 364 627 724
100 281 836 602
16 419 720 619
186 95 866 887
150 434 877 833
108 167 508 903
480 59 810 630
337 153 682 574
277 110 733 552
241 14 966 613
33 345 874 677
276 68 598 839
31 83 695 787
195 35 718 978
418 43 609 854
63 491 727 969
299 499 684 698
261 360 700 801
210 51 775 664
43 41 968 743
43 260 557 933
484 117 643 564
46 47 799 910
414 170 704 828
494 489 816 684
109 321 790 665
281 344 961 575
239 161 921 927
427 446 847 659
59 193 934 756
104 467 757 587
396 498 722 746
148 481 816 721
258 141 910 936
340 342 565 963
359 490 808 925
446 356 935 502
117 155 993 985
19 177 760 885
414 113 880 851
196 311 848 903
86 414 537 693
160 23 698 615
217 331 974 551
98 484 823 883
36 458 807 636
286 321 971 870
113 133 987 795
65 42 979 678
381 280 835 709
88 83 812 673
200 316 502 522
343 90 912 775
384 17 711 685
223 437 983 563
438 233 758 822
377 148 672 567
349 309 977 984
372 436 946 544
246 245 858 637
264 289 743 725
411 177 919 928
308 228 863 605
233 426 504 976
353 41 772 527
377 290 627 909
479 462 758 650
141 52 768 621
367 458 674 602
256 213 876 873
159 382 955 553
408 189 620 533
143 172 917 756
127 435 957 846
216 425 882 846
356 186 562 933
20 451 855 592
423 366 811 562
19 89 741 839
101 172 542 742
189 470 827 851
30 263 715 583
478 214 738 514
311 210 549 840
471 366 633 579
18 438 749 638
85 443 953 936
130 306 743 892
117 184 959 915
87 425 782 587
14 199 510 818
82 307 772 840
83 377 979 516
7 456 532 679
410 57 687 828
278 17 668 875
336 434 526 850
50 98 657 762
314 337 960 546
123 435 813 977
436 47 597 684
294 120 856 742
402 59 800 579
475 292 693 754
290 289 998 555
248 214 740 804
149 19 715 561
422 347 850 985
87 298 649 905
402 46 721 679
183 448 928 682
386 433 945 633
175 393 994 715
473 115 554 842
441 469 524 863
57 203 595 727
258 214 619 624
13 174 816 559
36 183 544 748
487 467 771 923
84 69 790 546
434 148 586 500
66 290 502 746
50 196 959 956
116 144 759 764
257 107 918 938
4 456 506 560
384 351 675 557
317 396 766 734
162 464 554 897
179 64 848 739
171 50 508 919
345 3 708 596
153 139 989 847
441 80 796 657
314 36 856 607
297 265 781 701
353 133 530 539
225 305 874 777
368 389 641 612
328 252 836 961
85 402 605 696
458 264 786 519
173 279 861 540
117 46 790 664
30 336 562 674
277 465 911 738
143 274 697 728
195 303 688 504
356 496 957 822
214 245 974 568
44 214 998 773
87 370 559 801
97 111 501 546
252 172 825 638
363 452 802 558
107 344 537 967
179 388 592 835
452 441 821 810
166 336 685 873
14 488 810 845
476 336 879 958
307 332 953 653
396 463 862 723
388 429 826 939
222 94 867 791
436 41 869 911
19 19 840 837
69 434 979 517
445 233 799 522
248 15 572 920
143 132 650 524
381 464 514 795
452 441 646 597
445 75 631 657
26 329 903 512
151 222 817 652
45 226 601 543
55 209 851 506
453 180 721 648
386 244 923 839
163 388 610 966
56 76 569 547
170 464 701 990
157 406 561 693
461 365 768 948
10 471 880 960
82 438 617 726
47 229 538 739
297 385 528 818
271 417 597 655
484 90 502 586
167 322 899 786
412 84 651 788
97 85 578 928
257 324 767 574
369 456 507 922
1 367 519 843
294 363 848 624
391 38 638 612
493 408 988 692
252 57 949 718
89 312 663 737
306 469 824 748
122 17 922 740
139 493 712 611
312 409 660 512
297 399 521 566
188 361 764 959
124 344 971 847
427 457 838 888
383 494 537 776
115 219 945 969
243 497 937 667
221 463 507 781
457 218 761 527
82 246 546 745
67 95 545 720
326 115 875 896
321 108 615 803
329 363 611 896
449 152 876 1000
83 161 526 699
302 382 558 669
468 296 538 544
390 446 924 748
37 305 647 844
114 453 754 935
71 364 617 989
389 390 718 656
49 55 764 644
147 129 812 802
114 84 689 532
236 87 504 629
196 49 873 663
472 396 533 741
167 159 951 947
129 116 975 532
299 113 815 729
103 202 628 875
8 218 741 551
108 70 599 702
16 310 634 858
207 328 610 874
290 487 768 545
181 381 960 721
436 61 834 531
289 179 932 899
137 156 697 506
461 396 506 927
410 74 969 836
68 241 717 646
228 195 570 937
43 409 614 562
124 420 505 580
470 263 507 950
223 342 961 835
424 372 827 862
388 316 759 773
303 207 911 785
165 419 623 659
274 387 763 709
213 361 898 744
262 15 684 559
178 6 628 701
122 387 793 860
23 180 580 522
144 428 910 559
295 81 761 786
5 153 630 811
439 20 722 837
121 469 670 696
14 404 958 871
417 315 830 502
95 362 751 795
183 268 969 971
446 391 975 506
45 105 938 677
346 264 708 521
379 24 549 802
77 170 915 524
400 64 817 536
448 168 966 855
8 293 781 993
131 25 553 950
138 273 850 736
325 154 991 744
259 135 780 892
262 411 890 514
412 148 749 601
348 371 578 651
238 189 523 537
36 449 975 606
374 235 668 756
451 1 663 846
206 378 925 731
305 38 831 615
248 268 746 847
26 25 789 882
357 446 974 688
240 152 938 731
322 292 531 509
39 274 571 895
287 297 785 545
427 252 721 883
383 259 547 921
135 362 924 637
482 485 589 836
228 86 570 594
325 408 625 613
488 207 576 693
292 229 951 677
402 28 860 638
75 353 874 738
286 191 843 616
164 191 992 856
341 339 909 639
498 417 558 758
479 230 800 972
88 354 785 741
470 499 722 901
460 6 676 698
53 229 980 680
96 89 684 520
375 162 511 742
157 43 960 554
203 97 986 882
152 237 977 787
249 305 853 622
416 78 547 740
334 186 848 735
434 275 868 860
234 385 715 508
79 5 659 552
183 321 754 663
8 212 591 863
199 145 738 733
133 279 736 713
7 499 749 693
447 109 632 822
241 198 885 671
198 238 857 758
136 240 770 809
4 334 899 501
234 476 699 948
312 169 645 806
317 302 778 923
53 5 723 726
137 471 724 649
423 219 784 752
488 71 729 678
133 459 597 867
189 307 589 950
482 290 756 707
369 419 554 971
433 410 977 513
18 84 959 525
472 197 833 899
11 344 614 587
439 42 656 679
255 317 746 831
10 329 852 963
447 209 552 877
84 480 889 757
207 454 929 605
408 132 552 994
184 184 799 643
118 289 840 867
142 331 612 894
227 302 616 505
417 4 827 809
219 328 596 572
336 331 563 719
168 262 599 916
293 71 790 672
292 301 933 833
402 83 699 717
446 270 953 529
439 167 737 995
332 18 773 828
302 345 864 975
73 47 933 645
241 229 857 603
176 470 813 636
81 51 555 811
269 420 600 949
455 169 509 602
350 406 567 835
362 484 512 888
326 480 773 678
172 439 924 657
244 399 637 862
328 413 688 927
61 12 518 674
389 390 926 525
236 393 924 698
233 168 675 519
368 277 723 871
244 156 824 794
58 38 676 564
17 152 849 930
386 69 768 739
38 260 909 875
235 337 980 894
96 111 647 899
386 338 729 930
152 401 556 749
355 372 854 944
155 60 832 535
179 143 949 780
222 206 573 811
55 160 687 729
227 26 711 776
490 114 984 776
370 457 615 750
494 446 703 518
102 228 712 630
123 54 905 699
267 29 953 513
488 161 888 828
49 42 601 713
349 220 922 896
270 193 588 517
123 23 728 944
111 217 548 587
346 98 862 971
486 289 533 581
65 450 594 967
178 344 875 721
299 179 620 973
212 152 917 846
75 33 797 571
210 303 978 762
499 187 583 698
395 398 500 825
498 461 676 774
87 450 646 898
31 496 770 791
341 347 587 573
21 31 651 592
160 469 622 976
281 490 786 583
174 251 816 846
322 132 614 630
218 446 674 582
234 91 905 649
65 253 895 545
115 275 686 528
395 289 569 610
162 306 553 643
107 73 640 870
488 31 824 791
165 425 743 547
201 288 882 714
312 209 987 514
375 448 760 752
287 54 976 688
99 444 591 583
414 276 507 963
193 298 914 955
131 246 706 690
55 173 768 888
12 452 825 651
121 490 896 888
349 134 723 709
492 258 876 776
188 191 959 594
156 434 857 728
325 56 973 665
285 223 723 805
53 348 844 543
104 44 558 747
126 456 507 703
229 31 785 730
137 206 824 610
332 131 606 503
13 424 992 942
88 126 522 927
102 355 577 535
103 403 520 503
453 491 573 607
224 487 530 629
303 182 515 585
246 87 970 621
282 94 693 918
226 26 784 825
385 446 510 877
232 368 894 952
109 216 615 860
459 490 640 667
475 369 653 852
140 497 708 589
153 4 949 558
163 41 524 673
477 316 802 794
457 414 789 673
189 156 961 578
276 45 514 556
295 43 979 789
315 471 550 717
431 454 849 574
63 226 886 719
125 236 554 951
163 369 658 599
376 307 913 525
33 327 865 591
304 74 953 544
311 345 718 507
489 249 903 800
444 288 676 820
411 466 913 781
4 272 878 776
12 319 806 996
439 44 758 949
137 118 993 738
397 105 822 809
156 66 584 701
298 421 990 537
477 195 518 752
355 497 665 654
181 387 941 941
326 6 782 702
211 241 838 928
24 154 704 996
346 421 557 801
112 247 513 824
374 282 627 584
128 43 678 745
189 256 591 780
163 185 752 736
70 486 999 914
189 10 728 806
434 434 789 532
340 206 617 687
274 131 799 739
338 243 651 530
295 197 767 829
353 42 525 865
355 255 932 808
32 341 568 618
235 360 540 719
491 163 583 589
261 437 556 900
392 448 519 740
447 147 641 648
298 192 541 769
127 230 582 729
486 457 992 917
115 6 818 842
459 235 633 882
218 188 631 998
45 284 760 712
367 212 835 985
16 121 744 715
5 313 645 952
4 488 654 650
289 465 527 607
154 369 933 628
171 359 519 714
142 333 566 918
242 1 726 870
452 11 738 727
5 290 655 602
490 13 567 520
239 174 731 836
179 488 934 868
98 323 880 788
423 386 957 864
492 190 835 547
98 251 740 897
404 75 758 817
81 380 729 702
240 152 671 736
477 212 688 633
241 238 629 653
339 154 607 595
71 76 529 764
197 403 971 771
239 28 878 539
99 332 521 544
334 4 750 688
211 240 745 865
18 475 600 596
336 369 642 644
326 91 915 750
152 158 646 820
116 437 661 609
324 175 685 619
1 152 921 746
142 335 950 876
9 179 919 523
252 436 959 525
74 126 539 879
186 104 500 570
37 417 939 650
364 471 982 734
140 356 587 996
282 27 503 590
197 465 971 682
171 128 899 941
496 64 834 931
296 65 819 654
51 402 898 673
1 283 646 657
99 100 565 753
101 44 555 645
184 202 937 921
263 279 900 662
256 328 820 739
429 449 761 670
238 344 882 550
412 336 978 585
108 344 868 957
461 336 718 517
389 271 877 797
22 40 800 717
401 411 630 922
53 75 783 847
476 445 526 972
364 475 905 890
436 155 964 536
479 79 710 655
342 192 822 910
130 32 758 952
343 421 694 695
191 186 601 905
335 193 545 590
206 196 760 697
436 278 905 644
105 4 824 534
21 125 534 757
470 317 766 768
343 367 693 795
273 57 522 865
310 485 872 884
36 7 650 934
86 291 770 584
193 89 874 751
121 252 976 974
390 60 944 951
45 314 621 731
38 160 974 580
271 174 805 909
60 1 921 658
414 91 594 667
452 328 772 617
489 4 644 705
431 498 847 845
92 143 850 957
274 384 693 932
457 193 894 729
92 86 766 622
36 93 563 957
196 223 817 626
233 24 678 677
198 426 662 708
56 223 607 629
293 482 596 909
184 59 716 995
132 342 660 736
367 173 630 505
128 470 832 657
242 80 715 733
444 203 624 533
279 97 626 588
428 150 629 763
57 280 832 650
237 495 696 684
180 482 982 877
141 438 904 637
342 68 927 692
369 40 580 516
446 364 717 619
417 387 834 608
309 327 918 506
249 481 691 993
65 485 532 588
308 191 759 976
77 333 768 932
186 476 766 924
281 57 857 548
47 492 877 809
343 124 748 912
459 440 624 571
74 356 681 958
372 218 922 983
466 62 580 966
34 108 780 647
136 183 789 839
73 314 578 504
288 2 605 695
327 382 500 551
8 109 919 951
257 121 739 673
231 67 651 746
40 246 501 914
241 179 739 560
440 362 585 757
269 126 917 880
218 140 856 508
402 446 656 825
477 161 687 536
18 364 582 799
421 271 985 668
142 410 735 981
379 222 949 727
272 201 710 723
429 100 573 622
7 220 969 739
497 24 863 670
409 342 646 916
16 264 679 759
325 345 564 963
367 19 852 956
362 282 764 744
244 381 826 520
84 480 732 904
124 245 624 878
404 468 622 779
386 456 701 897
127 97 717 632
399 179 670 783
226 391 916 852
138 160 855 954
211 140 579 870
493 460 916 601
306 343 604 635
490 33 967 1000
260 495 731 620
33 314 918 941
60 381 944 597
11 493 618 626
17 261 574 846
204 243 867 814
291 357 929 870
123 486 894 913
493 337 993 617
221 185 502 940
284 121 900 645
48 52 872 870
265 487 528 956
476 264 803 845
490 122 689 985
299 295 762 710
131 466 587 603
416 250 910 605
152 232 576 509
379 262 786 919
472 84 841 893
408 64 697 514
358 320 989 805
74 262 840 561
209 437 837 587
476 351 656 696
481 223 697 552
109 51 773 726
390 219 540 954
22 433 976 521
331 435 980 519
206 175 736 581
140 244 677 955
232 132 570 724
333 351 632 852
137 149 778 786
464 175 981 541
59 73 551 962
497 64 704 908
122 304 981 977
445 302 686 712
75 446 522 947
287 33 786 537
314 429 927 540
463 340 771 945
369 406 699 807
291 395 859 959
467 51 593 818
57 246 519 773
281 243 765 870
338 242 724 808
214 365 515 921
11 152 692 675
289 134 569 672
71 443 557 907
120 146 534 577
118 337 947 859
114 310 557 812
107 271 996 975
133 161 867 532
182 191 662 782
495 455 919 742
484 24 953 815
455 57 557 975
316 404 944 910
151 491 904 770
17 47 891 800
256 223 599 540
121 24 849 828
431 368 730 862
260 209 655 592
139 316 819 592
347 390 858 544
300 150 658 986
77 416 641 670
141 190 580 784
29 102 671 889
229 447 541 531
401 454 708 627
195 6 620 998
170 142 735 740
253 317 526 741
441 115 520 505
343 358 552 810
171 128 682 879
446 435 793 743
375 20 743 655
395 139 910 596
153 216 714 896
68 409 884 685
23 145 531 919
423 367 633 942
71 205 619 771
460 20 858 955
105 95 716 503
57 425 802 948
353 49 530 878
14 71 764 821
237 316 560 921
377 275 863 522
498 1 830 976
175 247 985 521
496 379 572 848
321 121 943 973
109 65 896 779
321 362 539 681
214 472 544 500
70 109 605 564
84 297 804 608
138 27 542 656
424 135 833 943
124 265 612 857
287 245 582 814
341 34 901 877
382 380 825 593
229 429 543 710
218 278 503 939
346 416 846 888
328 152 568 539
397 53 500 974
293 247 857 729
94 474 774 588
239 460 604 633
290 380 760 695
86 392 995 869
106 449 647 987
248 121 686 859
433 357 580 547
369 391 882 886
238 405 710 856
233 46 518 586
448 377 995 508
411 361 932 681
73 388 550 596
263 11 881 768
25 275 874 522
383 408 632 643
122 106 753 735
155 177 723 671
278 350 533 850
353 441 836 676
247 484 858 659
200 263 521 996
323 361 776 623
153 247 504 890
442 145 794 920
477 302 897 681
79 403 858 522
78 432 941 715
57 455 859 746
460 146 839 516
146 89 567 643
470 331 695 818
169 50 762 606
251 401 520 998
130 283 995 999
60 71 718 727
177 212 571 876
376 369 753 767
365 410 849 953
386 350 629 917
37 149 748 755
111 488 819 531
337 246 678 554
393 40 821 658
283 401 818 582
147 352 969 637
59 403 663 500
236 290 998 977
188 207 663 776
71 42 546 994
488 158 572 710
358 123 764 983
43 335 622 673
155 277 964 900
27 428 748 718
220 14 741 974
107 301 749 956
287 490 645 581
428 357 898 797
402 324 615 934
8 79 909 793
232 245 665 709
253 37 817 551
133 144 577 879
118 460 702 858
232 298 888 865
168 409 578 535
257 255 715 850
70 268 712 531
293 421 902 744
141 431 643 509
256 322 633 743
292 373 909 761
258 10 596 560
294 484 935 546
232 284 843 824
281 321 904 934
67 323 664 602
84 277 555 956
422 252 512 989
225 23 525 746
208 119 749 744
78 227 888 837
164 472 711 833
340 102 615 564
65 206 569 692
293 425 954 649
294 307 671 536
31 254 932 615
226 376 994 592
441 257 926 760
195 442 921 610
484 467 608 820
159 245 948 850
468 46 892 728
28 342 920 629
431 275 524 743
492 428 990 956
86 294 945 973
187 68 596 950
323 129 777 567
490 400 678 748
3 448 548 988
165 268 585 511
230 490 972 726
478 255 911 827
58 325 635 848
333 328 877 982
447 386 506 516
224 104 544 742
309 367 637 674
203 66 723 847
174 248 622 754
262 482 965 892
70 128 628 749
375 259 939 937
465 152 560 937
133 82 697 734
8 259 960 877
204 176 559 679
226 415 558 608
63 382 989 506
184 376 727 671
430 16 548 779
273 399 892 540
85 264 540 702
293 283 692 539
237 172 558 516
379 285 968 948
365 469 945 825
169 352 799 787
72 203 733 915
134 412 610 510
101 59 645 868
458 385 943 781
310 483 597 887
240 465 850 872
223 87 649 626
26 94 513 793
160 329 822 751
381 119 763 874
438 84 627 579
158 238 590 662
109 9 972 517
53 201 550 984
48 475 573 734
362 92 685 545
132 48 514 876
59 80 589 519
101 173 714 967
271 235 749 865
94 331 971 651
321 65 643 826
47 424 935 637
330 318 667 584
397 364 843 633
247 369 805 830
459 228 608 807
88 405 659 584
454 143 809 839
440 46 551 724
371 483 716 691
176 54 976 878
146 224 729 784
106 198 585 838
22 329 895 721
56 10 650 764
413 200 679 848
113 21 850 719
109 47 968 649
324 433 611 704
271 254 714 853
179 464 794 734
39 181 838 828
112 154 617 570
231 332 875 890
55 320 844 958
320 65 969 619
389 128 767 779
374 349 575 690
75 7 626 619
434 141 790 709
484 115 722 528
142 402 960 886
192 302 743 746
429 227 939 844
354 388 956 911
252 465 652 555
19 75 967 751
149 331 591 756
172 8 974 879
73 287 866 681
311 483 834 899
27 268 717 934
93 499 677 708
205 359 598 761
150 38 685 658
493 468 815 657
49 83 719 894
328 187 544 574
130 488 684 594
310 370 519 846
315 50 963 839
282 372 829 535
410 323 677 647
39 198 962 954
330 75 951 819
449 213 853 985
362 358 973 877
172 15 555 601
187 262 947 793
301 493 522 702
318 439 715 564
14 202 763 927
470 332 757 571
472 478 895 701
436 362 703 976
471 2 974 732
350 21 518 536
177 72 714 901
103 299 991 759
347 361 842 895
257 435 927 855
478 140 953 964
110 194 514 519
59 47 885 647
423 194 502 675
316 129 926 658
402 262 874 955
29 123 639 742
154 253 673 880
10 170 771 792
454 458 581 533
435 98 913 759
471 128 815 864
271 223 676 969
349 200 903 534
119 37 996 581
348 247 712 594
251 462 951 626
251 352 755 581
384 197 917 973
449 15 678 979
142 182 994 932
466 332 811 686
303 425 786 717
35 111 837 589
58 85 643 875
433 19 943 512
138 137 653 884
189 407 678 852
319 193 717 825
66 253 726 646
495 476 677 886
260 72 670 580
62 80 503 991
298 474 968 697
234 50 674 718
31 168 606 562
2 54 686 917
117 11 858 560
135 144 775 685
101 57 719 791
221 374 686 907
480 57 596 882
73 248 932 757
4 202 549 844
105 345 900 563
363 390 748 984
117 287 578 905
279 283 564 948
48 423 614 973
294 214 969 526
134 141 978 665
106 281 802 792
169 157 590 542
261 267 934 937
402 156 977 580
103 7 505 575
479 272 582 646
362 289 547 525
394 195 922 858
204 360 514 896
72 307 897 636
166 92 704 715
132 250 733 845
74 229 844 841
459 428 787 962
8 151 995 835
87 89 802 656
317 353 936 924
343 111 615 755
144 196 631 505
227 202 730 690
253 491 742 718
381 280 515 700
122 442 652 880
93 315 929 649
374 397 896 847
300 342 645 997
198 328 683 573
457 431 948 687
462 414 896 811
30 61 503 817
14 492 534 530
116 49 902 877
24 388 915 542
273 104 710 677
398 101 939 875
498 299 566 816
293 333 743 604
273 204 580 510
321 352 846 942
59 247 583 933
258 84 631 695
442 453 923 793
161 414 890 505
443 260 933 669
122 27 753 810
77 244 539 676
114 472 781 551
383 115 574 736
84 399 927 733
176 214 897 734
83 275 970 784
458 127 502 739
170 315 980 940
245 497 728 809
40 223 855 923
16 222 621 731
247 45 667 989
334 338 527 647
24 210 677 520
93 426 991 806
121 443 538 606
292 347 785 686
445 163 565 725
389 8 625 689
94 433 820 526
135 237 868 563
128 423 538 795
71 53 677 911
365 170 639 643
437 286 531 658
105 110 903 528
449 393 822 956
75 401 911 558
19 119 515 794
422 416 917 550
344 353 965 732
199 340 512 728
142 10 567 692
390 81 659 930
6 277 925 816
214 265 690 880
200 394 607 687
90 259 525 716
140 373 965 797
440 492 856 523
483 268 658 726
332 172 658 805
139 489 989 585
145 333 754 830
259 448 820 967
299 375 960 927
230 247 749 502
210 326 708 765
354 53 751 587
54 476 958 925
282 43 659 779
313 417 534 602
40 219 607 724
407 431 889 973
305 250 767 578
434 146 999 588
32 89 929 669
409 166 553 817
343 309 997 581
272 125 726 676
107 98 957 905
13 306 536 909
352 387 924 735
244 48 848 567
184 434 935 917
382 280 713 962
479 259 977 936
20 422 957 988
397 23 945 639
219 385 650 915
439 153 816 610
309 148 939 917
26 234 768 801
330 57 722 836
95 170 880 660
250 191 872 772
37 72 913 922
22 494 671 922
442 163 894 813
477 54 870 963
164 443 665 741
275 311 797 856
1 427 820 775
458 153 629 515
380 467 759 526
323 256 866 564
309 139 535 986
38 393 528 718
440 329 877 557
258 156 748 805
421 133 617 787
271 251 549 718
294 368 687 969
41 11 785 608
355 105 528 614
198 348 666 671
198 312 883 966
149 483 619 943
347 352 969 721
253 89 524 686
124 390 902 508
182 86 973 904
381 493 722 969
263 320 831 1000
74 105 721 734
27 336 892 863
351 294 812 712
132 77 917 977
363 188 846 834
405 71 651 585
467 493 876 529
436 189 545 859
381 407 601 658
196 376 770 811
209 225 608 615
14 108 699 534
412 422 950 762
104 14 838 840
2 144 967 845
295 139 965 756
264 171 619 949
210 207 663 987
433 350 615 636
113 450 830 619
141 496 725 616
489 316 734 885
17 242 525 730
28 190 557 507
99 237 852 910
216 448 910 987
148 349 860 803
463 431 774 515
315 373 985 994
408 328 722 779
229 269 698 616
424 62 897 876
128 166 985 636
115 499 757 978
187 330 843 690
328 18 595 656
120 470 781 737
62 224 903 675
287 166 955 910
484 187 519 615
399 130 736 642
118 317 744 772
335 256 764 528
45 482 985 841
470 18 986 749
94 202 937 727
12 487 973 514
238 472 574 642
29 85 960 596
329 73 650 665
375 446 846 604
155 394 999 731
473 100 723 572
473 143 567 873
198 303 763 732
181 476 846 896
497 435 968 872
137 241 860 672
170 117 605 941
470 258 704 582
142 55 894 663
286 171 668 534
335 246 508 771
352 166 642 924
278 370 919 756
371 165 700 732
14 162 560 514
415 332 612 604
476 457 668 695
193 336 589 898
391 491 677 594
239 81 584 751
449 213 787 1000
478 364 996 519
298 329 987 538
253 31 703 794
150 454 907 984
141 235 955 585
99 260 855 547
348 297 909 769
323 18 938 840
73 298 656 594
211 202 882 535
205 6 662 960
139 207 585 735
266 74 819 842
84 219 800 557
323 495 605 782
437 90 927 830
406 439 662 835
395 463 583 709
359 31 861 540
386 169 639 603
435 328 911 729
277 245 745 789
456 427 944 669
315 17 944 772
356 119 668 896
70 61 633 938
398 115 561 980
205 209 925 971
139 434 944 688
289 169 574 661
472 439 619 877
270 209 649 793
48 340 594 820
212 407 671 532
138 54 574 571
473 114 890 918
485 357 992 575
460 256 588 888
22 330 656 976
393 325 907 892
213 453 670 731
299 147 889 581
321 111 819 721
475 288 933 644
495 162 812 995
227 322 689 947
333 19 881 646
391 76 645 892
7 14 686 568
146 4 628 942
92 161 766 924
294 103 883 928
218 430 804 659
282 100 552 765
96 167 977 581
381 258 691 663
60 20 793 506
177 157 732 713
455 327 962 684
347 32 544 510
461 281 720 966
457 475 512 759
481 311 632 599
162 321 667 996
2 460 613 784
135 121 587 986
199 414 787 556
433 465 952 634
475 358 550 604
127 412 975 889
34 488 857 581
499 488 710 506
336 119 558 596
380 301 982 502
147 442 641 593
17 37 705 899
57 487 614 881
142 211 571 873
296 194 878 672
154 342 565 712
479 297 768 890
326 462 761 645
286 125 559 748
301 448 684 858
28 296 537 896
67 112 603 764
409 274 712 527
289 196 740 812
206 236 614 932
365 207 803 639
93 33 566 984
443 16 743 721
270 161 916 509
367 458 568 862
347 12 581 644
385 391 635 695
240 188 712 996
388 311 682 888
403 474 573 666
303 92 782 755
128 112 872 643
340 432 592 524
376 365 909 848
29 427 702 757
42 291 779 609
339 203 527 791
478 207 825 595
459 12 822 727
221 247 753 831
271 418 705 700
179 444 816 596
58 365 672 676
83 476 591 716
434 105 892 843
455 400 939 787
57 369 872 522
247 295 864 981
200 319 569 983
267 1 893 986
133 432 869 893
362 405 683 854
174 78 586 824
409 477 854 900
129 166 959 869
218 136 972 527
494 41 652 729
252 142 603 990
122 247 838 714
414 417 920 740
353 402 511 895
417 273 768 681
178 345 986 594
412 226 732 501
389 244 555 741
133 333 714 850
142 91 710 638
239 56 641 553
285 458 918 734
239 295 643 866
325 326 570 862
167 326 721 631
377 460 851 536
168 168 954 792
27 295 955 703
262 435 624 846
423 471 960 612
374 48 628 550
257 331 998 947
169 451 515 860
271 63 809 966
27 375 788 501
155 131 849 574
415 397 517 654
308 452 703 788
27 132 769 581
263 113 819 852
432 135 911 986
435 424 860 827
236 175 782 611
102 119 583 871
7 222 985 725
38 370 960 795
487 140 974 700
447 462 621 718
452 91 507 939
163 82 834 511
65 391 985 643
491 400 515 504
193 462 973 867
166 194 717 954
94 497 762 755
408 122 558 713
157 402 984 534
293 61 535 861
371 61 922 602
457 239 861 579
423 367 586 602
58 419 786 945
117 346 974 848
69 286 888 721
192 307 757 656
455 167 999 762
38 76 641 670
226 259 821 524
219 196 631 701
364 243 602 614
493 353 740 570
487 284 535 582
412 35 827 794
128 39 592 885
460 105 544 967
43 203 989 509
141 478 714 536
320 368 893 878
473 394 871 665
398 32 928 952
422 406 620 758
474 442 617 559
129 21 914 897
200 404 587 709
164 150 783 786
358 189 831 922
257 191 912 694
218 393 963 790
178 423 535 797
447 201 974 605
47 499 792 964
353 121 728 576
403 49 981 673
150 386 935 528
199 272 715 867
113 332 627 789
149 469 517 953
275 275 867 916
38 273 568 799
5 259 694 760
67 353 982 992
326 202 538 594
5 279 765 825
424 136 559 955
229 244 760 779
151 291 878 548
235 415 828 846
22 150 709 822
467 174 661 636
186 300 617 769
440 267 811 839
426 414 791 678
415 447 992 782
318 429 503 547
399 320 757 785
63 454 658 959
213 199 682 854
400 475 503 894
342 8 510 538
276 307 993 797
13 80 711 727
18 259 872 592
486 51 847 726
174 344 919 956
228 358 777 644
433 470 518 796
53 488 874 936
287 277 764 601
346 4 983 864
304 427 588 924
85 143 787 629
361 20 716 667
351 42 756 651
464 173 796 719
454 325 743 798
100 264 778 711
494 175 629 927
183 357 575 760
23 216 785 522
361 348 726 501
30 60 502 573
440 350 950 624
130 255 939 628
289 234 502 863
270 356 715 828
341 2 736 688
198 248 846 633
309 193 770 942
125 231 940 725
417 99 597 558
158 169 631 833
242 289 891 941
387 208 923 605
192 275 620 894
264 340 516 662
462 192 580 895
21 278 863 626
376 362 980 989
495 421 666 662
148 432 630 568
396 144 704 848
184 379 568 622
435 474 885 772
395 85 519 536
328 456 624 931
340 379 578 544
254 175 636 622
431 445 558 868
403 251 631 582
484 272 607 808
381 7 540 863
217 438 756 886
365 41 693 725
252 91 663 896
254 173 681 908
261 371 825 543
113 438 948 865
5 480 992 931
253 342 902 829
234 317 747 773
329 96 507 968
197 372 715 970
173 333 531 733
145 13 666 749
476 325 930 766
334 372 638 969
362 317 581 618
253 120 690 672
82 432 721 839
385 24 872 827
186 334 732 992
57 180 631 954
285 305 954 944
393 387 746 963
98 121 732 784
290 25 612 546
379 103 754 890
169 289 575 580
350 380 587 719
73 46 811 874
205 475 830 840
395 416 614 793
304 287 507 885
91 378 836 790
125 298 722 694
224 37 778 712
77 11 793 891
324 118 618 987
364 204 836 838
81 381 731 749
5 130 882 946
352 230 722 604
353 365 687 578
146 388 910 589
373 262 934 608
362 433 832 802
399 454 898 761
159 421 554 633
58 380 934 509
94 408 822 974
394 322 680 593
296 482 519 828
217 270 718 675
448 365 629 722
38 344 799 683
310 33 678 861
236 464 597 607
222 418 552 681
52 189 976 959
404 47 697 757
258 369 832 861
400 292 986 619
391 403 676 552
77 385 711 985
177 66 863 798
115 190 602 893
5 58 647 525
311 366 665 563
137 427 899 584
303 409 625 657
143 149 638 720
398 263 876 732
473 26 740 983
132 30 916 686
209 356 834 860
265 159 932 545
442 142 610 547
30 332 703 583
49 187 529 963
176 32 681 824
102 220 624 656
192 339 574 517
96 448 658 546
418 98 688 743
161 165 864 790
394 446 623 913
35 480 885 657
451 21 621 756
364 45 994 609
94 358 873 845
58 335 826 980
445 463 681 589
203 34 998 582
384 392 924 764
378 115 899 622
14 331 676 755
126 193 554 589
132 243 505 743
314 415 750 735
379 29 842 503
407 18 1000 946
413 2 617 689
201 498 587 921
316 312 581 985
190 404 931 851
475 76 538 872
289 55 841 706
294 139 565 550
235 473 615 660
495 322 618 762
464 54 721 622
152 326 933 839
435 288 860 646
336 430 894 785
375 351 641 659
124 57 906 507
13 325 566 517
391 302 791 712
468 253 821 668
232 174 601 646
28 81 952 891
494 129 606 634
126 132 891 631
478 74 996 735
302 174 703 961
461 327 627 747
42 424 824 982
155 81 845 931
479 299 907 846
202 353 979 765
329 425 766 711
486 286 844 575
210 58 828 933
208 368 538 693
214 45 620 979
281 72 537 831
400 236 723 839
82 11 542 747
150 39 835 865
180 122 576 929
353 30 830 722
433 20 680 749
25 304 677 993
251 212 821 510
353 255 758 746
60 441 815 688
238 431 654 608
57 277 639 638
422 107 694 816
454 478 752 580
112 41 627 943
10 282 570 839
259 266 643 748
360 404 888 727
82 472 668 831
163 133 918 805
105 250 699 930
340 374 980 952
409 20 705 664
302 297 928 597
496 465 515 797
378 494 790 640
313 370 650 959
95 274 989 979
214 12 669 607
331 220 524 524
188 76 539 994
177 212 965 808
94 23 547 552
464 381 965 780
84 60 887 840
8 254 787 626
454 276 849 856
413 61 636 936
354 149 725 807
170 293 808 752
144 156 602 579
498 32 724 508
174 298 591 574
208 442 755 973
251 171 757 962
115 108 753 667
485 397 525 703
384 175 872 842
196 466 880 585
487 92 882 811
42 446 803 794
191 240 819 925
338 197 687 535
477 368 868 832
134 481 675 855
216 54 654 680
411 477 507 981
475 354 952 601
165 43 894 979
427 463 905 573
366 23 865 951
159 331 516 782
246 297 996 737
371 91 800 700
206 96 703 583
192 44 596 815
91 46 966 590
493 416 571 663
252 135 894 764
453 157 893 843
139 349 991 982
329 419 862 958
377 179 990 663
17 21 538 642
357 84 623 803
184 441 865 794
177 385 600 557
270 121 565 882
449 472 824 733
458 211 627 757
222 263 501 541
78 218 573 802
419 427 871 570
456 243 500 691
187 182 981 746
271 125 791 569
114 278 976 811
132 395 795 580
191 209 976 588
460 125 983 918
104 131 965 727
482 338 776 642
422 26 582 748
46 176 878 898
44 304 700 881
48 117 791 654
231 135 696 848
267 237 812 933
396 401 715 605
372 414 835 917
305 287 632 749
267 56 711 647
134 77 665 801
12 345 884 778
140 24 753 689
378 106 910 832
289 234 694 854
118 150 872 640
487 376 959 924
5 389 605 862
11 37 680 569
229 232 585 887
470 384 573 975
255 432 904 660
491 98 605 739
75 464 879 948
225 190 840 890
173 107 934 560
102 354 550 988
357 333 911 713
420 58 586 874
398 458 689 557
198 400 833 862
495 457 597 755
401 389 800 828
445 407 578 608
136 370 532 859
8 149 588 550
39 437 562 670
326 443 619 679
266 72 502 828
314 282 795 854
337 301 507 922
387 72 748 791
49 116 806 931
367 18 859 781
446 166 627 838
100 357 638 730
38 248 893 941
360 166 951 737
271 189 709 940
31 428 837 756
26 494 711 791
400 205 870 777
279 81 515 771
307 499 836 816
405 398 729 531
297 162 525 734
415 361 690 942
364 223 799 605
103 484 609 867
211 369 687 761
369 232 501 599
315 195 879 933
297 209 899 644
129 238 750 964
467 450 543 523
67 126 547 969
398 462 649 757
121 247 992 663
448 223 967 698
405 409 612 502
152 35 619 806
445 242 883 976
322 373 706 939
493 401 563 920
353 417 839 687
35 312 704 773
358 479 877 837
229 363 980 668
274 394 718 891
258 356 590 959
493 250 881 720
160 157 855 532
281 179 850 689
192 15 880 514
115 156 770 852
464 229 945 505
7 371 654 591
414 73 575 630
296 424 553 693
49 375 871 760
230 443 886 551
335 491 704 862
349 410 818 983
222 369 583 927
92 292 623 711
238 10 586 820
492 279 620 914
497 485 940 696
270 56 800 578
376 245 761 741
291 42 783 653
97 348 634 694
65 486 548 503
183 284 639 843
227 428 906 576
312 10 505 592
241 281 660 603
174 63 620 796
419 308 858 608
281 138 741 954
197 207 528 746
275 21 802 504
129 183 672 951
307 139 628 779
265 323 959 631
274 392 906 810
229 207 646 527
310 296 676 554
432 362 894 909
199 208 519 838
264 49 956 744
475 358 957 571
424 58 945 880
232 273 674 579
226 29 656 738
170 404 646 908
323 398 906 997
402 119 581 621
357 397 971 625
149 55 901 794
277 267 957 971
361 153 870 790
234 226 945 963
65 149 706 665
400 462 838 843
407 103 804 616
480 126 594 707
73 150 653 688
200 105 518 915
228 26 502 833
36 415 516 799
79 91 692 986
55 403 942 999
444 430 541 760
373 33 954 908
121 366 760 731
355 71 651 830
304 78 915 820
417 335 759 500
174 363 873 931
493 68 888 735
37 33 813 820
141 119 822 785
335 101 632 866
342 322 784 737
168 486 706 960
227 431 666 596
185 277 557 792
83 277 530 692
270 237 728 730
10 37 753 831
55 370 651 542
489 338 646 567
245 13 513 598
494 361 620 646
449 416 587 602
165 333 596 537
246 91 875 820
187 478 945 811
380 197 567 545
218 306 793 688
83 70 871 564
46 76 732 919
261 131 604 541
34 367 591 1000
428 392 529 593
210 288 975 677
397 339 939 806
70 298 835 836
421 233 963 791
47 420 993 643
396 363 954 755
150 350 663 570
352 248 589 712
111 405 654 917
343 404 602 646
378 140 823 827
106 108 538 917
326 278 810 944
77 273 692 919
177 379 743 988
213 486 752 809
366 445 543 668
359 215 648 812
398 425 794 711
430 208 780 595
149 257 844 660
450 290 532 852
458 254 550 988
200 37 595 698
268 268 525 975
75 377 584 554
351 454 865 953
186 204 812 924
142 63 582 604
90 343 836 838
121 324 725 805
263 221 863 810
65 284 838 790
89 171 899 812
50 151 906 883
326 262 577 816
55 247 570 592
87 297 554 917
391 445 630 976
133 252 586 863
399 432 647 623
83 274 995 860
315 5 546 612
62 53 595 935
46 154 995 563
455 110 985 567
475 219 562 967
12 81 542 866
71 188 774 719
310 158 705 586
214 384 834 581
489 219 877 674
363 253 824 813
483 270 913 926
158 202 768 717
142 388 867 965
167 153 524 627
204 149 639 890
298 54 630 540
111 228 912 740
188 496 720 942
422 443 793 861
142 489 506 688
208 273 883 669
341 2 509 845
266 273 674 938
408 446 748 634
468 136 735 750
91 40 967 962
175 61 675 970
172 270 802 802
264 353 520 841
127 356 771 741
271 175 778 626
150 14 672 801
344 290 857 825
196 59 815 712
371 37 877 994
405 451 538 588
53 408 981 812
498 407 691 824
161 275 552 856
219 386 769 906
165 493 858 662
334 2 832 511
93 337 677 793
150 135 537 820
108 197 920 996
429 337 727 523
58 382 726 779
322 269 618 566
226 482 819 590
162 118 709 742
403 432 838 733
411 373 531 667
461 319 567 676
106 189 558 596
462 236 657 803
297 326 923 713
357 466 805 903
464 406 902 521
464 408 774 639
347 330 804 578
493 77 743 934
335 175 563 621
292 61 930 549
71 61 550 866
295 184 578 641
52 282 717 691
327 159 830 667
270 287 727 636
90 355 779 925
414 229 808 919
454 175 890 628
79 346 704 832
117 268 575 898
386 360 784 706
320 131 691 611
214 277 775 755
307 198 678 607
345 393 900 798
303 270 610 730
237 157 871 673
242 308 994 743
408 73 881 977
367 65 774 531
347 289 721 961
74 170 614 826
350 476 684 950
444 100 834 791
189 493 990 811
216 419 938 895
66 401 677 764
353 392 880 694
260 379 649 578
31 15 855 670
130 54 825 866
496 382 628 791
171 404 722 512
342 111 533 793
204 476 526 684
120 478 707 966
446 393 644 778
407 213 801 962
85 481 893 523
270 198 737 500
79 462 894 762
342 388 863 987
44 165 534 852
254 390 954 884
385 382 599 721
419 425 817 800
71 364 898 646
120 293 824 929
343 183 688 863
234 427 527 911
289 347 908 531
487 60 784 884
349 241 509 791
374 11 776 802
76 92 519 996
264 391 562 837
406 128 972 509
490 27 980 763
148 468 653 561
329 471 967 826
288 424 675 803
315 204 813 653
371 129 600 765
103 93 577 969
351 325 872 680
287 306 608 717
431 404 820 971
110 103 773 645
428 349 760 816
189 36 682 896
474 197 629 715
38 485 869 890
133 365 602 980
367 72 812 860
17 179 760 579
94 450 618 733
491 107 856 509
1 128 938 836
255 458 710 678
22 264 636 841
184 492 845 993
279 258 746 637
114 6 699 773
397 78 712 574
143 419 606 894
96 251 820 511
157 437 855 701
276 129 676 866
281 188 660 519
393 374 828 710
497 269 996 946
299 467 538 712
488 354 821 604
472 449 736 678
327 145 776 726
205 8 826 541
181 394 659 879
91 484 520 531
473 212 712 784
254 185 568 500
253 215 789 670
143 160 981 655
114 464 913 703
498 490 962 929
426 497 744 749
369 468 582 686
176 50 929 607
330 21 852 774
269 424 989 581
452 157 666 601
36 240 712 682
282 16 958 787
326 129 746 768
469 289 758 571
9 27 978 702
3 140 960 699
384 379 786 880
99 225 762 943
220 189 607 702
201 109 655 732
231 73 709 890
42 324 962 716
454 288 564 556
125 140 567 877
20 447 763 541
439 264 850 767
34 442 668 626
357 379 611 828
110 286 740 821
296 251 619 704
491 253 821 854
390 455 856 914
472 164 667 726
115 225 809 713
469 66 603 900
146 206 785 593
196 379 772 756
241 178 863 686
24 301 845 902
305 435 944 685
167 132 746 917
262 195 537 841
332 249 861 604
288 481 934 919
10 209 654 601
490 424 625 614
420 137 618 627
35 260 886 743
371 315 936 876
332 92 911 717
499 236 991 627
487 311 741 960
329 380 939 629
137 216 592 857
25 90 656 745
208 24 617 527
166 383 570 625
367 113 669 538
336 91 583 798
199 408 691 925
94 460 758 646
203 396 650 950
157 416 961 956
264 161 713 701
218 333 822 923
226 131 819 946
385 195 805 884
373 488 713 939
455 288 516 965
128 65 768 756
98 406 868 626
459 405 941 743
228 282 781 867
48 247 799 744
463 6 723 835
418 282 895 935
364 461 527 603
407 470 503 658
138 365 735 705
236 41 677 793
390 281 664 688
388 114 527 603
289 167 993 990
160 8 647 610
12 280 860 733
7 487 970 980
83 367 847 589
284 246 706 704
439 366 737 839
431 284 648 936
42 74 820 535
406 275 533 572
312 484 559 948
15 210 570 998
371 473 846 538
429 329 736 972
490 335 603 512
124 291 717 588
23 401 720 714
316 284 648 611
129 379 749 604
324 92 648 798
429 388 573 862
484 269 579 962
266 234 783 831
70 17 557 703
90 155 587 636
286 271 788 666
309 459 761 948
130 58 763 601
359 220 770 945
287 231 540 961
438 384 701 716
62 196 968 688
338 48 773 613
5 469 601 582
345 4 732 900
200 184 724 688
67 97 998 663
388 218 731 976
434 22 703 590
362 262 704 838
210 354 654 539
284 293 934 982
143 93 993 537
34 32 584 674
299 483 814 554
433 253 778 802
317 76 826 502
432 246 886 959
280 443 960 820
171 306 965 893
279 268 508 972
363 44 800 884
68 162 661 747
292 101 815 982
284 127 553 970
206 294 643 502
88 43 775 934
482 58 927 932
293 277 853 936
477 326 982 853
190 415 638 529
40 393 860 907
231 337 837 553
491 202 554 888
121 449 895 683
381 325 567 802
104 316 807 527
450 83 742 673
394 496 879 575
199 439 989 982
206 5 612 790
332 103 641 651
356 48 608 914
279 101 586 700
282 268 775 800
194 196 782 829
291 461 652 901
52 113 754 883
77 130 517 512
327 384 982 661
345 262 553 983
473 49 858 954
86 92 930 878
163 167 862 922
211 16 864 980
13 376 555 588
292 24 821 827
116 162 520 815
54 362 751 544
374 183 763 689
476 357 903 584
496 470 524 865
369 214 787 993
13 234 683 506
352 104 974 553
80 329 845 723
132 48 731 948
384 323 714 869
263 126 653 537
260 127 788 990
133 348 697 952
67 336 910 585
105 342 958 962
221 83 896 998
140 240 978 929
122 428 892 865
417 306 574 907
232 311 936 888
445 292 906 580
320 200 611 926
472 197 679 514
33 302 1000 944
438 302 657 829
344 114 707 644
381 326 974 910
364 398 731 922
346 369 746 821
397 37 729 725
343 347 804 922
178 86 861 580
368 439 882 549
396 118 508 662
67 438 970 502
43 266 928 746
316 331 763 822
485 368 563 876
17 157 647 774
58 99 933 533
339 217 685 588
458 453 743 957
371 486 658 824
19 482 638 918
466 3 890 955
173 485 535 839
301 40 635 715
413 460 925 548
28 28 853 794
348 171 772 526
485 333 539 578
89 16 612 737
377 180 987 702
411 452 833 728
46 104 907 983
113 178 590 874
141 102 943 969
88 230 529 739
353 418 908 849
81 96 732 818
472 391 527 971
396 484 917 696
486 140 700 772
458 160 560 841
330 47 870 720
135 82 510 849
308 36 737 546
61 464 744 787
110 122 648 976
238 129 760 927
340 16 695 639
9 185 798 575
103 253 678 780
73 11 775 824
278 346 633 596
346 121 839 584
155 434 896 734
300 302 769 548
303 409 872 772
97 238 768 617
403 272 549 906
49 377 765 647
156 103 838 587
437 201 640 879
11 82 875 998
350 465 705 640
100 262 946 866
65 398 989 984
108 176 914 833
418 236 957 519
174 314 760 952
221 435 727 579
394 71 575 661
389 240 998 711
396 13 923 672
211 391 676 871
457 336 949 967
425 378 769 729
485 189 768 952
147 464 729 606
125 115 688 736
343 388 847 582
423 85 707 524
99 36 706 625
294 264 652 868
400 420 753 859
80 320 830 921
284 412 989 961
167 183 865 510
292 81 964 671
110 374 548 510
195 281 976 661
331 28 611 997
441 423 966 791
421 351 900 604
138 62 562 525
242 438 981 613
310 164 664 893
174 321 598 560
279 391 892 603
86 429 963 911
302 20 647 718
313 161 548 558
230 301 756 603
313 51 884 696
435 182 560 790
426 152 631 993
497 289 941 823
258 166 977 572
240 288 739 810
357 84 966 816
86 363 991 590
314 306 765 929
217 170 819 646
322 272 997 856
175 400 803 628
179 140 874 803
34 63 709 790
210 109 728 593
201 481 763 858
273 337 768 902
48 35 744 900
225 329 723 552
344 145 629 683
140 1 531 956
491 278 629 916
268 105 728 798
491 27 789 774
314 360 891 759
29 34 974 660
306 234 855 612
387 310 854 559
111 487 743 553
301 234 891 500
290 64 977 731
421 265 531 791
78 255 683 508
403 478 766 813
157 148 836 551
232 460 666 703
458 180 771 738
41 354 878 855
406 373 580 722
182 497 874 728
96 328 964 988
466 82 551 867
372 82 858 974
287 11 595 675
60 23 743 674
106 168 723 662
381 298 946 763
116 144 507 553
195 136 604 500
305 247 743 690
79 382 763 658
12 428 938 863
181 243 924 634
78 148 658 951
273 406 781 580
47 180 744 934
38 382 816 548
393 255 916 706
379 27 573 935
305 365 855 888
409 391 766 748
390 403 820 546
380 128 853 710
241 314 952 602
141 348 678 606
310 36 720 891
279 22 926 579
497 263 549 892
163 331 844 556
286 9 633 872
409 1 740 837
141 403 926 681
437 79 551 500
163 468 597 817
336 387 919 649
246 193 691 594
179 146 700 526
345 190 583 981
193 476 583 800
409 453 816 877
208 463 994 722
430 216 901 920
37 289 553 847
271 215 635 590
390 190 810 828
18 32 943 697
175 410 583 682
249 427 664 665
437 439 558 790
302 342 941 729
47 444 675 651
273 111 750 969
85 147 538 583
148 337 555 562
360 235 817 537
454 403 944 519
391 126 640 993
90 111 851 693
453 396 904 753
194 447 739 567
223 297 571 873
219 114 533 743
323 406 928 917
315 386 789 945
133 428 928 546
209 224 937 509
123 423 849 573
99 55 711 625
295 213 903 896
69 21 878 635
134 112 930 765
306 195 911 674
311 68 986 718
318 222 574 687
256 342 656 807
89 300 766 978
360 394 531 952
253 391 641 833
305 227 948 567
102 359 936 649
428 224 876 770
71 19 626 786
190 291 536 865
274 122 671 955
253 249 594 861
139 491 718 868
454 375 932 877
329 348 946 596
166 67 674 516
114 178 591 723
163 493 792 503
389 320 633 658
278 383 787 700
74 115 685 736
319 193 947 838
394 294 610 752
267 148 986 891
457 418 656 962
400 245 743 533
495 186 974 735
173 224 985 823
487 114 823 956
7 204 957 587
304 49 580 568
125 292 723 765
110 75 703 516
238 330 962 779
425 78 964 874
162 388 626 503
405 390 738 871
293 247 694 570
192 223 534 827
165 386 602 992
393 332 719 573
287 194 882 509
433 429 983 543
367 5 857 933
98 313 938 619
229 249 818 535
433 480 971 732
150 110 709 831
311 429 610 554
470 299 530 931
172 74 662 607
364 219 572 683
212 111 980 762
401 29 783 821
257 226 582 949
95 35 977 648
155 23 512 779
41 179 788 518
451 157 510 775
401 225 744 793
228 416 778 834
141 435 582 792
140 401 976 765
213 411 639 560
325 163 727 891
176 194 542 926
15 411 692 705
56 99 896 831
81 292 841 832
213 262 803 778
253 361 729 727
6 371 690 845
78 43 838 632
275 305 743 859
97 218 896 937
464 348 558 914
334 73 804 815
236 48 599 753
70 65 681 843
426 346 554 586
20 24 507 579
342 128 930 956
411 445 664 704
498 293 999 648
279 223 547 593
136 26 789 740
473 73 819 745
392 36 581 970
223 301 611 638
334 188 600 528
305 126 827 918
324 454 590 961
135 105 797 822
177 242 681 698
420 484 878 726
392 82 687 771
285 230 793 773
168 285 729 625
261 154 679 537
335 85 715 730
169 61 550 780
67 45 746 704
177 488 887 913
109 76 703 549
382 105 685 798
1 130 500 745
277 155 793 981
49 96 702 682
394 225 782 907
478 364 836 524
129 411 620 688
290 448 509 847
123 301 751 986
176 252 766 986
177 59 611 816
334 270 727 525
266 443 595 768
129 178 674 611
466 477 653 574
470 349 713 821
194 184 582 683
86 166 736 563
426 417 949 552
343 358 736 601
319 158 998 923
497 120 823 794
58 404 537 553
298 347 847 951
145 201 822 631
250 58 511 680
422 330 754 943
358 341 918 973
246 147 615 767
11 221 613 906
20 471 957 564
220 79 549 568
272 174 662 615
455 345 634 529
471 343 822 540
489 60 964 662
458 92 568 756
417 61 812 789
417 7 711 786
192 289 769 801
101 267 793 930
112 292 946 913
440 342 948 515
424 265 603 555
27 290 760 927
20 58 676 891
41 497 627 951
175 282 845 746
223 91 792 526
87 130 758 832
321 123 697 946
93 176 668 896
260 180 899 836
180 168 694 738
384 200 784 974
293 185 625 742
405 209 625 762
442 120 649 533
465 389 773 705
45 452 625 512
408 335 971 632
99 490 666 827
50 120 585 813
306 209 916 703
88 121 596 567
194 233 746 866
80 425 586 929
268 239 897 932
25 424 853 938
151 470 796 754
404 43 756 541
68 377 830 838
141 272 505 785
257 103 790 742
207 89 658 509
400 170 608 963
221 374 803 989
185 363 616 787
355 69 905 943
485 376 885 679
330 217 882 840
331 53 531 993
309 348 991 901
232 352 941 520
72 165 944 766
69 422 929 964
451 165 829 710
373 10 639 891
171 368 902 638
320 461 982 940
434 127 733 830
265 220 587 576
477 189 674 672
435 106 816 740
374 60 958 641
116 434 507 630
299 173 921 517
247 48 918 997
109 477 772 965
17 231 788 972
498 350 582 862
38 106 730 603
419 189 901 747
395 310 573 730
157 468 595 872
455 159 633 867
380 220 955 966
388 384 870 783
350 8 815 771
144 145 897 806
485 486 734 798
335 221 799 618
233 97 526 587
136 65 564 521
45 260 973 631
99 271 804 829
423 90 993 880
487 216 710 739
358 52 908 930
379 322 676 547
175 34 857 548
319 178 652 636
409 490 945 854
30 368 734 663
122 420 740 960
320 334 878 800
338 14 960 694
487 79 567 568
380 191 900 760
408 51 545 735
349 257 941 660
213 189 506 609
70 118 738 801
39 177 583 828
100 89 831 772
265 221 718 826
151 384 818 703
139 268 548 572
422 107 880 689
190 493 546 812
195 46 739 505
313 132 984 575
283 240 617 988
169 123 574 771
190 207 954 957
322 422 812 639
50 281 709 671
18 475 634 707
454 158 746 641
495 404 777 718
176 250 580 554
125 159 746 845
458 285 602 692
67 320 621 568
124 35 506 703
313 451 535 559
201 6 677 752
232 233 975 588
318 299 729 515
344 71 727 797
432 259 915 771
474 400 514 556
37 128 621 946
279 444 595 890
303 213 607 861
183 392 925 576
139 126 808 607
293 99 868 908
1 8 788 786
135 8 756 686
312 242 873 593
423 117 677 695
212 185 815 864
479 28 831 637
40 322 613 655
259 16 924 541
105 93 529 994
16 427 585 847
490 324 532 660
479 134 900 714
388 62 776 546
325 281 584 876
398 10 811 846
27 459 566 880
101 305 833 868
87 320 824 636
7 146 844 945
128 366 759 781
106 368 560 913
369 298 882 885
236 66 633 620
92 47 742 838
440 349 539 915
148 103 553 880
371 292 762 797
261 276 856 797
262 207 935 634
131 177 731 540
280 69 963 941
159 339 691 701
225 421 668 781
427 333 922 947
488 449 889 795
335 79 977 716
107 193 931 631
123 431 917 553
341 336 636 578
88 145 949 661
295 489 746 532
118 83 968 804
476 236 894 600
134 126 844 543
390 277 812 676
72 357 895 570
349 133 842 714
80 262 938 545
273 206 641 900
314 232 544 564
146 389 839 820
216 364 891 770
485 352 658 620
425 72 561 643
261 4 866 608
448 415 745 796
103 386 622 754
403 495 872 899
90 395 654 819
276 405 560 790
270 154 662 678
492 204 779 829
18 59 887 543
416 183 582 632
288 192 518 926
289 71 815 512
75 469 559 755
366 122 954 510
213 256 646 954
414 337 565 554
265 312 739 678
23 20 893 570
254 224 724 756
70 197 779 926
33 220 805 542
405 48 715 852
308 442 910 795
433 467 666 976
39 180 522 834
155 438 668 549
394 283 742 975
355 42 531 740
199 116 646 845
272 237 961 553
356 279 843 871
462 490 749 639
422 294 576 566
424 191 520 955
255 346 891 948
341 311 837 603
384 80 668 563
77 132 724 769
295 423 761 861
253 386 798 684
259 145 862 608
128 261 653 733
364 235 615 937
66 180 883 661
409 348 874 705
336 392 875 512
388 226 977 925
419 245 975 738
356 6 668 766
288 56 909 749
322 180 977 575
286 441 776 904
32 459 623 912
219 13 956 774
180 25 814 743
210 22 569 919
132 221 621 551
240 178 827 980
336 457 674 637
180 34 671 533
29 7 564 906
206 175 856 579
221 244 662 815
79 188 751 821
246 3 523 907
487 323 847 994
229 312 612 766
443 284 561 990
270 232 879 596
253 66 766 734
284 12 955 538
426 499 654 966
391 15 721 952
273 277 607 955
427 166 896 564
494 342 562 639
266 227 553 526
175 383 804 583
255 82 869 675
321 176 613 662
470 286 989 736
308 411 649 687
245 467 826 596
292 477 671 910
85 359 511 730
403 80 534 886
163 442 529 743
9 433 771 550
331 373 632 544
291 39 990 572
384 268 725 609
234 422 652 602
264 431 797 583
170 68 589 803
219 254 536 515
492 301 814 934
337 392 958 665
137 306 817 545
176 207 866 638
71 112 547 619
76 5 899 671
415 130 953 569
463 308 542 787
220 77 668 893
119 240 710 970
182 209 989 989
143 87 731 583
364 135 524 846
446 287 915 983
87 371 976 892
86 224 906 605
367 480 632 574
110 398 545 523
14 48 680 824
202 482 739 828
88 189 640 961
77 173 734 957
284 387 522 694
316 233 913 543
495 219 652 781
72 330 819 784
246 329 919 518
346 367 925 999
33 131 591 938
341 180 561 945
296 497 578 638
444 447 658 991
18 190 685 658
298 378 832 782
90 423 765 668
177 293 585 614
97 419 670 570
22 31 732 819
40 277 819 918
34 320 879 967
269 315 956 920
416 221 654 623
234 329 939 529
137 189 832 603
459 264 659 875
237 221 809 661
99 149 752 575
300 230 869 860
178 179 688 817
72 352 700 510
415 367 607 818
488 462 691 856
101 25 640 717
284 325 564 970
424 309 976 780
5 285 689 672
80 306 920 747
353 264 880 576
315 380 647 850
196 416 526 630
264 183 823 829
192 152 992 834
266 8 616 967
232 467 748 513
141 9 515 707
331 255 580 526
257 190 566 757
445 170 964 787
408 59 743 557
79 89 830 650
462 353 613 729
494 259 737 660
105 70 657 725
405 310 596 709
200 149 899 939
251 68 798 958
394 252 921 517
285 463 962 922
88 205 847 537
132 303 988 698
281 64 985 841
271 378 575 948
45 62 744 570
408 260 663 603
302 30 985 826
116 453 918 955
378 210 680 616
18 52 592 717
319 128 822 539
89 366 820 947
131 29 726 833
158 281 866 537
257 7 787 576
486 485 651 596
143 497 793 872
165 62 561 584
31 198 870 561
392 226 679 908
192 12 689 764
111 67 722 537
380 250 839 924
396 219 620 776
171 427 708 923
330 466 574 950
250 5 937 641
277 260 554 522
451 471 680 911
362 177 910 532
322 403 650 928
237 391 948 691
438 402 897 915
102 116 717 935
449 380 815 646
329 430 751 611
317 296 867 652
113 496 712 628
135 403 917 526
51 11 809 504
146 279 927 817
142 14 706 860
250 215 726 681
66 266 972 721
334 416 808 542
217 180 755 944
362 184 751 747
132 419 751 831
421 420 832 688
324 161 523 993
283 381 725 685
466 478 591 993
405 281 807 962
7 269 582 987
496 90 850 510
64 168 674 827
418 128 928 633
262 83 577 775
241 121 598 760
452 440 678 988
458 332 780 683
310 367 903 681
85 219 754 807
488 260 518 960
95 85 953 981
162 75 981 908
287 48 622 884
67 311 979 788
375 260 868 733
304 385 870 870
164 211 743 555
301 426 707 606
453 228 954 568
174 364 718 904
9 299 598 823
418 64 904 862
89 348 754 523
198 489 954 686
483 406 975 984
113 235 584 864
441 368 600 793
400 342 550 733
278 379 743 585
346 393 660 595
330 376 777 981
304 129 987 705
213 49 727 930
397 267 892 772
26 467 705 874
156 396 864 952
430 145 574 562
368 465 777 568
375 162 835 661
172 384 942 582
296 273 998 892
20 56 978 919
284 67 743 977
470 228 503 792
271 74 990 986
260 499 618 830
295 270 774 681
326 353 796 575
211 446 600 592
28 164 761 875
396 259 638 712
341 248 757 746
340 321 699 768
415 6 613 583
420 270 508 961
310 119 910 958
386 378 964 618
444 51 797 693
30 57 937 607
397 260 683 909
112 455 665 701
296 59 748 925
273 137 846 951
417 359 605 645
281 144 866 607
156 304 929 679
119 229 847 618
25 433 886 682
312 82 953 824
343 251 696 992
497 440 965 787
151 249 947 815
353 324 575 888
140 498 796 596
221 494 615 566
33 64 903 980
321 137 716 520
73 345 759 738
151 316 551 887
4 17 896 646
272 220 572 886
51 90 960 645
380 217 904 632
480 354 573 573
125 413 896 906
227 494 573 521
457 6 969 725
354 166 812 739
454 287 915 523
454 172 846 747
453 341 544 947
420 294 850 647
210 150 758 531
248 133 808 838
250 365 915 867
359 492 774 674
195 414 590 778
259 136 616 934
427 262 1000 681
149 51 987 925
160 468 716 908
154 341 793 527
493 463 590 790
263 74 706 670
492 131 898 831
94 336 543 507
102 130 814 825
218 324 542 921
25 441 576 539
463 104 605 633
119 95 947 945
194 126 944 665
15 33 993 560
50 468 539 859
419 282 666 846
435 286 777 833
354 302 882 690
451 422 961 809
106 200 639 859
159 230 518 618
198 57 597 538
352 147 855 976
491 400 835 606
277 82 607 903
251 294 717 704
274 240 754 857
398 20 807 853
325 207 576 735
41 30 695 669
49 396 551 880
361 406 790 572
23 428 631 762
340 35 913 782
400 325 598 854
190 265 880 775
297 410 735 866
137 389 504 845
219 22 759 590
218 350 716 859
192 125 978 772
474 387 610 685
281 109 915 538
238 82 806 546
430 66 917 754
284 182 704 573
77 446 696 733
341 186 577 916
181 385 690 927
325 281 727 586
84 181 522 720
13 257 765 744
177 268 747 714
24 409 886 696
402 466 979 703
192 54 806 609
370 235 690 859
304 478 775 884
435 142 810 823
192 384 835 939
110 164 522 677
95 279 896 656
274 428 771 528
198 100 876 948
87 284 911 952
95 32 578 966
398 245 711 741
335 375 611 904
204 60 624 750
292 399 935 999
157 388 632 612
177 144 600 588
298 189 821 561
464 107 650 939
465 364 794 591
78 438 533 507
347 169 761 789
112 265 769 923
488 75 866 519
357 164 994 817
6 449 814 778
13 172 899 995
286 474 835 546
417 170 898 666
404 235 984 575
359 85 862 523
178 11 739 668
259 416 1000 533
63 170 804 964
145 21 875 910
169 428 921 541
211 498 976 590
472 161 933 775
279 408 958 524
105 37 605 710
139 115 840 694
393 486 807 545
297 347 513 951
144 244 924 664
270 142 711 671
73 95 911 660
451 480 945 812
111 310 963 764
337 72 881 639
431 237 917 564
195 72 876 601
260 377 910 924
266 220 661 692
268 2 511 614
314 76 851 875
213 248 592 785
256 492 748 970
132 446 939 598
121 369 666 778
194 92 638 521
28 19 771 520
231 125 601 874
423 182 943 502
431 159 737 705
329 40 778 719
358 373 809 558
281 368 837 733
54 187 982 600
281 190 702 510
322 116 722 914
18 114 971 932
251 68 863 813
194 320 549 570
95 82 758 911
258 197 993 776
100 44 841 540
297 325 534 763
194 303 532 649
172 286 670 730
426 310 681 724
286 91 840 814
91 416 840 568
470 358 639 888
174 121 599 757
448 213 834 904
226 79 527 758
43 209 578 999
477 379 808 646
412 322 733 827
69 138 661 851
189 360 972 967
149 144 682 957
482 69 595 930
451 488 686 746
182 134 981 572
462 496 846 581
15 111 605 957
325 357 509 539
84 243 933 667
40 297 641 882
9 298 629 584
162 225 655 872
25 127 947 652
7 235 683 563
18 138 909 664
333 41 816 758
78 172 695 746
273 145 930 776
242 203 640 876
115 312 872 815
91 459 972 756
372 417 975 978
332 162 652 664
83 399 716 737
310 357 585 849
261 333 758 876
476 128 994 812
328 12 808 887
117 393 664 826
232 375 909 520
317 16 681 651
400 464 763 906
187 247 758 780
417 67 851 751
29 13 698 945
239 140 793 999
390 54 554 574
304 481 875 712
91 362 893 924
402 356 882 548
296 17 631 709
393 103 877 754
321 168 697 868
386 244 611 670
210 153 656 838
371 213 648 816
227 108 531 852
372 438 973 638
36 10 596 622
237 148 551 505
301 129 712 983
114 149 512 508
184 360 525 705
443 497 994 680
90 222 937 879
442 470 722 959
55 297 732 534
493 133 963 838
368 418 814 534
368 474 502 763
334 265 647 951
310 337 527 645
286 93 569 959
95 443 976 562
191 245 535 607
360 78 834 509
401 463 603 524
55 397 979 710
28 461 813 724
118 359 807 960
219 148 806 643
183 175 884 552
249 212 501 638
265 363 701 606
207 346 646 703
340 96 719 708
119 323 561 833
210 233 543 908
274 476 696 785
432 377 748 674
409 27 856 670
416 247 604 717
156 182 829 877
7 8 629 915
248 360 548 918
186 48 527 583
17 270 702 925
331 305 509 757
221 110 966 629
188 301 945 924
348 132 853 618
9 427 872 863
385 323 516 882
315 46 899 849
360 62 688 694
121 283 859 718
345 54 877 829
319 324 940 576
147 197 767 743
12 143 728 841
273 356 633 731
101 310 884 705
436 266 988 863
181 258 795 727
71 219 588 846
281 266 868 829
17 227 897 648
77 141 616 702
349 29 925 694
320 423 933 549
209 142 916 933
480 72 613 657
448 153 848 608
89 242 523 645
184 135 972 731
475 18 625 773
150 400 620 508
174 403 793 795
227 466 946 690
30 297 970 510
273 229 580 762
473 374 562 555
147 411 948 587
441 42 894 814
77 406 565 522
314 456 937 517
64 319 861 657
74 170 706 902
227 91 709 552
326 350 808 565
408 323 688 979
399 12 759 962
40 198 969 849
159 8 741 952
203 242 681 627
387 448 942 811
150 484 785 501
406 9 719 748
298 300 890 614
82 287 516 764
376 396 725 899
351 364 855 526
329 480 922 511
241 426 901 791
272 160 968 659
24 475 823 674
15 300 922 773
277 489 763 826
165 188 915 555
241 428 552 958
376 25 844 936
393 329 588 706
241 359 533 655
180 18 549 716
346 343 550 890
239 30 863 780
251 339 784 809
311 428 725 842
460 215 603 621
328 426 765 894
397 347 515 729
287 471 870 631
323 156 581 552
440 449 872 503
22 389 613 588
160 492 950 644
202 53 824 848
77 184 910 734
414 259 530 529
219 218 905 570
336 153 708 889
33 159 958 772
230 345 846 881
316 290 739 790
478 462 862 596
100 145 552 961
261 320 587 949
240 456 629 896
13 205 899 554
384 466 649 705
74 340 927 729
90 370 706 989
189 413 543 918
392 66 549 745
448 347 545 874
438 164 793 847
455 327 747 765
422 86 504 651
219 264 774 516
390 471 844 980
361 299 513 743
126 343 886 906
236 479 587 502
63 281 777 646
364 114 828 752
96 143 603 531
232 271 827 619
466 313 939 787
473 275 889 866
309 147 724 511
396 307 504 654
247 157 948 620
3 110 857 924
444 356 656 927
72 332 536 732
399 471 874 805
243 443 875 689
128 355 953 563
58 151 641 665
218 453 764 844
40 422 717 699
279 281 607 748
140 346 887 796
13 317 583 901
433 457 751 584
366 332 766 881
191 498 721 519
216 61 513 945
134 311 905 726
297 11 690 674
124 383 702 566
243 160 788 961
120 305 753 767
180 50 520 836
320 136 531 679
258 1 868 952
473 294 699 527
258 84 858 600
239 267 902 762
33 304 613 856
193 5 526 534
322 185 679 717
459 121 958 919
479 195 975 685
369 135 819 748
445 182 647 719
492 73 848 667
398 145 758 711
460 373 610 511
6 144 606 510
244 43 817 698
314 180 581 865
375 303 979 990
423 115 937 528
244 499 632 626
1 489 848 850
76 133 544 642
59 313 529 514
460 309 858 640
300 33 680 985
127 469 630 668
312 35 707 921
261 235 860 629
206 101 921 836
317 218 922 973
261 461 568 737
168 27 638 720
219 249 928 981
79 336 569 616
145 410 913 946
255 61 706 729
188 243 833 611
468 340 537 678
146 325 685 619
39 166 997 572
485 184 522 504
212 285 699 624
176 143 871 881
45 282 952 928
33 9 911 796
300 486 504 564
328 461 743 982
94 105 975 575
205 93 739 975
252 102 907 915
277 232 847 675
268 443 718 666
232 159 968 650
171 401 509 660
337 455 910 642
180 330 677 677
260 60 584 658
116 140 923 520
208 312 540 598
461 209 754 728
87 144 524 718
327 497 529 910
176 91 852 646
215 448 817 919
223 234 837 672
301 95 502 895
426 299 843 596
34 32 802 616
306 66 885 923
35 60 800 690
282 16 531 604
117 133 953 682
146 401 857 794
366 44 910 832
306 385 650 637
368 139 890 786
142 278 645 931
383 248 744 831
82 179 969 546
371 443 536 859
313 98 638 567
54 144 628 921
242 406 658 975
197 402 922 830
217 221 859 891
223 241 862 664
492 309 718 680
166 391 841 987
178 76 947 646
291 381 997 573
314 156 880 653
116 484 505 814
284 189 675 822
209 284 954 661
492 153 800 761
490 270 532 793
427 112 976 815
339 176 724 896
120 414 941 573
312 312 537 521
498 147 917 510
227 15 650 671
29 113 882 969
394 50 895 717
467 316 655 544
111 13 676 657
255 83 805 909
10 65 713 780
7 287 550 820
362 194 591 605
106 115 649 741
295 351 503 805
63 175 622 864
254 340 770 729
162 126 776 750
223 254 818 538
118 125 673 523
264 383 869 558
193 418 661 844
4 141 814 608
199 195 615 778
386 340 847 610
39 196 950 758
358 255 627 711
423 334 677 889
191 472 526 964
402 226 878 829
72 326 919 568
290 171 899 848
125 387 623 719
15 22 977 633
207 348 627 569
440 57 645 813
68 221 694 576
380 207 635 767
109 97 744 791
313 82 989 906
137 46 573 841
243 219 912 814
195 345 963 654
395 407 990 925
192 438 899 614
252 1 645 761
471 470 733 713
439 454 805 957
8 208 731 634
203 101 981 586
486 175 658 949
330 407 781 647
354 334 874 814
199 181 688 847
65 212 856 887
237 68 562 771
413 477 982 779
450 296 844 658
247 380 641 758
144 64 787 832
56 11 697 552
103 31 942 642
217 67 890 931
302 389 884 523
85 399 924 853
207 92 685 572
451 257 996 879
294 70 793 863
496 124 648 572
29 494 712 857
369 349 925 539
165 488 581 855
82 88 597 563
27 439 792 691
334 219 512 877
178 462 682 988
412 480 988 688
145 467 745 756
188 352 812 542
391 384 758 811
281 275 830 973
445 492 705 521
350 246 668 553
91 267 576 908
334 203 821 639
41 406 878 823
385 222 755 872
400 341 729 640
156 19 942 541
303 58 755 808
409 53 841 501
119 132 791 663
412 25 528 957
278 7 762 656
91 261 983 819
458 458 989 818
174 125 802 887
468 300 607 812
118 284 815 961
289 431 922 997
343 262 662 569
98 123 656 923
155 243 907 561
104 299 578 515
439 7 844 663
258 481 603 523
140 222 516 849
358 263 665 914
269 415 804 913
480 2 968 640
316 306 661 956
280 182 990 534
343 166 788 983
487 338 726 678
42 359 520 515
10 159 725 709
196 115 777 688
198 215 921 579
120 101 520 963
470 253 804 917
273 252 530 698
57 236 875 613
265 312 710 837
256 266 920 537
77 446 823 687
115 486 517 922
81 316 944 609
305 497 893 591
158 458 761 786
95 175 721 965
250 409 847 912
282 135 903 943
5 296 587 748
249 269 722 737
39 141 672 509
53 196 968 653
345 345 781 792
416 353 906 889
298 121 788 533
351 343 951 556
420 158 975 541
127 122 648 745
408 292 979 640
265 260 572 902
226 198 678 539
240 352 899 723
327 447 726 707
451 364 649 525
386 417 993 675
411 332 813 575
470 445 571 953
196 298 620 873
488 93 754 502
304 6 803 927
382 372 502 957
187 107 788 639
154 4 868 950
368 425 728 652
102 47 992 755
35 449 831 517
416 443 898 936
319 139 916 575
395 388 588 596
81 473 878 918
149 443 575 866
250 30 640 577
116 183 922 699
141 314 613 616
445 84 598 626
292 108 965 736
413 204 524 584
124 443 580 726
359 336 952 917
118 371 510 948
153 372 608 794
356 17 675 764
89 416 608 974
409 278 620 690
358 185 587 611
65 340 755 985
157 193 768 859
189 497 824 795
24 40 513 952
364 413 728 912
490 35 629 919
384 15 858 868
21 20 587 599
331 160 771 891
339 95 543 594
186 345 528 645
347 95 575 946
197 290 538 949
44 217 627 532
369 150 891 917
39 131 802 945
69 34 639 768
381 415 958 595
256 294 535 715
220 144 703 876
401 196 810 794
132 169 667 880
151 325 799 878
211 203 899 639
388 152 950 646
356 68 644 883
433 145 818 548
390 124 909 551
47 136 944 823
331 121 805 700
471 55 588 908
408 400 607 654
368 464 623 817
488 190 621 694
322 468 725 566
425 489 727 870
115 20 922 680
256 485 519 515
9 287 969 707
191 162 560 736
43 429 797 797
360 105 523 891
16 469 560 702
17 204 862 689
361 243 783 698
57 59 859 961
301 316 940 541
8 400 851 700
223 28 891 612
300 477 783 698
119 66 852 851
176 47 607 557
33 418 747 617
402 23 768 550
371 403 527 895
384 487 960 719
421 16 844 750
425 277 510 591
117 96 719 815
466 169 657 763
70 438 761 633
317 376 933 553
290 150 689 540
306 273 635 878
358 277 657 556
416 41 955 901
85 286 873 664
384 360 729 738
440 391 564 561
286 18 536 629
162 456 807 869
348 13 833 656
326 54 756 912
111 471 885 758
67 433 866 792
339 413 645 597
407 450 625 544
499 24 732 983
485 381 905 902
313 136 938 547
390 165 999 693
174 289 819 700
365 65 570 995
315 96 648 920
253 308 991 707
11 83 924 702
331 90 688 964
353 317 649 808
239 39 519 795
384 27 547 742
119 328 611 914
169 242 600 700
367 292 852 806
67 171 725 920
214 123 960 902
243 136 590 611
292 109 513 832
91 400 923 522
9 367 871 507
469 210 854 743
387 110 777 805
6 163 825 852
320 233 670 553
375 18 587 592
173 201 766 918
415 277 982 708
194 140 527 925
226 114 822 504
183 53 621 788
356 82 544 743
267 116 625 721
148 50 897 997
54 436 894 805
344 10 767 902
146 229 508 878
271 278 837 861
392 400 809 644
465 205 649 666
400 183 621 614
431 147 689 915
367 350 616 519
39 189 928 986
83 249 945 605
343 33 530 604
321 54 804 968
360 143 999 989
419 383 835 797
54 124 657 996
248 426 558 743
10 465 856 824
148 391 634 627
9 97 789 730
103 128 526 678
473 74 623 680
467 135 976 952
57 168 991 926
463 433 789 826
107 347 887 571
288 77 844 987
277 491 649 567
58 445 934 827
61 360 739 610
244 118 640 717
384 387 731 629
166 453 912 577
151 446 838 778
167 134 619 789
448 151 978 585
348 294 758 769
91 469 869 770
440 482 890 613
2 78 801 764
213 151 883 709
55 370 633 768
144 39 827 963
265 246 986 822
378 179 858 702
350 239 668 880
357 245 872 921
126 253 717 895
224 116 534 855
436 444 886 931
441 92 800 587
317 377 885 633
307 69 593 855
98 128 559 712
315 86 820 890
248 21 701 958
219 396 608 872
90 245 786 722
488 200 823 717
28 200 902 679
91 261 681 811
360 150 933 536
342 121 973 821
416 229 933 588
374 329 753 554
207 444 850 823
82 246 532 687
89 213 706 842
12 208 589 661
98 139 680 962
406 242 667 762
410 498 508 736
66 342 836 926
195 153 614 854
52 173 997 853
314 210 758 503
211 372 500 966
337 326 657 878
84 255 750 639
79 29 684 503
409 157 574 891
449 128 630 682
218 463 541 845
101 490 821 736
126 69 522 983
253 404 779 513
392 1 957 953
350 72 735 941
289 122 861 860
196 254 761 927
90 254 508 844
44 494 949 928
113 288 704 740
34 352 595 526
104 281 906 756
336 36 880 916
429 201 912 582
329 136 807 546
107 372 692 703
317 198 835 819
295 103 736 748
273 406 982 887
365 349 762 927
94 153 731 635
435 21 626 573
457 186 648 554
35 117 637 784
170 30 980 863
329 360 538 850
74 442 769 575
214 392 991 993
160 303 757 676
291 165 684 803
193 237 911 678
386 139 651 885
331 218 613 784
48 217 985 505
119 324 837 809
17 494 529 875
15 280 958 920
422 205 774 560
269 495 737 709
115 408 843 848
378 391 685 878
448 402 897 845
369 150 786 891
316 432 940 870
256 125 784 611
388 219 883 872
271 425 885 943
200 474 514 586
478 229 566 539
161 1 544 770
346 26 891 996
427 187 863 836
393 308 630 880
120 459 995 663
151 236 881 790
193 174 781 523
260 213 867 768
58 71 942 892
266 401 973 533
49 206 839 811
28 72 549 966
77 173 773 597
382 61 738 797
455 365 968 716
5 480 744 626
390 16 619 693
117 36 562 525
285 194 571 769
338 345 775 849
415 447 541 756
406 306 784 534
297 171 929 538
103 413 841 856
162 42 877 819
433 13 824 780
22 162 779 976
54 491 640 811
109 98 702 556
199 404 964 635
283 321 727 709
363 9 668 967
323 381 816 890
447 347 611 744
219 353 794 662
282 161 739 991
475 258 846 746
403 48 737 502
439 287 1000 597
167 25 889 964
360 258 881 712
473 322 913 844
277 271 748 666
488 100 896 551
299 438 915 684
148 292 697 518
210 334 899 594
227 285 590 591
425 197 821 642
113 214 560 916
60 196 500 851
458 196 886 785
68 293 873 863
130 342 807 637
65 53 708 914
364 208 563 549
377 210 743 737
278 178 965 650
246 271 997 703
377 439 556 869
137 239 899 888
453 46 982 632
26 242 838 885
176 124 697 850
341 491 533 679
430 195 606 582
477 207 919 906
196 218 559 501
262 103 905 870
340 135 777 800
354 476 535 649
138 421 683 696
344 184 695 849
483 136 634 911
273 392 659 510
352 452 790 767
472 56 845 613
220 334 698 933
269 452 799 720
184 187 664 836
480 133 907 862
172 108 843 978
422 178 815 877
37 198 992 853
340 92 796 571
65 12 689 628
174 182 532 953
255 282 689 519
423 4 977 645
57 389 939 504
322 349 885 558
338 303 838 914
463 439 946 827
475 316 736 722
301 183 800 974
85 211 700 807
459 467 972 862
441 438 548 909
205 164 906 602
259 309 729 721
415 316 891 535
377 178 955 544
276 450 904 544
52 79 566 613
495 298 699 759
13 128 658 785
115 16 725 795
197 120 884 999
421 218 744 687
496 423 767 697
390 280 527 763
104 379 750 816
263 131 792 512
160 188 747 815
233 364 880 751
380 139 813 985
392 47 702 767
14 458 931 808
478 229 663 732
222 436 722 748
202 46 589 946
395 401 623 795
48 59 978 883
126 395 654 514
133 482 559 843
383 481 590 909
4 177 783 838
223 12 718 650
29 162 853 987
23 161 514 671
376 234 739 748
157 100 752 936
362 273 789 957
123 452 609 903
221 455 894 654
247 292 860 615
203 409 865 721
404 97 938 808
392 200 502 938
38 86 760 914
347 77 569 983
463 349 785 741
480 261 530 704
492 52 786 674
254 412 786 759
180 407 550 573
217 236 797 743
295 350 787 739
35 413 525 779
23 241 1000 988
310 187 545 764
335 255 806 712
4 440 533 753
207 415 790 680
19 251 848 534
126 160 913 952
299 479 503 557
52 105 679 729
268 483 605 675
212 381 689 752
5 285 640 751
428 334 549 665
396 273 813 556
128 424 601 710
202 445 707 829
319 292 856 609
46 345 569 733
334 371 936 593
130 237 718 812
159 339 762 605
146 113 845 536
281 64 976 798
94 139 763 901
421 271 882 807
281 292 568 583
198 375 569 737
486 327 725 869
193 141 960 936
255 484 954 735
226 14 900 957
239 369 700 661
98 320 879 629
352 456 973 504
391 396 722 618
77 434 728 739
477 8 820 560
481 287 582 752
381 179 700 908
308 154 702 763
42 440 889 601
409 326 748 561
375 18 635 755
87 180 853 875
481 233 989 971
444 230 877 590
271 418 595 995
388 447 660 678
319 226 731 752
440 210 846 971
482 48 625 863
405 350 615 568
157 6 538 905
483 402 746 910
289 359 909 658
243 180 975 936
121 32 923 908
116 305 912 564
327 24 990 808
228 401 603 847
217 338 828 800
120 97 999 719
256 423 641 672
345 208 504 949
72 227 950 802
384 96 562 876
24 449 517 887
222 380 593 517
402 213 604 882
192 62 527 769
205 52 750 866
50 133 821 997
276 37 700 885
350 475 551 717
490 294 533 504
428 195 689 892
297 379 729 542
29 309 922 561
30 357 989 768
79 155 950 924
89 85 631 603
201 208 778 707
255 337 625 937
398 451 634 777
52 119 543 622
451 324 561 815
114 5 687 994
178 79 664 755
306 177 613 559
421 110 876 724
178 435 668 532
84 429 677 647
47 446 505 544
379 263 697 528
77 284 943 759
291 472 794 798
428 416 806 708
34 46 875 508
485 195 657 795
377 42 568 840
59 444 973 792
83 270 612 977
36 430 512 724
11 89 881 886
299 423 567 930
423 410 622 542
61 237 629 501
400 327 692 644
452 230 639 997
282 73 772 806
401 158 733 753
412 43 562 847
178 435 748 689
432 122 581 857
23 424 935 616
427 63 996 668
64 30 771 866
322 3 851 756
487 280 609 708
212 282 770 859
201 85 516 982
257 246 790 941
18 4 785 762
376 392 586 859
246 218 859 851
76 414 574 677
43 235 759 847
25 469 558 533
332 367 957 894
235 385 546 876
369 239 603 671
466 387 600 689
374 274 801 983
227 258 605 874
361 225 839 660
179 271 542 985
478 163 818 871
132 408 957 783
339 443 524 905
21 56 849 837
33 199 600 551
354 414 821 795
76 231 929 996
311 33 768 940
235 325 645 831
101 66 622 549
222 430 528 758
327 435 732 593
55 353 615 911
434 255 510 500
196 109 652 725
226 19 664 563
312 477 648 866
473 213 603 911
44 131 807 883
176 61 807 904
83 420 855 927
