4016
520 491 449 685
563 301 159 723
688 45 239 535
822 461 250 974
601 237 197 666
954 472 419 607
650 311 411 616
662 359 126 753
763 316 219 720
609 341 226 758
933 21 408 523
585 390 494 776
858 318 104 702
940 98 299 803
540 373 293 750
985 387 240 918
662 89 368 612
646 373 357 661
625 215 406 674
957 117 204 548
537 101 416 833
614 3 373 672
541 29 93 815
722 100 126 893
961 130 30 672
814 43 242 776
898 83 313 986
867 294 211 837
967 3 209 996
606 165 89 683
742 280 446 629
631 360 316 839
595 373 117 591
968 437 242 879
800 363 145 772
836 110 480 837
710 260 492 983
960 496 496 614
565 268 140 873
875 207 236 609
593 469 267 834
961 343 420 905
526 396 80 595
524 90 176 669
875 29 84 977
881 181 142 768
506 44 317 975
553 153 79 775
665 333 26 692
852 404 462 698
725 403 470 713
839 434 188 733
511 318 440 509
863 130 175 949
801 85 379 904
894 466 373 785
649 86 325 917
600 153 61 604
882 112 395 803
721 450 80 938
685 114 84 863
856 422 462 685
737 7 162 792
840 128 175 560
713 490 284 815
838 174 422 929
890 146 298 645
879 423 11 764
723 316 88 922
845 112 179 578
520 122 138 983
781 466 174 535
789 221 430 672
965 327 372 765
787 46 393 524
827 389 90 759
882 298 477 765
508 155 56 721
606 216 113 807
743 294 334 796
648 284 71 741
661 38 350 634
939 182 242 939
944 137 99 662
810 196 211 970
706 4 286 922
779 29 59 777
739 326 385 841
768 496 131 610
750 89 440 594
962 55 321 552
969 461 48 506
656 417 492 988
719 302 135 786
930 158 301 658
873 233 67 718
518 154 138 971
921 139 478 961
844 258 143 921
905 111 241 625
980 199 309 936
749 377 78 721
608 346 108 505
838 440 363 810
706 96 224 625
866 476 465 828
592 180 60 894
835 481 327 595
639 483 347 765
753 445 240 657
668 407 166 664
502 465 98 842
893 2 144 655
768 498 458 581
833 186 408 805
549 405 35 965
803 490 344 926
726 93 35 551
742 195 11 785
896 439 128 557
532 486 270 997
731 430 9 812
563 472 389 638
540 282 361 725
918 464 36 579
689 115 64 520
575 15 484 734
576 181 374 770
631 91 155 960
986 24 21 520
545 77 123 544
796 95 103 807
713 477 417 517
680 425 204 754
765 163 471 696
811 477 227 914
815 493 243 742
909 366 332 713
626 430 351 585
627 227 458 659
925 469 10 756
649 34 420 727
991 424 301 974
797 288 320 801
908 75 462 893
564 135 300 809
803 430 232 641
816 60 447 777
732 179 280 964
616 177 84 755
781 110 332 618
612 301 492 732
618 411 145 887
755 96 78 969
834 217 275 678
717 390 168 989
750 360 138 604
567 36 34 939
611 125 74 666
824 47 447 504
524 405 102 612
695 234 101 856
668 66 424 777
759 5 286 811
528 279 107 989
941 258 483 827
884 335 477 839
765 353 17 984
509 314 420 979
747 393 287 570
975 348 265 640
878 175 74 740
981 11 168 666
759 218 418 736
711 281 203 878
762 416 344 687
843 177 92 691
690 11 103 668
568 66 34 648
980 297 108 926
510 397 317 827
672 138 359 620
657 152 391 646
647 237 497 933
844 236 179 714
560 245 308 859
572 21 45 826
812 103 215 923
584 257 147 727
531 110 228 508
594 150 271 822
823 214 133 873
861 276 422 676
841 381 171 803
537 463 208 554
668 162 57 978
939 275 474 606
1000 475 201 724
697 349 286 1000
837 245 146 704
543 384 244 739
902 421 296 677
792 236 2 732
927 17 458 754
855 236 302 665
665 180 87 855
980 439 317 919
817 168 81 803
821 144 127 894
734 83 314 550
566 83 445 713
505 189 69 935
694 422 450 820
546 384 60 583
898 167 47 740
855 311 471 949
669 496 55 916
806 286 172 755
514 414 364 936
594 232 180 876
557 382 173 725
908 104 194 558
893 366 202 787
651 161 485 796
654 46 82 636
807 434 467 531
850 467 324 967
734 199 148 861
783 159 132 732
622 376 426 564
853 493 88 523
513 464 66 679
828 465 329 898
624 345 484 855
726 245 397 839
544 442 147 764
939 462 471 742
842 396 183 658
653 27 205 970
756 188 484 747
572 302 280 978
799 289 308 624
507 488 444 652
807 236 244 989
670 1 351 662
684 163 71 980
934 147 412 788
851 278 223 986
933 233 222 750
845 142 408 519
879 9 198 976
957 15 33 568
846 104 418 903
615 407 303 582
744 173 51 644
717 270 155 500
915 179 226 769
943 104 459 503
982 180 4 604
632 436 332 587
903 238 266 808
791 32 422 588
958 384 117 713
910 220 112 605
928 18 222 721
590 78 334 648
588 495 61 849
612 241 332 537
850 248 95 621
884 96 365 903
945 409 470 895
617 295 283 599
949 23 110 804
845 127 388 505
716 232 152 683
650 307 102 718
539 409 84 807
628 24 93 739
809 226 188 914
901 314 174 689
575 75 8 775
997 183 194 769
880 7 77 735
976 89 367 953
543 44 393 691
635 135 4 597
710 104 408 867
731 289 329 771
937 344 491 762
594 227 373 758
910 42 293 843
577 337 112 851
754 350 372 904
715 246 193 711
569 499 225 787
798 457 440 749
790 86 349 672
742 112 65 958
990 48 133 942
766 107 260 836
745 11 224 683
887 372 95 961
527 477 211 870
958 408 204 932
954 435 368 585
650 345 230 637
930 17 224 731
649 460 259 942
731 450 199 703
951 385 142 933
784 170 412 605
918 175 162 639
541 482 53 639
867 325 386 515
794 466 327 924
769 344 445 819
774 427 381 833
635 356 449 516
916 423 452 983
687 251 347 897
579 406 102 901
659 249 103 772
903 49 64 757
917 200 98 659
847 219 408 821
943 476 240 811
898 60 39 588
990 433 23 936
967 110 355 978
626 431 41 664
500 167 409 832
654 160 13 782
952 123 229 753
875 373 260 862
925 383 201 973
695 60 217 918
807 343 19 703
677 224 196 642
576 46 395 792
864 122 206 850
713 144 42 991
615 302 492 907
522 22 292 690
599 413 462 884
584 484 258 844
621 130 256 845
555 415 457 921
969 221 269 727
725 149 422 669
808 286 457 713
608 97 473 659
995 251 458 974
728 429 425 938
799 465 250 906
514 482 75 843
639 32 444 847
833 229 95 520
889 422 144 680
626 66 119 992
907 331 475 585
714 315 189 622
655 400 450 709
606 307 100 735
548 389 383 776
574 9 235 693
763 468 294 759
816 121 57 918
588 245 332 574
517 406 441 526
870 189 265 698
742 492 471 737
961 421 85 959
682 27 369 888
614 332 322 962
592 394 51 880
700 411 345 797
649 195 484 752
538 260 445 630
841 1 226 609
557 281 47 616
629 226 371 857
760 460 396 647
786 222 97 905
729 441 142 940
543 197 463 684
621 295 33 771
942 296 195 535
848 313 172 941
689 268 208 965
594 388 41 529
876 102 161 658
932 200 255 648
692 35 2 659
853 441 14 690
776 261 49 947
868 383 9 842
697 70 473 974
528 343 80 731
873 436 268 704
651 308 380 573
984 308 322 684
714 22 316 992
892 434 353 751
807 325 116 650
882 269 144 704
610 191 338 502
651 373 264 803
658 3 320 733
704 401 25 559
798 354 449 750
998 390 385 527
870 414 31 530
562 184 489 679
701 380 166 983
569 360 244 774
524 467 187 509
973 430 258 735
773 215 411 804
977 400 357 704
851 160 480 539
950 160 110 558
603 480 231 675
698 303 234 732
602 220 146 504
784 243 165 869
991 220 134 861
991 407 70 839
979 50 33 834
795 272 18 826
788 32 206 890
601 399 291 839
577 193 255 880
587 293 416 905
641 39 348 810
756 76 24 753
750 252 138 875
683 406 232 532
876 402 177 538
701 159 126 527
815 78 417 927
561 147 449 702
782 397 458 781
524 440 309 985
757 25 449 700
641 386 237 603
750 28 297 655
672 202 427 688
997 101 13 993
617 220 134 521
718 346 283 669
881 213 410 791
559 260 313 677
718 144 391 568
691 346 125 701
646 226 391 588
731 52 344 676
514 27 175 795
804 223 292 521
820 478 474 880
875 137 83 777
517 226 119 975
587 30 24 666
690 127 343 737
785 13 296 773
736 20 265 542
745 356 19 736
505 413 317 683
816 297 329 809
581 48 411 909
583 311 350 532
517 111 487 917
833 148 180 959
964 118 245 634
918 439 309 514
718 47 437 857
583 202 232 731
766 80 132 892
536 92 16 800
983 407 421 932
546 65 454 986
514 399 114 931
731 322 426 867
629 326 5 824
801 359 308 712
590 361 401 579
938 335 498 543
874 22 279 956
579 308 145 929
870 332 2 871
567 269 46 719
663 221 388 595
578 468 172 792
977 246 63 564
817 82 334 722
584 347 42 729
859 40 24 767
521 240 48 801
636 85 53 680
784 447 144 660
606 36 479 678
545 239 216 708
923 230 273 938
939 466 308 973
511 111 339 853
880 293 191 776
676 231 392 794
956 369 129 609
639 338 70 691
594 146 182 723
645 431 424 842
625 72 419 618
632 193 18 622
542 253 178 670
850 113 382 880
707 440 30 500
602 28 338 721
786 51 349 579
584 364 359 805
592 157 371 686
721 6 432 534
806 445 221 980
564 19 7 767
889 256 95 971
591 72 295 975
886 436 5 999
893 371 116 768
949 72 485 988
660 407 489 612
513 323 468 713
811 497 366 740
826 451 256 524
575 53 489 718
518 477 489 961
650 384 214 971
826 284 255 613
774 39 305 938
583 447 221 925
920 161 107 561
576 38 491 518
919 465 463 610
699 276 203 695
551 114 416 803
782 291 484 776
809 141 9 983
534 257 482 520
605 58 59 661
936 313 472 707
983 240 462 542
794 145 170 600
577 382 159 929
981 460 462 707
705 497 425 794
513 322 240 524
541 183 37 692
715 26 109 683
714 193 376 788
542 200 319 881
609 206 344 817
600 414 334 920
564 461 50 885
781 380 413 605
916 329 243 983
906 20 14 718
770 403 495 647
940 100 457 757
701 230 263 600
522 154 428 997
881 193 302 863
713 276 265 571
719 288 101 999
713 434 246 894
979 448 496 816
968 197 176 943
806 398 292 810
759 165 255 655
689 399 338 672
896 411 351 582
885 84 168 539
513 399 51 843
843 232 240 944
832 457 117 612
803 453 390 661
905 171 108 925
567 64 207 963
998 124 18 804
645 307 442 908
582 378 259 994
763 486 268 839
831 385 437 703
680 114 423 795
839 46 154 514
941 77 200 974
547 174 148 717
839 445 18 752
593 282 5 709
839 101 186 931
916 251 372 878
799 1 95 561
955 380 280 746
798 143 48 598
901 467 47 707
952 293 83 725
742 78 384 846
802 18 478 672
869 119 396 778
561 137 403 668
983 283 460 663
500 196 6 925
715 50 225 820
697 458 296 555
519 156 393 687
650 219 420 911
896 408 375 859
865 197 115 535
916 142 436 713
528 367 493 690
853 376 434 665
884 358 379 843
591 287 251 790
571 101 185 669
707 156 309 942
573 233 221 639
751 295 164 925
877 196 146 912
804 28 187 510
734 403 486 742
992 13 324 799
936 104 323 741
552 43 369 544
516 193 219 841
830 404 250 990
893 367 471 924
903 274 144 792
839 382 121 659
797 487 151 904
569 491 92 865
760 344 429 737
595 409 364 648
781 133 213 802
966 477 136 941
534 328 79 907
501 16 251 510
846 13 23 718
741 406 230 641
798 306 277 501
592 163 166 859
550 105 338 816
750 99 393 912
963 267 99 746
621 96 342 915
976 40 189 615
966 427 416 950
706 39 255 556
508 291 388 730
602 222 395 553
968 396 115 641
585 86 466 896
722 48 79 524
907 286 137 909
921 16 123 775
500 73 350 552
601 278 266 922
976 157 379 690
631 127 43 720
548 484 466 716
697 38 332 923
798 385 472 831
664 241 225 729
928 387 480 697
953 430 22 948
963 256 94 869
543 83 284 1000
751 164 188 766
608 39 253 685
832 463 253 619
677 148 40 581
615 40 79 647
588 305 401 899
735 111 196 781
929 40 28 871
913 421 474 515
887 383 293 889
915 117 306 861
777 314 490 957
564 295 296 925
886 403 493 651
511 65 162 990
586 255 120 515
802 69 289 653
946 199 360 758
869 190 166 885
511 252 161 547
657 474 494 842
898 322 128 819
701 110 123 691
545 332 261 759
733 394 428 603
748 205 219 960
792 286 153 717
618 94 84 988
688 386 87 624
788 212 292 546
728 124 299 522
927 201 471 895
644 141 437 999
534 331 312 807
799 21 249 974
507 65 481 616
618 480 280 852
645 353 39 784
532 288 461 540
882 194 325 867
748 215 285 789
888 264 477 595
849 425 466 794
585 161 445 658
733 495 396 797
989 62 458 769
592 269 355 733
986 48 274 992
852 95 75 684
620 119 255 708
698 439 260 991
796 476 210 873
740 15 412 950
883 121 370 614
610 490 297 529
652 177 353 866
906 448 317 551
509 55 392 606
703 212 409 676
655 100 222 565
623 334 54 939
595 271 337 877
899 92 403 807
754 281 366 623
670 82 1 902
557 324 260 663
951 74 243 908
675 427 227 665
754 361 293 855
612 362 269 996
891 249 127 867
699 329 58 698
535 416 305 578
508 225 394 960
781 198 138 661
879 60 135 564
905 277 273 569
1000 388 281 980
772 267 152 574
726 164 284 553
774 116 317 688
689 449 65 833
529 72 272 887
532 325 89 959
644 364 35 699
845 20 76 840
685 329 223 730
900 469 164 975
531 483 476 984
591 394 88 945
840 497 223 719
554 300 406 695
751 27 123 563
802 276 294 931
885 468 494 638
619 115 364 839
987 411 4 503
648 56 76 941
667 415 414 752
619 269 300 723
640 83 76 771
855 276 396 502
706 45 237 543
931 251 217 557
560 184 422 701
777 198 387 782
954 95 21 917
738 7 129 931
833 333 21 955
838 56 1 732
580 15 292 925
609 494 45 577
527 50 268 931
819 177 106 757
680 203 159 697
796 141 20 941
823 115 204 712
591 330 408 587
653 409 44 738
959 106 378 848
736 494 472 950
791 492 62 980
861 41 435 921
831 60 157 638
677 428 190 711
802 199 186 524
581 242 300 769
681 98 196 505
517 142 437 848
815 391 456 697
728 217 395 656
819 144 384 697
509 397 58 808
913 352 153 992
507 12 58 664
547 306 327 754
564 428 111 932
690 356 360 789
544 246 449 572
797 100 35 859
527 150 306 533
713 36 244 568
889 487 410 510
943 200 413 914
987 18 286 687
835 13 82 507
773 180 236 872
603 229 344 695
932 16 299 806
522 109 130 680
801 261 99 617
696 367 327 645
849 142 319 832
886 293 67 978
664 193 236 580
813 294 427 745
952 213 499 825
737 69 355 815
579 221 2 571
679 312 464 753
567 455 483 768
806 40 306 647
502 496 66 721
999 99 53 543
888 497 19 612
949 131 375 970
661 44 172 725
647 155 311 887
666 11 486 945
556 475 150 967
773 326 142 816
835 127 53 619
895 96 136 791
653 337 285 729
508 279 238 876
989 482 247 532
824 303 165 560
626 195 348 650
748 94 19 673
664 399 307 979
778 154 231 877
683 36 399 622
550 199 190 572
967 245 307 564
577 315 368 730
671 120 200 526
742 303 408 893
720 316 280 648
523 311 56 541
682 122 314 670
911 211 65 879
724 301 118 713
678 211 346 958
792 338 403 530
917 128 178 656
814 274 368 892
691 281 248 762
893 176 317 970
627 283 77 869
998 148 221 879
539 471 447 891
957 212 335 774
636 385 215 555
957 77 461 922
539 257 445 971
818 202 70 561
601 177 23 583
679 442 372 899
524 182 50 847
556 163 299 754
782 480 273 681
794 54 356 731
595 391 187 690
920 81 263 632
710 13 160 634
765 446 214 809
922 338 226 662
717 159 484 576
990 493 236 682
760 423 469 755
856 202 6 740
941 468 229 668
946 173 80 699
830 161 21 816
973 173 50 811
684 159 441 933
781 312 434 657
517 400 228 865
610 190 268 731
596 498 130 572
910 203 86 654
727 226 154 943
594 25 281 647
652 253 76 939
650 422 122 663
568 422 178 714
711 74 338 796
637 61 238 703
502 352 442 719
544 252 345 859
820 454 26 893
645 93 400 837
728 203 332 519
950 463 367 640
673 74 480 948
758 484 160 536
632 282 352 870
544 118 186 672
578 340 64 970
768 484 424 734
950 48 197 946
998 462 196 925
671 401 457 722
614 302 107 746
829 244 408 634
981 133 239 937
741 198 366 889
897 36 138 791
977 272 199 832
787 251 235 829
828 439 59 771
883 420 373 994
705 456 383 574
924 172 80 714
862 315 342 805
982 469 56 674
529 184 464 872
556 299 278 825
605 73 333 759
974 441 75 702
544 381 293 896
711 408 264 562
683 336 72 690
868 305 87 534
704 221 479 756
763 5 416 800
954 70 446 682
876 243 49 581
690 456 126 900
878 351 470 645
599 348 326 698
652 57 350 754
529 446 106 648
637 257 179 656
908 23 316 968
834 311 21 545
753 194 208 597
728 34 340 512
803 350 361 765
906 98 11 607
827 91 362 703
848 358 363 509
929 190 371 917
860 450 460 670
711 249 93 902
791 247 358 675
921 132 113 652
515 494 377 680
686 4 499 635
506 234 139 604
712 92 467 600
935 146 449 613
536 161 178 874
670 37 333 713
653 123 212 525
703 488 34 514
866 219 456 858
981 93 201 967
813 405 358 818
559 454 297 983
860 413 456 823
835 3 462 505
647 99 220 929
830 335 131 766
663 280 308 754
749 420 225 997
669 7 299 952
880 381 138 957
899 449 489 875
507 95 262 806
752 309 263 839
790 209 255 625
712 41 19 693
999 241 153 677
579 283 282 928
549 45 359 873
803 103 226 663
798 233 237 803
749 487 63 529
784 391 75 929
559 458 76 676
640 471 284 988
818 121 139 629
580 252 258 934
755 260 20 883
964 92 124 932
567 54 309 694
997 315 10 723
973 99 169 817
996 202 360 788
864 166 286 623
620 317 384 778
872 209 136 988
610 336 2 680
617 270 209 779
539 199 290 727
976 364 377 685
895 318 29 781
679 411 476 614
727 111 173 788
869 330 208 504
940 386 352 762
780 370 74 718
690 6 92 997
512 275 429 660
730 307 98 601
806 445 241 977
962 185 161 836
600 239 257 582
673 400 259 588
863 225 449 843
541 330 361 813
578 391 497 962
885 3 355 911
898 265 475 688
529 67 347 883
698 387 187 773
927 354 373 716
653 346 202 895
621 428 223 927
849 462 326 773
647 133 218 604
649 365 88 867
567 312 88 725
863 242 137 729
691 318 333 628
604 495 361 722
715 357 54 859
727 361 341 940
623 270 135 741
888 327 164 953
804 450 341 994
941 39 472 605
625 158 390 877
845 112 219 926
833 255 293 871
655 463 487 773
871 483 477 907
908 145 156 782
558 380 120 731
690 75 150 771
847 48 488 550
680 93 404 694
653 20 195 507
952 282 55 648
587 465 59 783
973 308 82 913
593 131 32 855
908 447 127 815
787 201 201 850
642 254 5 506
1000 230 26 896
763 256 371 799
869 234 290 768
961 440 447 885
521 257 199 559
987 101 147 573
657 462 452 964
881 177 198 968
724 313 86 861
937 110 87 815
511 206 250 696
561 486 362 705
763 155 282 641
559 198 231 803
904 188 389 516
715 346 318 852
994 330 298 924
907 388 416 719
527 444 59 596
793 99 470 706
570 372 362 796
543 162 156 502
798 132 342 985
894 311 293 705
512 150 109 703
734 306 42 933
866 432 356 974
806 325 297 814
907 279 330 987
576 21 266 812
501 447 309 836
797 432 407 507
598 177 430 560
565 195 294 745
596 431 310 937
911 122 473 900
926 466 378 921
700 119 248 949
769 5 358 956
954 16 308 956
927 218 167 804
822 13 204 853
771 264 125 817
962 141 104 785
873 427 438 822
797 200 333 631
871 28 240 840
883 284 384 585
669 177 415 567
818 261 250 854
533 267 441 906
606 180 251 787
513 193 94 879
935 185 53 733
649 132 4 982
602 464 353 804
583 133 380 687
595 131 332 979
566 477 77 881
537 75 30 686
992 104 15 705
660 358 222 778
961 119 408 531
800 372 479 593
899 166 272 680
809 182 396 892
987 148 73 626
626 126 64 891
759 131 401 517
773 346 449 579
542 343 256 815
523 131 100 785
925 191 17 647
969 491 467 663
872 217 29 873
937 207 99 790
898 403 215 835
786 158 45 589
970 364 33 1000
764 179 290 795
697 129 107 721
597 56 196 617
851 422 308 893
651 335 339 648
755 6 387 990
834 115 227 527
919 314 100 917
663 445 173 832
807 348 228 874
653 458 470 524
659 365 142 734
660 444 340 668
779 116 103 585
927 91 444 778
547 152 367 807
808 203 341 965
826 258 411 603
614 241 362 1000
803 453 247 566
512 129 332 586
704 487 2 820
693 250 298 844
575 198 30 862
902 428 317 654
527 113 269 699
853 447 215 501
918 122 143 905
732 208 373 814
940 149 458 639
910 85 135 634
905 433 211 500
754 371 349 672
725 275 490 513
789 431 118 901
573 206 235 654
960 386 231 844
603 469 68 506
551 213 327 852
762 120 434 866
973 124 246 949
521 11 351 867
808 143 364 515
506 172 444 614
696 279 70 812
794 403 484 612
942 241 490 964
581 242 113 939
626 127 145 687
529 20 359 545
878 23 257 954
670 431 106 968
939 282 113 700
922 381 408 788
942 58 306 770
1000 143 215 511
918 494 402 816
506 296 433 878
785 388 310 596
541 30 159 507
949 444 188 722
930 393 47 506
615 478 454 822
988 314 435 784
687 117 456 915
986 195 60 544
850 443 370 678
736 84 420 566
925 178 8 649
619 37 365 675
845 13 332 986
960 226 280 900
862 318 69 775
708 71 83 601
695 415 410 871
918 117 133 658
971 482 80 585
577 245 449 991
933 368 396 986
545 436 349 664
757 223 324 537
751 212 442 677
528 130 315 756
696 86 19 660
894 132 380 521
980 334 439 928
570 272 431 631
866 490 174 737
956 317 479 629
623 285 304 754
667 499 498 896
820 52 225 610
750 124 466 557
826 253 261 575
645 471 89 622
744 250 200 943
872 254 8 847
831 331 150 769
616 449 217 979
759 207 152 900
633 418 439 919
982 45 187 841
739 485 478 977
796 374 85 968
664 24 485 901
837 368 442 563
924 471 154 850
608 478 286 717
783 86 483 742
829 222 283 695
834 446 433 529
623 29 52 869
621 421 25 609
696 31 489 619
901 344 275 713
615 257 422 613
942 207 109 675
959 204 203 734
709 399 345 598
866 201 360 638
889 187 360 691
743 22 167 675
519 136 60 730
713 299 264 876
703 469 437 965
968 293 10 592
511 296 127 667
736 336 386 775
862 101 256 832
863 432 191 881
668 374 499 758
894 492 52 869
509 149 67 780
974 451 490 951
519 417 272 829
960 29 470 635
665 409 326 721
883 144 388 724
658 246 261 593
900 15 437 921
671 482 150 959
503 432 423 707
647 159 245 549
585 486 435 710
830 329 66 548
566 174 240 734
908 169 271 911
999 220 20 846
752 368 59 614
577 31 87 583
532 12 430 745
578 163 199 710
748 94 234 656
713 209 92 976
736 364 472 520
645 126 166 760
517 58 326 571
865 93 443 837
908 485 325 756
784 158 351 755
539 472 399 851
609 398 102 549
743 351 288 834
868 154 429 897
599 390 82 981
878 138 9 996
597 406 182 607
795 340 149 989
736 156 430 891
594 339 160 580
683 416 462 988
745 425 140 990
649 411 468 609
606 12 290 865
676 84 180 541
809 114 232 573
785 15 123 783
650 354 84 993
609 403 18 923
619 202 379 998
702 177 286 712
945 482 330 735
817 244 179 751
597 105 458 566
808 271 458 741
621 111 52 907
533 298 477 697
570 178 407 952
797 373 413 901
802 249 253 974
652 399 156 916
514 473 454 766
716 499 48 600
760 70 479 688
757 127 376 716
579 25 169 581
650 68 219 855
642 242 247 732
747 106 238 590
537 262 445 884
778 282 486 946
672 319 123 836
651 442 270 728
772 367 274 903
640 377 472 683
890 190 274 738
787 454 258 770
908 51 46 915
518 221 328 913
791 62 466 695
994 425 78 849
950 488 231 579
606 369 140 989
694 403 25 895
1000 359 434 737
697 338 164 840
652 365 389 878
556 367 238 675
575 257 359 998
758 59 485 833
652 381 341 645
928 61 269 557
942 273 127 657
912 446 35 674
500 452 374 739
772 89 209 698
758 66 484 647
531 206 189 589
769 441 417 673
813 61 138 715
650 478 465 786
647 483 401 564
888 430 391 927
659 177 259 960
611 264 84 722
802 277 127 923
752 333 35 513
571 106 429 870
991 428 67 575
958 90 491 630
861 187 376 721
845 181 318 712
911 338 313 643
616 285 108 861
714 448 485 836
923 139 422 744
745 14 374 579
888 378 386 969
868 101 218 781
597 189 228 648
826 118 226 939
722 155 218 892
732 402 496 935
668 39 375 981
678 23 187 747
540 271 486 886
800 406 482 887
641 146 407 969
733 155 404 806
801 33 376 532
970 170 227 866
930 154 326 730
603 305 175 997
848 198 487 714
855 22 423 818
741 444 490 979
749 374 39 675
905 338 385 899
987 365 255 914
562 218 394 629
643 404 413 600
641 131 95 965
826 101 263 679
702 62 174 875
959 340 139 671
992 129 481 825
977 50 4 862
926 205 260 933
945 222 250 795
974 67 35 938
712 392 497 984
560 360 253 656
597 171 470 573
879 96 191 758
560 293 420 775
560 35 203 885
504 78 395 603
968 305 202 641
620 80 145 506
662 305 375 999
903 114 243 843
603 61 290 605
963 398 329 896
777 188 456 637
843 136 233 946
568 342 140 967
849 255 99 525
603 44 408 596
572 180 13 937
748 345 234 652
705 234 160 788
868 489 331 935
660 320 436 632
883 51 113 508
944 192 472 660
567 252 390 529
765 68 423 652
801 400 190 991
604 342 394 873
654 381 360 746
593 475 159 677
609 341 71 996
531 45 102 842
828 413 14 574
851 19 378 642
737 133 443 888
974 343 418 853
690 441 164 806
560 53 60 524
881 155 497 784
694 229 419 944
931 334 2 746
573 72 371 655
610 272 193 533
973 465 77 872
996 336 251 594
944 56 450 693
628 435 146 636
867 24 228 518
577 472 131 774
730 390 69 846
720 122 185 576
763 489 190 826
834 243 472 677
857 370 248 961
633 212 466 625
993 401 307 912
995 122 289 530
712 374 292 986
829 420 306 662
806 289 195 990
924 301 140 938
616 439 371 728
720 204 43 510
529 115 29 635
751 179 252 739
767 197 436 527
952 316 110 833
578 145 354 956
768 478 377 831
945 144 378 762
703 366 225 810
643 59 51 904
725 148 464 646
874 219 150 539
628 84 467 797
928 73 403 576
765 427 435 977
615 44 146 683
895 122 494 502
892 380 222 729
535 437 271 899
830 310 324 809
580 313 423 816
575 46 46 512
741 490 289 570
504 24 443 691
886 248 381 938
999 267 63 729
524 289 71 665
927 297 485 624
950 462 437 644
818 181 453 549
941 491 141 650
865 105 321 861
700 45 273 936
605 377 375 926
746 346 168 500
697 68 381 816
929 26 336 840
754 35 464 989
996 359 213 574
627 227 319 884
536 66 110 933
898 430 62 974
513 488 342 552
746 97 35 941
626 254 251 689
925 275 274 590
610 87 404 906
818 443 417 914
535 90 186 870
815 212 190 705
898 350 365 700
659 215 491 665
820 273 199 584
872 116 224 657
869 265 240 655
793 159 313 536
580 461 126 961
637 132 339 706
604 157 418 648
667 333 366 589
888 76 195 509
932 322 463 992
767 474 347 937
836 399 299 566
954 278 251 713
723 429 40 543
904 401 264 748
546 73 377 628
580 329 108 835
749 240 200 611
811 442 14 618
734 28 61 700
847 51 390 525
694 123 377 571
934 147 203 576
995 368 208 828
510 288 18 962
525 448 422 642
955 450 460 609
700 490 336 553
590 308 445 638
714 141 298 689
741 212 370 690
951 442 373 772
565 70 372 688
761 234 497 641
874 335 153 944
645 385 148 802
881 243 150 542
616 211 441 992
997 214 487 935
629 481 227 848
767 298 29 862
702 305 292 621
974 108 252 866
922 209 361 767
659 193 63 773
613 110 488 611
833 156 197 521
900 345 263 778
920 497 438 837
929 47 483 787
543 383 280 919
831 68 131 907
559 166 257 774
528 251 197 880
847 139 208 976
732 391 91 896
625 50 484 839
696 312 215 923
657 43 114 809
855 283 94 770
792 80 132 516
852 60 339 998
523 486 287 797
992 273 320 690
593 6 104 645
590 44 415 648
541 76 457 618
946 17 480 805
999 180 192 773
591 367 286 646
589 306 285 740
856 375 84 965
742 479 456 706
815 119 453 871
622 307 399 656
763 212 211 850
733 162 322 937
956 6 273 586
764 181 308 757
691 175 223 655
806 311 102 857
884 356 155 755
961 319 155 969
536 363 387 664
711 489 129 848
820 381 314 722
535 263 489 871
527 160 447 579
539 404 112 993
703 177 473 691
998 280 85 624
533 495 193 847
963 253 250 618
538 414 313 787
837 90 211 972
839 314 490 604
504 265 54 689
711 345 186 769
598 226 461 857
568 90 246 837
717 221 213 927
876 59 361 607
739 322 335 506
517 427 352 630
883 477 484 633
827 172 331 991
566 483 30 856
544 438 316 521
596 388 168 858
695 43 322 529
927 93 247 977
653 103 425 707
986 192 61 897
556 155 363 612
916 92 203 806
801 479 308 674
744 201 272 891
888 137 57 846
762 346 176 981
583 398 229 976
756 81 349 719
880 345 314 793
786 455 179 683
761 196 449 991
747 148 333 677
969 229 243 675
670 474 204 945
673 234 397 615
955 117 56 612
770 141 379 896
880 118 149 915
634 104 148 522
572 161 380 692
668 333 498 787
655 295 169 816
673 64 481 617
762 420 118 737
688 218 379 533
742 189 466 754
656 392 117 764
848 33 259 845
534 250 340 930
578 29 84 605
858 205 340 557
721 191 307 704
539 392 296 716
824 459 484 889
644 106 102 509
913 131 28 573
692 41 419 815
729 89 49 677
798 161 440 842
823 373 333 973
536 405 390 839
530 441 394 607
537 373 378 829
555 44 452 538
915 362 224 999
518 440 104 862
753 438 276 837
756 145 257 816
959 217 240 849
589 148 402 671
601 165 151 900
537 401 315 831
913 307 437 847
642 91 50 913
644 410 395 667
555 373 137 802
583 76 376 558
912 427 110 611
989 281 65 692
724 213 172 665
665 54 412 877
529 98 182 531
505 199 231 843
723 407 159 976
952 94 432 790
581 333 348 723
982 53 364 700
566 94 379 696
638 307 134 503
851 342 442 595
909 470 253 533
860 454 232 597
563 338 489 891
940 269 201 800
673 90 288 546
655 369 499 758
873 201 130 720
742 203 182 846
806 318 1 823
746 97 432 619
935 457 244 829
538 350 393 742
512 369 102 997
728 371 204 760
952 187 144 719
612 379 152 743
790 237 419 951
710 53 311 777
912 155 136 929
837 104 441 662
710 212 425 967
834 260 332 764
889 413 446 501
786 200 15 852
729 413 284 733
736 358 221 861
660 86 377 834
767 188 69 824
739 251 231 782
573 64 297 595
943 446 373 613
910 58 249 618
563 485 219 544
851 194 244 938
541 242 329 664
563 13 76 857
625 444 475 901
640 224 121 743
500 352 446 819
683 311 73 1000
891 340 178 668
647 155 378 919
919 264 441 505
779 138 320 994
977 497 449 541
1000 401 18 541
792 191 50 839
944 189 433 542
621 284 401 507
582 79 467 944
944 98 13 949
678 477 167 789
554 58 377 794
578 384 55 858
672 239 5 722
573 276 59 722
735 377 244 829
983 226 56 620
624 84 89 789
511 481 322 581
575 130 347 804
766 415 55 889
948 265 488 570
680 333 223 811
586 132 375 671
647 353 84 744
737 442 336 559
908 229 160 589
521 499 446 580
533 388 302 643
937 266 77 961
509 335 273 884
912 270 309 536
867 438 23 843
602 407 167 773
648 499 443 751
916 9 76 787
879 32 62 865
989 83 488 817
843 159 468 746
577 322 252 809
681 309 215 586
766 294 4 960
563 360 49 921
533 101 44 887
858 356 199 854
969 289 269 764
833 358 247 609
851 12 322 533
941 158 275 597
700 144 364 668
557 41 226 890
981 185 406 688
886 1 147 993
913 422 169 566
890 140 59 840
719 141 281 782
721 219 356 612
920 113 387 891
710 333 186 838
705 239 64 573
956 85 397 720
769 119 284 862
790 280 421 748
982 32 227 934
729 57 319 846
551 101 277 882
828 5 355 608
937 259 469 810
737 102 122 704
852 407 268 581
688 309 168 899
950 183 39 789
988 345 130 585
663 211 88 946
907 105 237 918
853 35 95 654
521 260 214 543
750 321 298 845
730 91 177 902
871 206 208 654
525 139 349 896
658 381 157 720
554 480 404 837
984 8 34 634
959 45 480 724
559 464 7 637
803 98 304 820
755 51 390 725
905 192 324 865
828 208 77 751
882 190 362 899
810 229 180 550
982 284 104 855
868 265 406 976
522 497 339 809
928 29 178 768
769 165 406 512
760 204 280 805
683 363 183 665
976 54 350 588
971 429 385 532
748 383 121 758
789 489 155 652
566 353 166 979
760 333 384 550
549 326 346 837
592 343 455 690
677 431 155 963
578 20 483 662
675 57 137 555
742 315 133 934
520 291 195 829
757 466 406 706
877 387 248 550
947 348 46 958
693 490 384 988
793 294 426 711
869 69 78 963
833 407 296 618
694 205 59 706
958 309 473 533
830 492 227 678
665 16 26 983
711 3 178 772
951 46 414 783
621 412 413 994
975 269 357 562
926 225 409 934
816 201 178 999
903 390 249 770
707 317 7 611
597 69 117 542
646 306 283 707
671 216 197 641
874 328 293 677
980 298 164 896
983 448 95 822
739 87 98 760
971 323 392 970
759 213 341 627
702 134 173 826
801 475 81 905
987 99 56 991
716 302 467 920
800 25 373 787
544 279 323 715
587 89 44 778
870 240 327 909
762 9 462 886
923 489 322 711
623 52 89 506
894 2 467 789
956 24 185 660
997 268 6 878
797 468 488 673
969 96 117 545
881 108 137 639
646 39 280 702
924 223 61 735
549 467 22 940
921 313 180 501
646 109 345 596
673 51 97 532
521 289 483 513
558 493 367 552
699 74 485 771
732 45 168 861
714 209 288 777
767 298 2 546
986 267 463 745
526 123 51 975
995 481 2 759
989 489 328 799
820 239 156 532
919 93 316 763
554 143 255 872
560 327 294 781
941 88 316 788
919 151 244 739
982 384 324 556
880 239 471 635
653 330 225 577
799 276 199 623
897 404 64 728
883 49 300 862
676 153 183 924
525 432 430 698
979 60 424 536
940 431 34 545
754 171 297 754
877 84 185 988
919 48 118 739
690 82 320 584
615 437 208 731
652 183 381 685
780 364 438 820
574 493 109 643
863 96 108 575
899 25 154 945
949 23 422 609
885 35 177 559
696 207 194 577
574 387 208 656
789 403 117 560
600 164 200 905
644 315 495 597
992 43 30 780
815 177 340 918
789 363 366 863
950 418 188 753
740 266 264 729
793 339 37 540
977 11 431 766
647 227 392 962
738 136 243 643
926 397 237 607
713 440 120 582
507 119 467 755
571 430 108 730
924 486 37 560
880 236 330 673
936 202 464 858
720 47 354 568
715 359 462 545
724 292 481 847
693 199 316 626
532 134 457 728
728 408 483 862
710 3 225 672
957 406 320 721
931 223 198 626
553 85 209 530
632 94 386 948
968 420 360 980
976 476 123 745
745 455 188 986
613 68 297 837
953 289 309 576
709 484 354 500
595 464 115 652
963 295 271 540
608 428 52 586
985 142 431 508
943 436 470 848
841 242 243 597
780 59 325 618
823 276 362 875
833 14 329 758
707 65 474 742
818 359 107 524
739 149 105 516
845 127 78 547
856 64 289 519
651 319 167 895
532 133 283 520
839 11 76 572
874 285 284 975
764 324 293 620
649 347 481 766
834 247 355 647
736 430 359 572
515 206 494 651
881 45 205 530
853 271 19 803
574 69 145 582
979 490 188 560
535 404 131 988
639 119 34 996
608 211 346 811
633 467 326 830
954 63 183 900
746 84 247 524
635 340 483 779
759 311 338 856
532 103 310 724
903 221 17 735
957 419 293 784
547 201 402 510
732 150 169 978
782 375 31 628
948 484 41 895
702 313 223 541
678 308 197 863
786 174 461 515
783 222 430 665
813 139 336 845
523 262 282 980
626 264 417 947
794 196 273 999
712 195 379 645
559 185 321 599
911 375 104 980
986 162 177 959
822 280 220 993
784 383 495 573
859 31 84 827
890 265 22 748
767 90 489 552
659 393 357 667
772 428 142 726
668 333 368 520
509 50 493 693
993 493 91 881
801 138 103 613
992 203 242 835
926 53 273 574
790 100 438 906
516 124 422 873
887 129 456 788
671 308 174 775
722 55 110 512
619 92 498 816
733 460 156 690
764 31 107 658
701 285 296 652
821 98 480 567
708 405 137 640
713 261 1 955
556 359 79 846
795 81 310 975
841 312 491 689
855 274 64 735
685 306 430 622
797 278 117 921
867 280 472 925
752 186 365 912
960 436 328 621
603 104 20 843
614 422 347 517
592 23 191 538
891 488 28 927
813 348 164 985
605 199 360 642
912 186 345 671
953 159 304 571
624 62 348 618
860 122 482 551
863 51 497 782
748 451 492 995
602 173 240 636
630 336 324 681
832 457 84 752
741 261 76 910
930 301 401 688
637 34 61 518
588 186 131 649
919 201 239 521
704 156 153 814
937 184 88 900
792 249 314 610
635 87 427 565
715 171 375 813
698 328 298 601
876 101 28 879
967 388 341 530
604 212 67 538
865 222 342 502
562 12 10 998
910 256 221 822
899 44 389 717
886 128 287 943
713 354 166 779
596 465 137 688
654 17 114 672
606 47 339 857
659 333 340 733
862 419 261 545
640 439 381 844
603 109 151 985
606 239 137 975
993 68 433 759
576 144 315 515
554 287 147 883
964 278 485 545
587 355 239 849
615 143 149 802
581 482 109 654
796 168 54 551
585 253 228 512
901 410 386 783
910 382 111 539
511 435 286 545
749 439 21 730
724 477 190 516
609 247 219 976
698 193 432 753
991 490 158 960
993 437 406 804
752 489 444 872
720 470 33 949
721 246 119 795
582 17 42 659
615 147 241 945
508 166 389 693
917 303 254 700
945 483 34 932
848 36 439 525
617 365 375 905
833 497 96 583
516 135 5 849
873 406 396 522
716 106 161 724
528 276 372 944
835 232 276 636
678 413 278 907
738 364 372 785
546 134 223 776
994 81 238 657
685 399 471 929
702 82 24 532
567 355 399 958
578 283 161 952
795 391 346 849
613 69 23 605
669 3 145 675
874 206 225 501
522 245 110 731
708 132 282 606
615 10 78 718
774 21 269 658
965 241 346 695
954 384 460 600
890 482 382 799
859 96 68 542
927 28 102 705
852 185 258 790
895 387 185 949
558 488 344 857
819 256 80 991
654 317 310 761
775 486 389 832
612 279 49 545
799 155 43 754
745 294 274 984
578 277 252 901
897 239 295 879
980 166 351 877
535 101 445 581
840 212 148 896
606 371 226 635
620 179 426 652
636 327 445 859
541 301 304 629
783 157 330 745
923 375 113 849
860 168 300 643
715 139 109 670
626 246 57 571
614 383 442 820
501 82 81 902
548 433 189 701
914 493 427 540
645 71 423 602
516 36 20 860
876 66 1 919
626 288 25 708
714 484 247 706
925 127 191 947
585 358 463 749
928 9 176 516
941 178 207 874
536 227 473 618
589 15 293 749
697 419 243 637
609 49 294 619
687 497 41 514
921 190 380 937
811 391 147 879
507 376 334 613
949 98 427 913
823 116 168 861
992 424 328 820
699 443 168 940
637 235 324 805
884 355 466 540
812 392 4 785
785 6 294 974
973 499 170 991
946 241 425 788
917 409 441 921
814 48 354 865
753 287 82 771
710 150 86 742
894 416 144 947
923 198 492 762
667 422 487 604
944 414 261 856
696 113 428 897
650 434 44 811
859 459 95 798
639 325 416 952
959 175 124 769
621 404 236 845
894 106 129 676
576 487 435 758
537 72 374 519
783 490 422 737
769 206 359 909
791 228 153 833
859 422 352 625
945 151 404 639
683 114 298 550
912 323 266 626
906 131 398 776
729 344 402 830
879 239 339 828
507 478 395 735
972 137 387 749
843 142 453 765
632 318 58 656
720 354 4 576
784 221 145 764
611 88 447 876
780 57 473 666
867 57 187 839
952 103 225 673
833 273 429 699
883 41 320 741
623 280 395 864
614 115 80 851
711 458 304 731
794 471 321 768
542 177 230 969
748 191 253 952
801 18 420 550
779 388 406 660
851 61 378 920
632 132 12 609
922 47 34 823
711 245 418 612
612 290 487 545
865 305 290 809
535 63 196 770
880 212 180 799
933 247 78 908
585 27 26 774
689 128 193 648
690 417 240 668
880 227 345 511
624 412 289 823
858 302 255 809
579 5 21 657
826 130 203 978
906 105 167 962
833 393 161 644
726 177 485 637
981 388 47 829
927 241 150 852
503 369 7 834
876 199 361 503
746 155 287 540
545 197 154 702
976 491 383 603
884 58 68 698
512 16 88 559
540 248 427 558
650 126 493 563
909 257 384 768
731 22 8 943
701 332 387 985
851 12 364 729
602 21 128 956
926 437 359 939
808 493 393 583
908 82 261 637
895 398 239 645
973 81 195 852
850 333 251 833
778 426 116 503
982 494 133 746
741 166 42 536
929 181 147 586
522 158 181 907
929 406 371 775
703 225 29 878
846 433 292 722
630 221 149 964
960 144 82 823
740 36 242 502
514 201 389 541
823 85 67 894
705 45 259 920
681 39 245 905
896 357 261 596
526 31 187 698
953 277 16 787
956 340 164 753
734 377 400 712
982 324 350 986
795 182 222 732
727 35 451 625
546 337 287 779
610 103 212 714
501 43 490 844
876 115 486 540
842 381 32 638
537 1 308 812
994 24 250 971
529 21 286 524
779 444 389 986
534 386 291 590
915 368 33 998
728 210 152 948
741 271 192 552
509 98 337 886
933 122 4 858
641 285 464 536
665 200 178 838
741 44 239 913
754 78 200 825
581 406 335 963
907 323 175 715
588 114 368 608
647 378 239 526
776 336 352 531
852 285 137 660
779 376 108 735
959 498 279 950
623 39 481 904
898 293 99 871
755 466 274 651
693 204 314 794
1000 482 449 797
709 148 372 829
936 197 51 795
910 465 412 692
679 475 408 739
808 484 267 706
846 105 439 802
570 361 289 942
940 48 105 858
576 403 428 757
664 56 71 644
690 498 462 550
593 187 277 757
647 1 138 831
707 185 279 753
625 35 421 657
605 288 340 526
917 327 273 875
502 289 10 509
840 20 495 833
812 350 296 765
688 367 10 842
899 221 391 538
789 291 32 823
752 390 76 701
681 278 27 611
678 78 412 949
861 6 353 892
730 198 127 812
590 129 353 500
656 358 391 619
665 140 134 643
797 343 147 627
853 75 419 751
797 462 282 688
697 447 172 876
960 452 4 869
919 87 418 648
814 415 155 670
903 479 24 806
787 475 444 833
528 450 173 654
511 96 357 508
993 142 82 1000
667 47 156 611
922 426 276 611
977 82 290 748
993 499 336 887
843 79 136 580
604 213 391 652
618 27 290 713
817 8 76 826
903 24 206 772
554 347 152 675
607 296 171 810
640 188 76 725
818 305 215 696
628 423 95 630
855 314 51 699
834 191 99 946
605 160 85 824
904 297 424 808
709 241 428 711
699 139 233 874
836 110 327 864
567 366 364 913
826 221 362 661
769 187 48 985
513 71 465 765
528 209 390 997
923 192 432 856
517 310 404 539
900 370 391 743
716 181 20 911
917 204 495 882
803 384 3 940
892 116 284 969
732 498 149 928
561 405 427 898
806 459 149 996
561 175 74 863
643 480 14 527
990 295 131 708
573 112 157 659
554 77 300 984
534 37 456 514
985 184 124 724
874 130 53 654
987 483 224 930
733 400 378 864
902 48 81 687
536 337 480 970
886 167 276 833
636 53 346 876
736 413 392 537
911 451 108 503
595 464 29 774
887 50 312 818
981 62 29 907
740 364 107 679
653 399 426 653
898 44 412 974
941 233 119 747
571 143 213 572
680 251 275 595
888 464 169 554
518 157 178 658
639 182 127 715
900 406 36 667
537 268 254 690
839 229 104 901
574 364 254 721
874 174 91 960
610 280 188 846
885 198 20 780
551 245 296 524
888 136 399 922
704 455 227 829
635 212 375 605
891 467 375 683
624 193 435 832
588 100 143 767
836 262 142 871
784 29 335 769
694 101 221 686
510 366 2 908
736 359 402 938
604 62 478 985
625 218 58 792
714 430 32 509
547 394 389 652
559 482 4 614
685 268 169 504
960 282 38 625
575 349 159 614
703 108 379 671
895 325 84 519
695 206 155 767
744 129 266 970
930 270 130 920
967 341 359 782
901 224 95 770
578 321 57 785
812 370 286 982
947 37 392 940
708 136 336 589
609 279 472 804
776 222 298 855
847 39 484 656
614 177 296 793
977 295 39 653
913 57 164 508
849 327 95 522
923 241 366 521
908 359 260 581
526 16 416 546
606 169 299 935
931 332 468 868
601 101 20 510
593 464 39 505
950 85 462 794
914 378 222 564
861 58 160 713
821 398 416 666
899 472 193 885
527 445 123 810
629 188 184 679
649 431 223 898
672 7 463 534
585 113 49 660
841 358 92 703
816 478 382 755
726 365 208 733
927 240 260 618
894 456 212 702
838 348 266 529
515 297 98 711
706 382 441 993
949 66 39 564
640 347 101 506
875 492 34 872
686 3 438 715
748 108 160 602
999 181 170 685
887 464 112 722
646 170 43 568
884 279 218 841
906 480 357 994
705 169 267 561
594 314 209 640
509 493 43 693
569 475 421 939
840 31 188 963
541 214 89 835
829 313 420 577
799 65 16 787
862 79 415 507
531 358 222 867
749 447 84 694
647 352 445 717
856 380 396 584
816 159 223 604
857 66 374 657
552 426 195 627
829 303 158 964
900 249 88 553
566 313 380 899
865 30 164 742
843 327 188 678
787 184 155 535
980 143 150 990
749 118 163 826
904 124 261 720
950 357 238 781
873 343 344 516
837 159 42 693
912 20 314 897
833 341 331 823
624 456 87 742
628 13 149 958
861 361 3 875
868 492 427 515
732 413 385 773
506 396 360 994
782 175 29 938
914 132 146 842
797 316 112 988
909 369 87 587
749 86 365 891
774 427 261 631
919 458 69 784
717 309 40 699
825 131 220 959
502 116 69 980
791 184 288 742
838 335 281 613
688 416 142 679
698 115 308 973
837 457 469 837
533 230 479 842
585 124 145 504
913 101 201 659
887 305 433 601
954 8 153 827
634 456 355 803
907 221 284 875
808 135 336 737
897 200 150 504
503 75 166 795
805 300 79 599
725 280 260 700
669 11 81 865
597 288 106 942
957 304 308 501
981 326 473 990
666 495 373 562
871 249 87 686
943 154 334 918
983 199 279 885
883 303 272 682
672 404 312 535
644 38 250 812
914 24 358 942
867 198 390 791
522 159 268 543
651 340 159 592
896 16 5 500
811 283 213 945
542 261 301 650
973 351 457 728
824 114 214 788
786 375 27 950
740 113 16 518
695 247 39 586
561 211 184 886
790 238 422 603
687 151 30 789
843 345 358 857
579 359 268 801
720 227 245 936
729 250 171 963
560 378 438 781
547 143 64 968
684 335 235 532
516 312 183 855
580 419 395 942
901 378 303 619
999 329 482 821
709 112 66 647
823 461 148 951
905 32 254 904
561 447 373 586
854 78 319 930
870 213 77 728
794 413 166 540
639 374 205 665
528 356 144 722
572 317 17 856
749 136 39 924
753 300 174 995
584 227 499 673
815 365 158 631
520 343 380 860
697 110 465 552
766 153 218 787
999 338 286 543
569 9 38 642
733 439 37 604
815 299 209 751
636 437 351 675
960 234 60 596
824 228 466 950
907 169 380 808
741 477 371 874
900 106 445 803
873 388 460 789
858 84 210 545
925 450 475 573
655 86 104 727
673 43 371 549
754 218 372 826
699 385 408 583
962 123 239 624
530 54 74 998
959 429 409 626
706 294 232 926
765 60 52 951
585 282 266 877
697 304 68 539
703 208 169 727
994 449 304 947
849 458 434 564
789 359 184 532
782 249 74 845
712 418 486 883
880 393 223 980
866 263 47 892
614 125 115 942
510 28 313 879
564 74 42 885
561 141 297 873
940 460 187 783
711 466 64 648
573 27 351 830
536 149 62 812
787 31 66 756
859 413 310 512
770 287 114 588
951 472 353 873
528 345 323 509
687 8 14 853
763 144 478 727
781 253 84 564
750 3 155 769
867 87 117 765
827 366 167 950
806 183 448 954
878 483 67 625
790 454 216 669
516 4 212 507
601 71 461 957
731 240 330 786
658 101 185 841
500 496 45 722
930 301 268 580
854 235 232 525
687 476 334 561
653 480 39 926
891 216 496 752
953 148 98 660
959 93 90 921
557 255 173 568
682 467 400 584
909 259 159 748
706 234 92 859
865 493 156 923
522 473 117 671
910 407 39 960
768 466 143 784
763 298 313 720
807 245 202 774
585 9 496 965
609 12 346 536
633 111 355 518
529 331 170 712
508 268 429 847
706 261 22 837
769 411 184 527
624 428 125 985
637 393 265 505
752 84 150 731
548 490 201 552
658 142 322 515
924 149 52 776
858 181 191 958
640 105 86 817
928 355 281 710
878 94 82 766
549 417 412 676
908 424 109 568
539 218 121 538
677 128 167 665
943 456 157 501
536 467 162 562
770 250 131 963
520 116 264 574
731 216 290 592
607 285 341 988
942 414 402 712
851 378 88 755
884 260 288 918
876 467 423 832
718 395 253 566
881 181 391 673
845 268 293 913
533 484 424 646
848 154 405 510
576 207 285 790
944 418 370 713
812 442 398 581
895 430 133 755
707 77 349 619
759 1 89 565
933 320 172 628
844 131 100 635
962 22 292 802
576 80 39 989
522 297 216 815
746 464 261 841
709 295 431 978
862 149 109 987
814 445 51 553
598 372 114 903
768 67 417 889
989 158 248 931
966 157 294 518
655 468 463 660
913 136 369 645
526 67 489 985
960 201 125 594
564 37 59 817
723 412 241 901
877 178 331 840
969 115 322 788
727 9 198 724
575 206 194 505
569 339 205 571
691 452 38 909
595 225 356 871
954 361 259 524
746 248 303 981
516 137 305 679
696 53 271 749
763 439 470 638
685 282 212 693
907 326 403 572
755 351 27 586
840 59 100 852
684 393 40 793
571 190 100 800
659 396 227 613
696 470 420 942
702 393 469 608
918 37 85 595
670 363 13 509
501 133 69 633
591 109 461 702
657 47 120 948
586 240 13 655
807 497 225 708
642 456 408 563
893 414 362 841
589 215 237 705
976 323 278 864
763 77 24 813
957 181 336 984
597 232 456 710
795 226 456 830
973 254 259 638
529 68 119 952
544 235 15 631
720 287 291 567
603 495 245 663
680 54 54 565
979 21 201 623
904 423 267 670
806 325 263 823
841 359 447 532
657 85 388 517
522 381 249 548
903 223 412 953
600 81 337 871
608 105 3 755
550 230 262 881
882 89 161 878
634 421 98 590
777 308 390 809
836 309 300 500
914 483 104 826
584 277 457 862
678 159 318 647
826 8 395 754
824 236 193 590
841 134 430 502
876 145 456 822
914 61 333 692
519 25 5 613
666 482 148 829
625 367 141 793
798 448 295 618
763 297 264 717
995 482 478 658
930 302 394 502
626 442 82 590
903 314 163 723
592 346 143 609
595 439 323 764
881 100 310 901
513 229 301 691
853 393 309 609
940 63 65 516
982 475 37 815
884 110 415 549
585 6 430 610
570 405 50 595
566 345 35 599
907 298 79 639
666 395 308 775
941 244 90 843
759 157 321 995
570 50 336 897
771 492 273 940
674 262 224 985
592 219 175 503
764 492 85 925
710 287 485 503
757 242 60 876
886 209 476 715
921 213 318 716
588 236 43 566
727 382 221 956
598 476 132 919
835 131 354 637
649 446 487 974
931 273 176 755
634 118 195 799
691 52 414 594
559 263 85 623
903 320 113 664
727 338 187 828
708 318 194 960
502 405 78 815
879 244 290 809
561 405 356 925
638 119 60 733
503 312 173 731
612 333 468 720
886 326 126 925
747 383 498 523
515 14 48 553
674 329 103 787
755 320 190 851
892 289 364 767
731 1 321 834
736 5 384 749
819 163 383 712
912 42 184 615
772 437 364 500
985 16 268 914
742 106 263 742
991 297 104 519
852 383 162 874
615 475 32 600
521 98 144 717
711 375 402 847
563 493 402 636
747 21 493 910
849 484 95 519
548 376 442 522
963 336 177 774
793 111 137 651
849 89 189 674
794 419 347 972
985 154 77 570
868 219 365 613
696 207 367 528
983 357 181 540
788 331 189 710
601 109 247 982
572 498 36 672
968 388 189 895
637 340 406 719
785 364 141 548
847 99 360 648
971 236 352 559
965 82 67 767
975 64 105 569
929 258 29 868
757 243 79 852
547 342 464 575
561 100 46 868
527 409 31 810
800 207 84 871
500 367 222 911
703 78 439 569
862 419 278 746
957 171 103 616
916 368 334 968
790 211 161 720
510 364 242 800
603 25 353 701
840 106 399 568
974 378 232 620
646 386 151 904
677 413 82 856
888 328 358 917
892 62 482 623
694 465 364 737
951 52 394 591
724 390 371 646
647 425 336 857
841 52 125 768
816 400 389 826
618 452 77 655
559 128 465 813
905 108 299 728
650 143 89 689
975 436 139 901
895 116 174 549
883 136 316 844
883 386 62 861
567 309 89 796
552 367 90 767
934 328 386 893
533 447 295 684
673 131 441 645
625 39 341 809
564 147 209 628
884 32 192 810
843 38 162 783
945 225 9 781
691 246 459 662
991 470 144 593
884 226 424 629
576 232 81 774
812 354 329 783
825 397 217 887
568 351 137 821
659 362 287 763
767 264 123 766
950 213 222 603
804 397 439 542
730 239 135 665
573 260 130 773
756 372 385 647
514 462 50 761
950 281 492 865
511 310 355 635
818 405 333 716
671 491 160 850
940 370 337 861
746 275 215 571
560 49 290 937
887 313 471 789
841 483 240 631
763 56 313 549
698 222 46 561
680 288 319 842
867 199 241 692
885 303 452 901
871 48 263 959
973 470 82 606
642 495 27 937
532 10 337 738
929 342 454 937
579 440 82 537
710 94 342 639
923 188 399 625
757 182 211 564
739 62 121 932
576 271 383 892
796 20 358 772
661 321 464 842
625 497 389 807
574 122 341 844
541 79 10 670
672 415 413 584
517 150 379 651
786 60 319 557
921 386 8 959
857 199 97 881
852 364 8 514
652 491 317 846
571 79 99 514
973 184 288 953
763 365 167 887
727 181 81 569
940 476 435 643
508 291 233 745
704 335 18 576
862 486 14 822
769 124 31 646
907 191 342 510
953 191 302 888
998 466 475 669
912 66 344 994
929 367 66 815
861 316 183 688
614 245 359 875
627 70 194 906
928 60 228 695
510 361 477 794
968 431 381 732
506 467 87 866
706 9 286 829
807 216 398 515
679 183 299 735
903 255 196 650
897 44 359 612
842 338 83 583
781 273 276 567
702 378 451 908
851 417 192 851
591 303 127 545
830 434 166 756
809 412 264 705
908 8 369 559
862 13 482 591
987 495 18 731
979 26 152 616
593 292 470 502
517 473 105 955
881 365 283 842
532 335 461 658
633 205 275 651
977 213 483 788
738 347 171 767
934 117 425 894
902 102 60 838
929 100 399 885
674 331 227 732
530 436 24 923
666 148 217 585
716 432 102 630
958 19 468 817
717 126 292 655
679 369 397 880
855 263 104 555
961 282 101 627
603 97 446 663
669 177 138 817
768 263 313 755
558 66 349 619
834 331 111 584
522 29 274 923
523 2 116 504
850 320 291 826
708 427 119 688
729 83 469 830
890 414 143 706
937 90 298 868
559 478 482 729
730 148 180 633
597 236 345 979
819 217 196 764
532 169 52 754
977 91 494 899
553 289 296 812
925 389 42 919
764 421 195 875
675 62 109 867
725 50 194 881
873 431 136 566
823 467 337 817
889 375 109 655
883 114 32 671
945 309 245 850
584 227 493 728
634 27 176 769
930 259 298 642
791 293 170 747
780 279 204 998
748 174 462 709
907 70 57 534
823 89 271 993
902 241 319 577
827 431 122 806
792 369 70 962
903 27 241 751
568 66 80 670
730 387 9 928
657 465 435 963
635 80 73 934
894 270 438 892
865 271 467 963
757 460 40 624
646 24 373 590
685 141 446 912
728 140 190 971
766 153 269 838
886 459 477 573
945 320 297 691
967 420 423 592
569 450 167 760
820 188 173 689
673 416 60 543
868 305 279 952
722 171 232 970
650 115 237 820
657 79 198 593
572 476 469 504
590 273 30 627
618 487 489 968
545 117 24 806
728 373 10 502
721 137 274 727
855 53 82 872
953 137 42 911
918 75 80 962
680 7 15 602
972 427 180 963
677 411 240 727
551 4 374 668
772 148 381 800
1000 75 328 710
524 47 328 985
690 282 124 662
566 221 143 573
763 218 187 708
957 428 386 853
619 268 184 620
598 256 408 842
752 259 164 980
761 427 294 684
579 127 426 777
753 443 102 521
966 227 312 701
938 451 187 750
525 193 474 770
877 163 285 924
560 476 359 631
986 298 310 973
514 361 354 935
545 32 96 813
696 285 371 721
894 367 376 549
569 348 3 894
720 206 438 782
822 295 429 877
964 387 404 620
913 394 465 919
682 482 303 975
859 234 92 514
724 332 323 723
995 138 280 892
757 443 53 668
503 496 159 915
717 282 440 613
905 263 257 584
653 287 271 602
854 311 68 598
521 381 364 857
902 137 296 800
614 451 488 743
968 466 77 512
881 284 284 918
578 418 411 533
660 491 197 887
955 128 454 770
545 55 246 783
636 45 117 739
933 354 143 932
917 222 373 735
539 493 458 853
774 478 411 949
858 372 220 789
535 85 424 631
924 381 240 640
974 264 271 517
926 470 198 694
673 222 113 858
819 3 83 643
630 405 438 711
768 494 84 904
616 385 231 908
806 117 467 799
720 24 126 955
800 141 192 787
839 64 375 843
574 494 19 666
934 202 203 558
557 364 367 669
927 94 38 594
765 325 70 871
875 330 84 728
880 61 102 741
745 265 457 714
811 154 250 505
701 45 490 933
716 484 23 872
655 153 305 877
790 425 192 788
847 321 395 882
667 15 440 781
891 441 376 693
597 84 278 899
620 251 371 767
812 458 141 795
884 121 250 902
918 437 490 639
629 201 279 600
570 2 294 677
516 378 226 858
841 309 332 698
723 152 445 688
591 312 71 578
781 122 233 661
846 173 498 529
650 423 35 692
970 387 426 966
668 329 358 765
695 346 386 932
809 58 63 928
668 497 222 619
520 497 470 925
964 482 75 672
960 113 462 666
763 113 375 868
537 337 451 990
983 60 206 739
997 202 54 755
962 51 378 707
808 136 90 705
515 331 332 549
944 337 454 649
886 19 472 677
801 176 493 617
972 191 396 630
517 324 53 771
873 82 84 681
880 239 77 622
653 305 263 616
777 266 339 871
678 191 377 719
665 24 266 653
683 330 172 912
537 244 407 925
867 157 214 529
993 272 147 595
843 215 438 610
882 60 471 647
741 395 187 696
669 248 162 810
608 71 117 913
675 390 350 598
970 454 267 773
957 126 164 934
788 201 62 704
964 305 174 512
616 95 305 553
841 23 244 537
820 398 344 758
872 300 184 950
594 243 13 607
648 432 104 809
525 442 300 764
615 50 285 729
874 268 459 784
631 377 160 558
814 175 134 524
588 214 404 724
849 443 431 878
574 177 194 602
823 427 492 723
746 171 305 933
861 441 113 794
751 458 85 624
530 174 304 605
676 454 88 562
716 207 126 921
795 107 333 621
625 441 264 713
829 185 264 831
993 349 68 851
761 407 239 514
973 410 235 892
951 375 274 799
744 424 269 674
645 341 122 833
908 129 379 652
502 29 261 705
781 178 57 731
776 301 13 965
559 18 83 969
878 387 194 868
542 464 97 984
986 252 478 902
975 89 483 915
683 368 84 878
808 98 160 699
676 113 319 986
511 102 327 684
595 71 449 551
865 481 79 794
651 339 60 831
976 138 172 933
983 497 309 716
710 375 60 764
580 342 161 906
855 293 96 614
897 282 272 660
528 265 261 805
597 379 364 636
730 171 328 716
933 332 215 625
734 389 28 571
993 348 348 551
729 87 497 723
809 34 382 912
580 211 42 588
808 160 336 780
555 224 161 930
649 8 24 676
715 58 308 557
790 352 121 514
920 57 493 689
654 382 2 527
774 403 72 667
611 196 375 520
608 407 301 943
964 90 233 773
647 156 270 715
935 118 1 569
745 375 379 749
772 264 114 973
987 460 478 618
509 170 133 501
985 446 75 810
966 351 28 566
537 222 55 892
948 395 498 741
809 464 446 580
798 423 233 716
670 157 422 524
829 296 228 812
645 377 376 523
909 265 59 599
826 2 238 920
543 52 277 784
888 322 112 662
738 4 334 801
819 82 99 806
811 100 122 610
512 271 35 603
958 300 475 686
689 212 383 702
844 246 210 790
701 403 8 699
691 104 456 589
624 282 310 814
777 471 265 795
570 364 140 601
538 251 103 772
626 330 243 725
556 130 81 690
717 256 141 759
823 193 127 685
935 414 329 545
998 456 153 548
501 202 343 669
734 95 138 777
890 94 291 539
924 119 74 531
858 122 363 887
763 231 71 906
775 419 279 865
569 181 474 731
819 458 4 986
944 138 490 512
593 190 162 631
827 352 341 833
827 386 433 882
713 355 167 843
964 210 86 630
866 468 293 601
971 13 382 625
737 8 165 642
622 350 406 835
919 288 408 843
920 299 232 687
783 41 498 665
886 297 448 754
683 375 292 959
962 33 235 796
554 365 85 613
515 155 36 892
718 432 156 608
870 17 433 702
740 467 52 943
583 182 431 807
534 493 194 549
829 78 318 917
611 131 485 604
675 205 184 954
814 109 391 709
725 453 175 547
937 450 154 852
598 321 340 911
957 137 194 842
932 302 481 842
720 203 309 1000
987 438 69 822
658 484 312 891
633 264 319 768
636 163 107 502
729 258 168 824
553 465 453 799
952 99 259 631
819 3 89 525
583 310 297 523
639 17 94 589
926 476 366 643
863 317 241 959
889 391 335 598
977 224 405 535
587 361 263 583
617 87 295 553
948 307 475 549
910 172 348 530
666 82 160 720
841 413 101 648
639 22 129 825
800 176 251 807
962 185 2 828
876 102 381 626
827 395 282 662
744 144 136 974
700 110 465 817
589 304 118 592
500 313 72 899
870 339 356 763
663 178 363 755
811 120 464 837
942 124 53 745
895 72 121 698
568 331 300 626
672 368 499 927
645 304 371 726
506 314 127 504
878 297 313 984
540 309 361 928
605 88 361 542
888 31 8 586
652 153 30 603
744 194 421 631
984 108 201 680
759 159 152 702
613 63 408 555
741 106 276 503
755 86 12 949
829 293 349 543
703 221 457 798
553 434 337 606
891 177 255 544
543 434 61 877
996 427 174 912
654 193 485 526
703 189 472 887
583 340 314 614
681 339 125 529
615 488 482 956
849 122 307 547
691 353 174 569
967 114 288 826
850 63 127 604
738 438 124 599
943 154 399 853
818 352 377 988
975 382 270 679
748 80 155 953
988 43 239 819
883 54 442 625
638 101 220 536
897 70 380 656
552 175 297 772
872 208 365 657
818 421 256 654
722 64 173 983
506 200 251 806
768 134 464 541
825 245 130 715
665 442 24 855
847 25 240 852
670 338 327 779
664 421 77 598
810 409 222 883
532 296 295 660
959 116 278 906
882 9 85 678
613 340 485 890
721 431 299 559
908 460 327 956
702 339 309 612
592 114 476 828
676 466 399 903
948 393 221 788
850 444 236 861
758 369 43 503
761 410 146 694
904 94 311 612
860 339 180 843
677 7 55 876
901 284 3 986
838 488 318 856
630 401 349 551
788 442 100 886
634 124 485 864
517 229 257 772
557 211 469 547
795 489 389 881
924 1 151 962
701 387 116 967
694 345 240 564
579 54 104 955
506 54 188 643
901 342 396 925
743 469 402 906
813 155 400 697
848 369 380 849
812 494 2 919
919 141 104 989
554 187 362 555
927 340 53 651
716 2 268 756
661 354 335 801
790 280 366 749
620 410 186 620
527 499 370 517
657 344 24 874
816 127 188 571
963 449 145 700
924 261 181 603
762 250 92 817
757 440 294 938
502 199 41 602
569 208 484 920
699 79 208 977
932 89 404 851
948 254 371 911
596 317 94 936
996 439 358 621
754 376 6 623
972 233 155 562
987 301 17 889
550 493 320 744
609 54 256 697
794 282 7 660
828 122 14 794
613 446 104 910
969 408 15 835
735 195 367 621
902 51 64 887
957 328 376 603
954 474 456 893
547 278 262 899
737 373 74 608
527 55 380 735
565 481 313 869
534 43 114 705
685 350 8 860
722 247 35 856
819 191 469 627
530 288 206 798
607 362 448 564
526 406 241 587
893 489 45 857
639 57 433 649
613 266 214 697
763 488 365 867
831 68 437 775
777 498 144 858
930 168 184 981
746 163 121 871
518 473 200 539
964 424 81 871
607 338 74 536
579 264 484 862
602 40 257 559
732 205 227 887
974 255 438 720
566 105 475 801
891 139 270 524
746 291 408 680
707 391 276 646
745 300 310 773
586 420 76 850
598 265 255 991
572 72 495 585
799 243 352 576
547 111 281 863
872 417 427 598
721 159 443 896
963 352 429 557
947 338 325 815
534 142 59 921
911 95 460 841
618 167 169 906
511 205 379 641
907 83 281 599
813 321 7 523
901 321 330 895
792 204 382 503
520 50 259 744
765 73 472 653
760 263 242 714
561 146 192 626
731 252 175 594
842 76 436 736
823 331 299 946
563 142 235 521
947 382 54 637
571 399 479 952
924 466 148 637
849 5 314 659
942 380 343 625
550 110 417 605
555 469 480 808
712 477 415 696
672 327 37 509
930 453 412 1000
845 2 384 850
611 304 378 545
923 322 233 986
944 108 264 942
967 3 88 568
742 331 87 691
631 395 251 817
601 219 290 631
881 76 23 645
688 387 363 686
983 187 59 828
627 282 309 898
626 104 440 792
648 216 68 762
673 495 238 755
614 148 76 928
642 301 294 662
692 78 108 982
840 112 272 967
672 365 492 798
628 184 213 558
687 494 452 771
833 365 167 935
517 305 151 527
622 36 148 606
511 23 55 811
515 41 4 653
786 122 375 500
790 314 101 917
759 240 367 571
821 151 60 985
674 360 246 568
854 165 419 842
955 376 424 596
861 127 25 728
641 216 220 876
1000 421 361 884
554 371 323 591
584 45 194 878
885 406 393 740
683 109 312 608
896 367 488 930
786 236 245 721
773 242 347 897
716 19 388 680
551 276 305 560
628 443 220 658
578 8 498 700
992 269 395 730
840 12 452 879
997 48 472 837
701 311 258 963
802 33 148 929
784 146 326 569
545 276 325 999
707 377 20 908
625 323 104 670
724 125 439 734
603 261 420 505
736 28 356 902
762 1 5 560
686 485 70 523
940 137 305 763
811 365 31 757
758 319 134 821
717 264 130 631
672 445 76 805
790 230 64 681
508 365 405 639
904 170 362 525
985 120 499 869
864 54 428 523
806 458 218 546
556 142 468 636
712 451 112 570
540 8 205 793
846 190 182 754
751 31 214 837
774 309 351 784
902 393 416 579
540 354 213 626
535 278 363 676
650 300 490 812
839 30 398 937
909 376 216 522
600 344 151 647
689 369 109 545
523 430 28 865
802 142 56 559
697 391 59 711
827 400 387 967
715 369 299 552
504 485 101 938
613 271 146 523
835 329 398 738
760 302 128 854
737 316 106 786
672 459 12 594
940 398 38 626
639 325 492 545
946 131 98 544
534 37 410 819
520 87 23 914
775 211 343 997
712 328 186 889
794 178 293 850
671 264 1 984
763 494 329 906
601 17 224 964
805 466 231 989
794 477 455 960
900 228 403 625
884 248 216 815
784 126 347 801
585 186 59 839
741 451 364 525
529 392 346 940
968 44 423 979
642 221 178 956
508 109 433 680
694 418 300 825
857 242 401 971
569 188 76 643
820 42 237 776
947 23 470 716
787 115 44 541
826 25 74 562
527 36 382 621
960 493 384 510
947 246 415 968
881 247 231 904
947 187 410 771
857 395 155 802
709 368 293 758
760 94 368 661
994 267 131 974
587 470 31 645
960 357 93 580
827 299 151 728
675 49 116 645
726 433 272 800
681 494 256 598
831 356 320 716
677 433 152 750
837 66 374 719
610 300 184 763
656 397 322 972
529 295 333 819
578 105 307 910
734 163 87 501
525 28 288 839
624 256 433 595
547 345 457 734
582 28 411 562
678 224 325 560
807 54 461 644
611 375 33 624
948 420 15 603
772 494 320 764
801 392 409 531
962 422 290 506
896 427 354 850
533 481 91 532
658 201 68 899
810 327 492 713
646 130 258 759
904 417 48 997
662 119 89 774
964 8 234 694
742 41 164 639
761 423 55 788
519 482 444 956
721 288 346 801
853 197 111 607
582 91 178 549
842 79 300 864
871 293 99 599
513 68 225 745
754 337 304 940
735 28 228 963
694 249 79 522
935 376 366 667
708 442 96 894
757 12 52 736
686 270 396 602
868 366 21 793
561 178 32 598
700 241 233 733
559 132 321 753
921 318 241 545
603 108 392 927
578 266 207 772
816 498 323 979
670 49 462 921
628 213 330 579
532 184 313 515
811 102 308 799
547 52 384 935
837 325 411 735
706 253 104 981
761 279 3 846
658 317 462 653
976 172 74 601
673 353 65 803
780 294 422 506
721 27 96 513
710 243 20 807
650 270 78 855
632 81 372 947
731 172 362 937
830 153 348 679
565 82 58 804
987 251 77 798
643 210 334 521
710 266 475 541
646 178 360 923
944 141 311 580
881 233 228 661
724 282 89 902
590 52 369 842
819 348 219 718
909 117 170 658
783 43 197 995
853 365 135 576
786 354 13 591
717 91 385 833
768 152 479 764
621 353 303 902
940 309 175 901
504 270 188 554
942 134 211 575
512 148 453 738
784 187 321 747
890 138 117 806
720 58 214 852
634 125 61 565
672 121 313 865
641 189 147 568
653 173 211 955
580 467 212 503
578 201 330 664
887 489 228 717
730 113 291 521
862 307 244 536
861 192 196 664
788 54 439 664
592 49 106 666
903 385 477 970
766 262 343 530
795 482 457 984
671 283 432 916
666 444 18 684
968 227 189 778
694 116 460 508
956 75 53 932
549 406 47 535
634 219 26 796
671 187 24 956
750 227 17 546
541 93 420 711
767 337 474 969
767 258 455 911
657 61 100 610
725 142 256 508
891 179 307 744
834 390 57 589
899 310 369 642
932 496 486 868
681 36 206 913
939 42 391 805
658 379 59 973
909 247 449 593
730 145 74 864
548 114 408 832
871 441 275 710
846 193 219 664
528 403 389 858
959 274 384 776
876 39 269 785
836 201 279 669
573 87 169 938
640 38 398 763
716 165 414 643
601 140 228 520
808 371 170 962
763 324 106 520
598 475 490 804
876 18 382 884
517 450 43 607
506 86 288 594
714 189 111 822
940 450 34 946
596 41 497 822
