2951
9 728 786 465
163 631 848 479
301 622 542 51
369 973 651 330
495 733 910 370
112 567 532 46
73 581 557 68
345 965 509 498
55 882 526 310
13 952 870 307
296 892 925 11
203 679 847 427
487 711 872 264
321 509 569 446
11 649 928 311
117 804 907 325
487 787 601 197
28 611 861 24
414 825 537 40
486 795 667 362
115 665 956 253
496 526 531 379
406 907 727 282
66 572 548 22
375 654 762 251
478 792 993 107
84 768 505 489
228 955 894 200
266 809 848 106
273 894 689 180
111 787 740 242
248 725 732 98
377 963 891 7
290 870 787 287
434 742 845 324
489 905 791 251
329 728 984 334
121 727 873 53
397 703 542 4
449 602 793 35
158 784 781 23
248 744 776 65
107 547 935 433
171 762 634 447
253 546 652 124
157 827 680 354
269 912 676 396
333 988 749 255
159 853 546 453
278 654 629 21
140 809 871 61
363 831 710 65
366 673 990 486
492 888 853 390
37 526 928 46
46 588 595 207
65 552 917 268
271 966 803 98
304 891 821 444
29 947 644 493
171 619 825 392
293 631 837 36
471 955 970 488
334 938 952 106
381 890 969 214
417 999 955 99
91 858 928 278
262 906 702 124
198 692 779 316
69 935 826 224
364 846 563 335
92 646 803 249
74 822 558 493
302 801 871 144
414 749 671 154
372 804 641 483
277 855 547 60
235 896 852 391
411 710 613 93
58 572 597 176
170 839 678 363
241 516 693 284
283 834 784 383
146 788 704 112
471 755 860 53
423 626 679 294
207 676 583 44
244 858 637 220
164 792 683 217
133 738 950 40
173 995 708 469
480 964 925 119
299 729 930 402
326 614 503 440
420 846 755 68
102 725 528 344
362 725 776 15
246 946 1000 458
173 667 847 147
493 827 703 194
354 585 943 482
372 868 876 342
161 766 841 476
419 768 742 60
254 624 829 95
80 720 782 55
5 943 550 235
421 895 996 30
182 603 697 315
112 982 535 340
473 792 644 52
490 863 531 268
8 601 813 275
327 821 914 317
94 514 750 231
104 596 950 141
325 888 909 284
122 653 610 380
26 718 681 455
457 891 745 3
52 566 989 273
427 810 608 363
315 579 923 458
429 588 987 272
270 756 706 421
390 991 731 420
37 701 718 406
148 852 657 165
284 602 757 287
275 732 634 255
3 864 618 456
131 877 881 333
188 858 710 84
455 703 910 274
101 632 560 493
21 843 823 346
328 853 823 294
454 721 769 469
397 602 528 441
495 718 963 158
233 825 905 172
311 898 808 224
52 533 864 69
72 950 734 5
249 693 663 420
259 777 831 291
118 584 959 404
218 890 914 100
86 910 917 420
98 796 849 147
51 574 659 198
253 559 882 82
415 593 744 104
243 709 678 180
327 571 588 124
372 969 875 248
71 680 771 267
236 757 846 327
477 505 917 388
111 519 853 329
466 748 680 212
33 784 784 252
142 787 748 477
106 587 873 23
80 579 554 101
447 896 723 4
211 724 898 70
21 632 654 49
480 783 759 276
298 888 655 153
125 847 900 47
131 893 518 282
353 549 501 195
375 709 632 244
204 771 555 478
171 660 999 338
476 604 929 214
156 705 782 213
365 636 661 55
489 923 554 306
260 922 506 380
149 923 608 324
418 713 568 166
174 839 759 424
269 855 581 55
188 653 660 399
54 711 505 166
259 785 993 11
179 929 867 415
218 576 922 3
365 837 966 182
213 632 615 419
50 938 958 483
467 635 774 156
142 613 581 343
281 845 936 33
326 647 521 68
245 891 881 381
174 953 787 136
447 559 995 270
55 907 977 259
90 709 558 15
495 754 982 49
163 849 911 162
16 765 896 304
125 768 786 39
444 627 813 173
18 703 961 311
273 705 947 195
178 565 643 451
140 712 721 12
117 565 952 243
87 516 835 242
372 810 764 180
381 645 697 123
140 790 534 24
374 576 841 333
313 837 870 473
162 889 658 361
403 650 624 141
124 942 575 388
17 647 896 478
294 725 721 495
78 726 984 301
11 896 665 212
481 780 541 240
151 516 548 206
128 564 537 495
74 787 822 296
404 725 901 363
94 987 826 101
482 560 826 204
111 929 700 479
437 900 559 427
332 635 669 240
134 876 719 180
48 668 701 439
56 620 736 434
140 694 665 409
5 702 616 19
329 622 627 53
66 872 969 1
107 657 649 241
426 932 926 178
200 807 826 178
124 922 697 132
431 539 879 43
446 500 753 309
275 661 618 431
35 744 820 3
354 521 632 382
14 726 961 335
255 503 665 281
281 978 787 324
491 837 918 422
169 754 826 122
2 793 964 293
112 666 909 41
468 663 711 226
407 576 980 406
263 820 832 239
257 848 621 289
349 824 994 82
233 930 567 66
356 728 773 154
263 981 685 36
168 685 786 386
209 755 539 164
382 634 857 229
29 540 561 134
268 524 784 226
314 595 642 278
80 501 992 419
423 731 519 19
475 514 994 313
324 630 566 274
498 594 651 118
406 561 790 21
36 915 610 369
456 541 768 41
175 565 513 142
341 804 840 89
21 838 924 338
251 856 758 47
390 930 873 405
55 972 731 297
137 512 718 287
208 584 690 74
352 861 668 387
189 571 703 467
143 564 656 190
271 607 798 188
157 568 508 63
56 778 579 93
330 568 917 232
496 854 580 31
429 935 561 22
8 556 742 433
343 733 852 282
202 635 569 210
277 709 574 427
431 776 1000 16
145 788 975 95
139 507 772 103
285 610 882 92
277 790 595 458
45 513 959 213
277 540 909 310
25 660 873 128
304 944 889 429
295 636 780 288
77 842 659 153
147 915 723 381
319 505 783 79
3 961 670 71
41 947 552 403
200 851 871 183
65 750 789 480
375 717 773 424
361 649 876 395
19 594 729 162
267 731 645 373
65 843 694 58
414 715 975 291
15 985 850 371
391 804 836 466
33 621 988 187
323 715 652 341
260 546 731 87
128 747 618 69
112 987 832 130
354 798 522 158
416 766 689 277
238 614 736 490
35 819 994 13
191 853 566 244
210 902 909 46
453 818 686 161
132 530 701 3
211 687 710 265
442 667 999 408
154 529 961 164
429 763 759 360
452 912 673 341
279 588 799 133
349 725 510 372
8 810 925 301
398 958 865 220
296 755 724 8
447 999 506 379
496 923 573 109
157 747 901 26
249 859 746 357
229 650 642 50
115 900 662 13
416 632 779 132
173 639 571 234
329 638 678 445
302 717 575 203
368 849 831 148
288 584 524 259
282 945 800 443
40 913 588 284
243 703 985 466
88 779 891 384
364 845 712 408
478 785 660 84
124 873 948 269
58 556 842 30
197 595 980 290
418 525 868 333
9 535 718 352
373 813 532 222
210 710 881 421
197 786 983 441
446 925 867 187
451 604 693 38
132 518 729 130
293 878 546 275
494 833 826 134
412 530 843 272
201 730 692 182
489 939 955 67
175 797 824 54
412 564 795 28
369 884 629 298
390 644 745 286
474 982 800 393
266 842 678 259
211 853 677 262
450 609 898 435
25 519 869 288
84 722 707 350
378 928 813 186
259 710 755 92
3 658 583 85
69 684 978 92
484 717 864 201
374 615 714 155
234 851 855 309
93 739 781 266
234 533 760 195
408 804 633 170
294 550 610 184
102 628 672 16
91 718 649 47
62 824 586 47
33 758 682 209
244 977 686 30
239 720 660 69
92 646 801 195
458 551 908 98
376 954 764 468
139 875 763 262
301 875 880 490
337 887 683 390
218 933 855 251
101 554 507 436
31 509 747 322
211 907 669 150
3 738 872 442
328 640 926 144
394 740 501 213
137 794 544 61
212 654 877 257
317 535 597 152
434 771 894 350
112 530 502 361
452 548 642 343
172 759 786 46
394 829 946 184
437 951 547 94
162 987 683 375
150 909 526 440
218 687 960 370
485 571 732 472
241 726 513 475
38 512 538 471
155 905 542 201
418 914 829 485
483 581 693 225
453 523 1000 230
19 905 692 309
162 767 718 339
442 937 899 302
296 612 611 390
152 891 676 279
115 516 553 440
113 646 594 265
245 506 584 328
471 929 950 262
164 883 863 120
194 990 799 416
51 560 597 406
135 557 933 143
133 586 833 364
454 796 777 490
310 659 501 116
282 813 726 268
156 794 693 287
234 921 645 425
318 682 648 315
243 738 883 481
104 862 519 345
13 941 648 340
438 946 834 136
163 963 740 287
441 822 610 416
412 992 705 373
13 794 620 447
391 775 856 389
457 528 715 196
284 807 945 351
13 629 883 363
364 811 789 86
425 860 668 369
485 896 828 108
119 872 872 285
485 633 895 35
384 737 671 90
18 980 603 286
110 727 636 212
217 632 921 73
416 516 508 345
110 684 984 15
100 842 577 136
494 970 872 210
252 606 950 229
472 519 936 356
152 517 607 425
483 549 516 91
249 536 934 79
41 911 746 409
159 695 708 163
385 605 675 350
358 597 565 328
324 749 982 157
494 921 937 192
233 935 672 395
221 743 731 17
135 686 877 106
410 999 996 332
355 768 874 310
479 956 984 246
191 822 640 285
53 565 800 172
240 1000 627 61
439 514 717 95
5 893 884 258
202 887 802 394
425 655 522 310
33 714 666 310
334 502 595 178
72 999 840 66
27 971 637 484
326 844 927 374
389 716 815 349
300 758 508 467
494 929 663 33
140 943 897 181
276 844 863 117
55 892 654 136
59 761 950 460
57 886 890 478
296 575 903 69
483 752 926 20
409 701 956 239
14 568 899 101
43 575 996 383
316 588 645 100
272 610 569 102
142 953 642 414
288 986 528 129
449 889 579 245
184 756 989 89
391 995 851 345
242 892 597 17
405 920 765 419
254 708 878 13
440 591 640 311
487 969 827 242
75 586 727 107
226 916 710 310
368 619 553 398
423 636 509 268
155 811 932 444
51 594 530 125
75 608 679 5
138 545 895 451
287 556 851 101
104 767 850 185
169 630 925 250
464 814 658 121
109 617 773 404
410 794 608 36
243 533 733 416
234 801 987 270
438 976 511 43
350 887 863 226
330 760 717 348
17 913 553 486
10 589 997 384
350 862 942 457
490 715 822 221
495 836 847 147
499 978 726 190
106 769 872 417
395 672 518 204
161 923 824 181
155 905 919 39
173 657 743 495
112 842 895 320
366 656 646 473
153 977 921 176
497 641 725 221
432 574 853 29
128 874 641 4
364 949 941 310
7 696 577 4
154 694 853 261
52 858 725 345
174 502 966 280
81 972 684 32
405 543 736 355
415 928 913 475
258 824 866 38
437 945 711 41
196 818 672 117
207 705 520 148
435 840 832 384
491 859 693 182
192 711 831 346
270 850 514 304
25 992 680 319
467 952 979 97
432 893 681 7
14 555 528 489
271 921 921 271
293 817 696 227
114 777 527 408
92 876 914 156
372 991 963 126
423 519 831 102
379 664 948 328
38 678 621 18
179 767 978 262
494 522 547 157
168 617 992 15
396 595 954 434
325 665 582 22
175 820 636 219
48 562 712 158
82 559 821 168
55 684 543 208
369 551 984 212
113 991 524 291
473 880 695 371
123 847 789 157
388 514 621 432
289 605 572 234
374 680 937 109
459 751 522 480
353 975 763 488
365 819 904 313
230 658 804 487
242 527 723 443
479 705 798 321
66 904 979 301
381 987 751 389
171 560 627 90
360 602 751 338
215 770 556 269
180 950 987 368
382 796 796 274
425 682 848 422
18 737 809 216
161 763 587 222
161 748 850 183
428 627 737 18
441 988 918 496
216 846 550 73
211 792 959 377
302 930 571 149
56 510 581 116
94 998 821 1
296 680 700 19
1 840 887 164
142 608 677 323
406 702 974 451
364 725 568 494
250 891 955 284
62 764 913 362
398 592 547 252
238 657 756 450
336 643 511 171
164 848 827 90
185 535 675 5
126 675 533 127
96 517 612 338
320 520 991 448
228 549 998 467
162 992 823 430
170 613 903 370
465 920 732 392
35 541 849 171
343 682 826 106
227 664 968 159
385 567 834 371
469 918 760 481
459 513 702 281
67 573 557 79
307 609 762 438
78 851 612 51
119 592 918 180
155 931 882 326
315 818 990 94
5 883 517 36
438 644 685 57
1 624 632 322
198 772 633 51
118 590 713 310
175 980 890 174
471 529 791 120
194 754 554 224
152 545 844 70
10 872 741 218
467 670 525 369
334 730 763 277
127 933 541 240
179 613 864 79
425 665 769 89
9 765 512 254
466 634 609 433
106 858 631 114
382 846 563 160
302 758 643 15
171 878 518 207
397 730 664 395
124 830 785 130
212 788 615 392
53 998 792 248
298 595 824 222
142 922 722 158
26 997 746 236
242 966 915 290
149 977 834 108
415 573 725 316
462 642 813 224
116 951 604 26
350 990 706 482
298 796 532 66
43 600 913 297
302 576 558 86
176 849 864 396
49 800 547 313
390 511 850 33
118 737 829 220
85 559 778 368
334 519 965 333
499 840 669 24
465 928 944 374
261 842 995 476
173 774 768 87
433 558 845 92
132 571 734 425
357 502 940 388
65 650 680 371
120 643 774 9
73 711 513 119
95 701 754 126
446 995 792 147
493 860 617 468
172 679 856 246
178 926 717 199
294 913 660 375
133 577 940 357
90 794 577 211
266 846 752 484
112 733 523 416
456 835 737 462
467 537 799 399
39 862 772 316
487 792 541 474
394 585 749 499
269 530 841 130
363 766 741 481
186 852 927 195
319 780 752 265
146 607 562 93
21 797 552 256
377 939 1000 253
426 602 837 465
441 839 716 334
408 566 592 452
488 636 779 447
303 553 855 475
85 938 722 213
316 649 864 212
385 531 829 341
260 522 782 380
194 983 990 248
224 535 811 5
226 790 696 174
68 779 673 223
479 971 790 128
415 767 577 268
464 642 890 224
485 857 545 254
120 766 911 226
199 547 627 414
42 715 516 370
226 952 794 479
329 967 935 399
350 870 574 357
331 640 510 176
392 719 978 193
182 511 982 77
120 840 839 209
441 523 521 121
92 707 901 107
307 826 581 103
274 821 783 198
59 840 546 217
389 963 807 61
199 959 872 58
256 702 700 249
160 898 982 474
240 542 915 100
68 752 902 141
385 995 790 61
96 563 694 490
386 759 651 450
263 768 652 98
318 701 959 236
89 981 829 319
413 970 990 70
140 608 690 194
286 634 875 180
57 872 653 42
124 823 798 277
44 630 794 61
412 613 629 44
235 816 700 52
336 957 770 281
288 901 591 322
251 871 852 393
307 827 532 14
74 886 939 362
387 707 868 126
279 625 913 187
200 504 564 84
58 671 508 480
245 736 799 336
35 560 807 93
461 902 666 261
273 598 958 17
318 862 852 384
157 941 509 148
244 600 503 254
428 669 570 147
90 535 820 397
247 857 963 21
192 951 515 471
251 645 622 11
368 981 513 369
132 562 833 144
273 784 605 320
112 619 950 108
484 790 954 164
460 674 820 195
165 885 904 19
187 900 571 356
270 783 559 216
156 693 590 458
84 613 777 188
13 655 565 369
124 657 744 83
187 933 555 179
62 656 765 84
121 686 961 482
267 914 855 91
473 584 628 10
62 828 986 451
470 741 931 340
245 793 536 256
486 797 907 463
118 539 674 356
458 830 844 389
54 673 710 43
274 836 807 296
409 627 739 307
210 641 902 209
380 619 506 288
89 563 687 159
253 868 922 12
72 823 597 406
302 534 637 110
411 683 607 477
182 606 993 257
243 971 798 326
318 667 531 280
113 632 538 251
127 984 579 309
140 884 929 441
220 563 532 27
404 743 893 440
386 760 605 275
350 659 796 363
313 761 532 395
207 831 541 204
420 920 684 40
201 878 769 410
121 850 719 101
28 613 642 235
177 653 607 13
473 788 605 135
330 854 558 205
214 524 680 395
463 804 909 227
35 798 974 7
23 557 537 253
269 718 595 291
40 738 595 120
352 636 802 114
47 769 617 247
301 928 876 56
290 956 687 233
476 814 928 489
296 674 527 142
359 810 956 426
478 876 898 59
141 562 980 285
220 872 508 298
378 653 713 445
203 942 511 246
78 514 840 184
268 914 664 10
463 723 574 356
238 609 753 406
227 723 878 71
170 839 872 140
291 897 872 203
21 775 503 134
378 778 727 425
373 874 618 241
90 906 799 87
146 855 545 163
135 839 800 387
181 706 940 279
433 645 979 48
322 531 549 415
160 842 771 12
57 677 614 206
17 759 564 479
165 785 608 407
57 685 621 152
368 827 824 388
257 626 942 394
333 958 577 208
99 904 560 367
208 762 943 116
303 732 928 9
269 559 985 95
318 603 866 308
181 827 989 195
221 901 523 436
8 534 671 29
325 731 924 265
246 616 830 9
168 998 843 155
7 700 628 9
93 530 765 299
415 692 532 392
369 824 712 142
318 920 550 344
460 807 517 26
88 897 907 124
145 955 518 290
369 800 552 196
217 672 731 131
297 950 556 326
26 510 992 133
54 816 843 283
447 805 760 89
347 824 539 345
107 609 539 57
319 521 544 295
111 915 566 141
297 973 994 15
291 732 756 359
421 518 646 4
353 909 775 397
197 948 974 48
298 1000 971 4
138 553 732 64
184 812 718 114
273 533 833 39
356 691 923 269
398 506 945 408
449 690 768 438
189 840 596 176
249 951 754 166
4 923 906 213
479 840 700 113
247 561 871 5
338 699 891 46
450 820 758 48
235 756 557 126
168 718 523 93
97 735 535 153
209 981 647 319
80 777 894 116
320 604 955 367
340 793 827 490
205 988 646 422
72 867 965 9
117 711 768 157
235 605 984 192
205 954 985 108
425 510 884 345
57 628 624 200
301 869 810 419
174 978 816 119
154 568 762 176
455 990 850 400
67 755 819 191
486 588 919 402
160 756 801 156
387 925 833 381
195 685 595 117
380 647 947 209
367 784 507 47
267 596 947 277
273 747 688 168
471 792 813 451
304 925 914 119
368 701 675 227
87 510 724 459
401 695 659 26
108 648 907 290
35 636 761 207
149 701 665 446
307 529 620 492
472 567 810 463
341 831 532 97
115 999 767 109
354 695 564 358
194 907 641 26
249 602 510 155
248 805 872 127
331 652 927 319
314 886 902 244
345 997 794 252
394 704 792 467
196 803 546 87
154 639 869 66
16 615 972 492
308 775 944 444
136 732 554 398
349 734 591 385
425 917 923 480
361 784 918 80
34 679 898 453
489 553 677 43
323 579 706 152
461 719 977 107
191 761 560 41
437 602 896 471
366 642 924 30
107 532 676 382
288 690 551 279
92 523 967 88
412 693 760 464
396 925 604 369
24 801 787 352
266 739 682 492
324 963 641 64
405 917 824 68
178 660 710 116
326 698 851 145
277 764 812 283
185 959 622 64
189 760 927 69
282 948 828 274
94 893 594 106
300 711 807 18
431 772 583 142
33 946 811 480
20 854 833 492
58 757 644 235
162 684 711 464
87 519 854 112
35 537 626 153
139 547 838 352
285 712 835 96
373 802 508 274
79 830 732 40
42 506 526 99
80 646 655 248
459 565 851 176
346 584 676 65
268 568 960 122
101 627 795 394
13 955 835 292
235 715 519 263
485 904 897 119
151 984 504 349
58 870 691 188
269 912 763 252
469 638 935 251
139 522 811 294
332 939 888 401
172 691 567 473
199 977 982 4
409 998 707 85
139 986 947 138
343 940 990 364
253 801 785 363
421 785 748 203
187 921 678 176
123 815 637 340
238 511 801 156
93 729 920 153
488 586 621 244
371 563 897 496
42 601 853 451
243 606 910 484
492 917 859 281
94 894 760 270
384 947 518 443
409 902 871 30
25 891 827 160
331 767 665 191
95 880 745 233
43 638 638 3
447 990 951 195
258 843 635 156
496 755 905 409
343 900 960 300
58 899 904 373
220 539 750 214
452 799 564 445
63 648 821 375
481 792 668 55
333 742 870 267
1 678 508 102
329 594 945 454
293 508 737 418
184 722 967 283
414 763 898 106
355 861 934 425
180 891 733 258
422 642 927 380
406 980 610 382
142 772 772 273
330 816 943 288
18 562 686 184
396 680 650 474
258 903 570 73
230 509 973 443
348 673 508 250
361 952 670 279
9 700 749 428
438 870 785 285
157 837 905 347
45 958 895 190
247 615 557 255
315 777 797 197
148 757 785 375
121 709 792 459
305 891 565 428
267 999 703 161
132 743 501 210
282 789 938 261
34 754 525 182
283 812 523 148
230 677 818 117
433 918 840 364
476 612 663 370
61 626 584 61
459 569 631 392
320 657 537 330
113 704 916 96
107 535 909 452
17 748 837 113
353 617 707 348
292 982 509 349
109 583 710 62
218 924 768 19
94 988 971 190
34 780 697 436
272 588 733 420
457 550 523 424
42 600 853 17
5 525 973 160
233 860 506 303
309 920 539 134
402 677 525 304
359 566 666 292
315 665 926 74
205 616 703 430
32 834 808 45
69 952 834 471
299 843 974 181
185 755 850 136
147 839 577 91
157 701 551 454
23 696 593 275
86 863 889 195
375 916 719 473
74 553 941 452
372 755 832 262
41 773 845 150
187 738 878 295
149 587 647 32
18 839 646 228
486 960 924 342
468 528 689 490
33 906 732 445
238 977 982 305
24 958 640 358
171 977 938 389
477 538 839 174
413 577 724 161
318 896 985 102
191 890 831 455
454 612 864 202
91 670 779 65
383 647 985 75
265 930 900 457
251 984 725 398
392 761 683 70
132 754 510 79
46 992 827 265
326 653 566 101
220 541 651 415
73 953 668 227
297 583 515 43
344 888 959 77
225 879 715 404
332 719 512 76
304 659 991 230
472 760 618 419
296 980 625 183
480 927 575 486
152 567 692 402
207 907 893 332
153 547 790 386
118 823 656 423
232 633 706 63
291 836 726 356
143 539 504 417
41 611 768 294
188 902 969 385
273 817 739 165
421 994 975 372
371 590 730 136
316 833 779 235
65 685 709 253
86 570 789 372
371 787 590 388
28 775 583 51
291 870 711 367
103 996 729 246
227 735 533 484
247 734 644 199
329 791 635 185
366 527 926 480
318 556 752 59
276 624 792 18
79 524 889 339
93 663 882 426
322 675 705 375
444 825 737 16
65 927 683 65
69 704 873 63
107 805 617 98
12 774 990 283
88 726 626 444
274 642 777 100
242 943 883 112
426 727 772 164
221 646 696 295
454 771 734 74
433 978 561 418
249 855 990 490
257 790 735 321
437 843 563 10
253 996 857 94
219 544 984 395
302 666 988 2
498 657 683 392
138 969 569 96
214 881 993 289
136 657 521 31
332 565 549 2
285 766 954 485
423 514 746 486
164 582 849 199
388 907 532 453
118 866 807 335
42 784 658 324
147 753 948 293
201 522 601 376
360 980 730 354
410 569 939 367
484 693 927 488
374 897 754 412
363 950 604 193
334 775 603 19
443 723 630 87
107 829 525 81
28 893 879 353
460 702 509 396
256 729 816 126
110 934 977 231
21 751 539 11
365 808 637 206
57 730 911 178
199 759 797 228
224 853 729 133
141 819 532 93
360 814 592 10
143 898 808 374
374 935 692 86
360 747 559 16
2 978 946 368
196 914 624 260
221 982 751 170
40 544 912 31
277 698 595 239
352 984 929 196
446 586 850 484
66 849 973 152
447 511 582 447
387 544 1000 389
406 695 856 72
78 824 861 306
263 821 997 102
414 911 761 371
124 575 904 466
24 728 925 130
70 829 648 83
390 935 622 180
33 858 558 463
318 594 875 318
149 729 976 482
122 958 549 286
401 650 836 122
62 935 763 92
439 578 668 425
301 924 581 167
189 911 719 54
309 815 919 313
138 677 763 40
464 507 991 223
406 759 701 366
384 623 545 143
197 534 788 2
156 743 682 496
50 513 751 207
266 715 931 163
394 958 620 388
454 589 529 130
231 578 950 97
362 947 859 483
6 755 784 471
326 671 736 455
195 770 699 131
278 791 658 129
269 707 692 49
457 652 662 93
88 697 531 226
69 509 591 356
306 896 910 463
355 985 616 437
206 951 604 419
324 752 993 190
211 919 501 178
168 647 745 205
175 709 877 283
389 651 959 124
280 508 697 465
167 981 723 239
176 948 584 353
20 698 747 28
155 884 973 140
449 636 639 423
207 955 524 303
256 940 629 184
361 920 741 234
203 979 580 229
244 925 975 239
425 613 860 280
23 717 930 192
241 720 660 244
434 894 818 223
311 929 779 274
312 912 770 414
42 876 637 257
166 782 521 466
326 886 871 340
426 768 895 438
219 828 878 441
309 723 624 152
391 918 606 15
442 706 519 275
447 522 899 151
2 731 545 221
173 914 608 103
55 680 552 433
293 568 626 206
126 555 938 482
393 604 723 206
195 972 678 263
392 616 931 11
141 962 581 358
388 997 840 435
138 553 753 289
388 857 689 356
292 821 922 377
42 914 796 149
3 1000 842 321
105 620 962 278
422 613 615 330
372 965 669 483
438 633 812 408
353 602 687 142
277 885 586 484
421 947 781 342
227 718 832 131
19 878 775 389
293 708 581 495
438 704 598 422
168 867 618 175
440 738 663 348
456 906 814 106
389 546 882 134
284 749 630 441
74 971 509 85
458 726 835 192
134 919 569 18
449 591 583 324
46 647 756 264
484 534 744 148
46 855 848 82
390 977 770 97
182 776 538 344
493 808 722 233
94 985 618 61
144 702 573 415
443 531 516 197
196 823 622 359
90 545 871 326
229 677 989 199
334 883 688 393
210 587 595 433
107 866 671 338
473 899 595 121
458 914 598 450
140 978 772 423
45 684 922 498
266 771 626 295
333 972 794 210
332 955 733 182
360 665 766 43
121 741 954 198
271 827 722 403
170 807 865 285
112 553 813 73
253 739 687 1
177 795 720 308
87 748 883 206
491 723 919 433
323 804 804 242
2 915 800 170
388 913 736 98
155 613 870 440
472 871 932 432
135 577 876 24
136 893 578 487
191 775 685 452
266 694 648 83
119 518 744 209
255 754 553 4
154 955 710 200
120 722 879 370
68 813 826 321
116 892 717 14
212 746 700 183
431 938 803 326
468 635 904 495
478 677 820 411
140 903 793 4
132 859 519 78
73 730 808 165
370 704 607 171
200 727 997 334
214 540 983 231
4 657 581 379
10 916 777 256
341 772 570 188
274 897 844 94
95 727 706 239
354 535 856 237
187 534 914 173
360 741 504 280
456 641 730 91
90 949 548 312
315 594 571 471
352 707 510 351
375 542 600 395
435 968 679 487
283 998 751 355
34 755 746 170
41 568 705 334
313 621 561 469
322 982 572 332
381 541 974 303
3 845 695 230
493 724 891 174
164 747 735 91
132 501 730 287
317 729 761 297
325 517 975 393
9 866 756 379
343 691 996 309
343 838 534 168
302 826 692 352
418 670 862 429
400 768 548 131
80 582 863 230
344 678 586 69
65 857 737 138
81 745 512 337
245 837 872 274
391 503 701 46
389 585 955 224
166 907 697 390
14 863 688 91
357 991 903 167
216 828 757 391
439 720 670 21
416 818 980 495
266 646 989 472
73 894 843 382
99 522 951 140
455 777 846 314
247 904 837 173
391 571 652 462
295 594 734 234
7 777 513 166
479 819 991 369
425 623 730 107
195 884 974 53
404 696 833 437
438 766 673 309
353 501 859 469
355 524 533 171
41 533 541 55
329 574 661 461
382 906 883 386
376 715 878 307
5 794 774 286
135 849 875 277
341 699 741 373
8 774 633 311
243 917 614 20
329 974 775 137
41 651 651 305
265 885 594 196
197 723 991 342
147 502 945 269
368 826 567 450
94 956 580 476
128 724 539 304
369 503 948 51
326 618 632 377
230 694 730 285
434 509 843 408
424 812 861 404
262 964 639 279
188 878 876 128
362 603 982 489
22 770 939 427
334 731 870 215
124 934 735 472
278 718 531 297
254 669 702 360
401 688 999 462
385 634 597 326
351 738 511 12
119 878 852 152
324 578 784 479
492 770 800 214
15 635 618 277
301 766 511 65
435 882 865 411
475 800 756 319
46 982 941 209
137 803 808 481
404 824 562 142
289 935 840 279
186 694 685 475
422 582 996 452
215 868 734 152
388 551 740 151
468 964 614 407
191 886 975 182
458 896 768 3
28 502 850 397
237 876 702 329
479 775 508 410
103 913 570 385
238 881 827 340
412 588 838 348
364 971 649 451
464 532 999 102
348 741 627 210
73 646 992 218
41 884 652 11
449 664 660 3
37 559 686 126
158 995 965 51
381 686 792 31
14 681 931 269
442 852 578 200
155 502 713 16
45 666 735 466
434 969 703 267
319 978 876 240
8 626 720 55
177 825 587 343
334 649 769 197
244 535 647 358
85 512 787 136
340 655 651 399
66 842 973 478
316 689 889 61
273 546 561 287
216 784 798 49
173 604 963 364
458 643 779 427
163 609 550 402
17 700 862 83
306 537 811 308
30 967 850 479
125 523 771 85
52 813 834 118
131 969 691 450
385 853 600 260
40 522 676 232
461 607 722 81
114 855 836 205
443 539 732 41
29 544 646 198
190 588 770 59
472 947 501 151
124 864 710 132
287 648 804 23
405 776 538 35
63 862 792 342
229 946 835 145
63 728 900 213
452 738 919 433
483 926 968 208
28 716 928 432
414 760 615 133
147 783 916 181
304 767 752 402
95 951 775 488
58 512 828 462
468 853 960 286
217 548 695 13
339 677 990 449
461 871 676 361
222 611 853 488
420 800 528 248
231 917 840 499
188 764 806 112
146 787 595 106
342 914 590 386
219 873 551 283
20 514 943 139
325 746 768 124
101 739 542 179
148 892 839 262
426 926 506 481
414 715 674 349
116 505 774 123
420 770 613 251
265 972 792 403
400 773 552 99
149 796 523 302
452 699 938 482
200 653 706 45
299 585 690 356
149 570 877 27
102 921 587 365
334 928 740 399
145 889 570 354
195 673 537 1
462 671 802 368
39 801 507 227
190 892 688 313
159 697 920 486
346 551 555 46
389 783 605 443
475 935 828 132
223 956 531 49
3 829 940 382
157 700 818 156
145 663 941 233
180 549 922 182
442 583 506 163
400 573 733 492
153 587 798 318
312 532 590 232
192 810 834 27
192 671 500 87
259 761 755 339
479 575 705 265
379 865 801 410
350 590 794 343
323 643 689 249
337 893 534 103
317 768 733 325
311 699 721 90
201 727 981 3
108 572 785 408
224 903 837 303
111 535 933 11
147 917 930 483
419 514 854 417
491 862 846 387
4 537 863 262
363 771 779 21
84 792 728 272
324 569 580 224
470 699 711 348
475 819 639 72
141 806 734 139
498 620 716 368
320 571 745 182
405 962 535 196
223 756 551 423
339 837 973 295
95 926 712 409
361 627 593 240
203 887 806 408
177 831 922 386
269 848 800 283
105 866 742 6
165 713 651 361
181 684 802 234
215 766 972 340
311 913 974 259
250 763 747 402
279 710 620 105
318 708 708 335
29 756 820 454
120 808 781 306
141 716 734 225
234 806 866 97
235 796 758 221
295 766 890 230
39 960 978 350
354 910 882 373
211 572 711 403
449 891 545 272
306 633 664 304
11 994 599 205
2 961 587 264
141 717 591 315
283 903 912 382
126 739 747 73
188 951 561 339
252 793 678 179
251 612 852 43
431 748 901 274
375 642 837 232
59 646 959 12
423 830 596 442
416 748 709 281
359 810 990 277
87 507 899 460
301 609 798 402
262 938 754 23
336 525 592 86
417 851 503 125
230 917 756 118
192 948 599 355
274 934 648 366
253 582 528 48
72 682 766 277
387 662 953 368
59 871 798 47
156 727 756 411
159 608 910 113
101 746 910 394
85 856 589 125
277 615 869 2
181 814 796 270
433 747 737 252
319 747 675 147
244 681 529 382
190 653 635 199
28 664 695 102
187 931 982 479
190 825 788 182
7 527 724 207
151 883 606 113
445 825 775 480
77 998 907 431
165 943 897 143
89 805 845 468
411 803 584 405
82 644 799 15
469 834 693 255
5 833 697 83
188 507 571 244
472 706 673 175
116 934 722 387
232 849 518 356
333 858 754 302
22 760 841 424
206 922 711 492
245 656 561 414
317 881 825 426
66 833 987 146
208 863 711 472
398 523 552 266
471 833 533 498
428 921 628 141
122 514 822 316
434 998 853 241
313 974 739 313
176 517 630 349
413 710 937 376
432 911 987 37
218 714 899 197
118 960 732 129
463 719 638 190
165 749 623 168
222 600 902 256
236 567 764 68
333 537 846 318
492 749 914 166
78 800 744 485
371 931 591 218
466 968 781 363
31 564 998 113
83 914 515 56
323 580 738 160
345 877 509 456
461 869 907 299
133 543 870 222
92 624 873 208
303 599 864 309
109 947 509 291
157 568 779 136
366 981 591 105
309 913 666 360
228 765 761 79
181 533 919 192
412 595 793 441
175 905 978 141
208 630 739 185
437 786 779 38
152 662 621 414
332 637 636 55
432 879 596 475
103 890 761 369
70 638 748 289
181 746 612 143
39 512 927 288
153 979 594 326
290 564 848 332
371 588 521 400
464 625 725 311
97 550 778 149
356 792 858 33
21 778 956 487
42 649 824 199
105 693 815 374
486 931 617 474
92 894 590 271
346 988 845 11
479 934 708 65
29 757 647 398
134 862 772 399
447 967 738 117
392 573 527 460
340 523 566 83
290 991 785 59
374 737 864 295
244 655 524 263
165 615 562 381
456 916 931 95
50 725 868 429
309 822 998 252
449 859 527 435
255 957 893 230
313 658 624 230
487 612 939 87
190 601 612 70
200 815 842 438
152 665 604 21
488 970 894 236
437 810 853 75
181 716 659 447
405 548 637 485
184 637 966 484
469 619 916 291
448 537 537 356
450 586 883 196
429 560 924 174
403 775 712 221
342 721 585 150
38 849 722 497
179 507 548 496
391 854 605 34
175 847 612 407
129 881 652 96
477 744 809 177
72 847 927 334
333 530 843 319
124 989 542 332
106 544 571 256
76 923 624 483
220 741 722 171
175 792 554 136
241 824 857 493
486 605 548 459
407 624 602 25
438 941 926 374
410 574 506 129
229 676 520 272
152 932 526 41
194 757 556 404
371 520 590 176
315 724 942 121
394 571 728 154
141 652 645 384
444 656 816 383
370 749 944 373
352 966 542 317
221 964 522 210
132 667 972 151
316 836 713 350
263 649 876 98
458 910 774 373
63 754 652 341
198 811 760 278
74 778 871 478
490 530 833 274
63 831 575 344
69 533 934 40
410 992 543 233
158 722 888 231
336 825 587 43
376 601 657 318
168 571 572 278
285 854 923 475
392 709 585 41
379 721 803 106
448 752 843 86
205 845 981 269
203 610 610 303
41 817 716 446
32 727 943 366
16 601 853 452
365 953 864 131
381 676 858 356
495 572 902 24
303 811 841 144
220 973 828 147
355 701 742 23
372 823 553 184
343 609 780 96
272 988 553 44
176 513 881 391
172 642 598 74
64 636 984 411
345 703 710 78
69 709 764 285
116 546 837 287
98 810 628 175
315 948 720 431
70 835 891 455
234 559 742 369
205 772 687 259
301 686 800 121
12 811 576 27
107 652 662 488
134 633 806 407
137 622 980 471
431 571 766 334
219 801 576 65
431 668 720 414
25 732 508 203
113 897 795 274
39 786 694 71
232 931 981 209
69 547 779 416
397 870 583 409
471 905 622 189
45 741 984 147
170 734 759 243
86 524 952 447
117 868 839 432
282 571 943 100
373 688 958 422
330 832 983 245
118 804 696 213
496 516 592 217
496 654 641 197
159 791 996 452
233 890 800 419
342 592 916 60
409 836 528 355
112 737 824 29
439 605 861 304
180 921 593 121
288 924 750 80
11 741 893 494
111 978 587 166
268 572 632 278
407 722 833 69
125 945 603 101
325 500 562 129
435 822 927 357
430 766 965 398
177 703 509 52
113 959 507 425
371 993 866 452
452 518 803 389
204 848 854 239
364 877 678 361
196 658 782 135
122 976 942 489
362 719 532 143
59 973 969 2
318 914 805 430
61 531 511 177
320 501 799 426
196 944 577 316
308 793 744 96
20 809 593 134
286 774 605 17
262 946 532 191
124 570 895 67
186 889 614 272
175 809 607 68
156 797 698 33
129 995 579 320
33 634 805 384
458 802 995 129
411 793 701 420
202 846 631 431
471 951 538 222
424 661 833 44
245 941 664 44
172 714 907 266
365 874 558 389
106 691 749 476
162 835 505 62
297 739 662 430
219 613 822 289
76 958 698 495
99 936 572 257
292 540 679 15
325 667 515 330
211 566 567 170
224 823 736 207
51 525 768 270
414 886 628 105
2 829 885 94
244 808 724 176
2 688 507 46
87 908 607 441
196 651 749 416
27 934 605 466
100 560 546 396
253 538 574 293
436 924 874 215
155 809 893 153
263 876 901 377
443 565 977 173
305 613 667 114
239 621 519 105
327 966 980 273
233 920 909 185
442 857 928 17
108 611 843 223
467 960 646 80
65 537 517 140
215 716 721 47
286 718 711 278
241 926 889 211
459 757 955 217
39 644 957 191
477 743 519 217
357 502 727 284
66 693 526 166
326 834 511 420
76 582 854 323
252 933 861 102
225 858 706 13
270 683 692 66
62 920 732 280
53 805 581 459
436 683 513 199
68 531 514 443
253 933 986 389
325 748 940 144
493 819 773 493
28 555 621 151
258 842 800 450
300 596 645 320
60 688 567 321
219 797 906 447
438 812 944 157
211 670 692 96
492 586 803 39
473 667 589 141
224 905 665 362
29 893 914 308
84 957 609 272
355 713 888 13
491 642 910 77
203 526 740 403
266 668 918 91
223 588 806 391
486 871 871 67
43 539 736 26
338 991 606 31
412 759 956 147
26 554 797 391
162 721 643 383
116 877 933 379
260 744 572 258
400 735 923 471
267 705 697 444
324 557 622 361
9 716 771 90
246 552 953 375
409 874 602 440
221 590 881 95
390 613 638 80
494 928 769 80
201 587 849 374
384 864 924 106
337 905 895 5
15 859 579 297
97 710 912 324
213 886 725 119
367 666 814 298
71 669 915 293
460 755 655 126
177 831 897 198
472 858 982 5
413 647 696 345
222 780 953 286
68 941 603 485
305 592 998 22
62 819 876 224
205 856 861 394
445 533 643 23
485 760 648 303
156 540 607 52
302 714 672 229
342 544 552 441
316 552 867 321
219 883 855 474
235 632 558 467
16 633 604 43
362 808 923 415
165 655 908 79
469 722 995 281
102 523 816 129
323 762 892 159
246 727 726 273
461 554 869 121
241 722 971 208
50 683 668 17
109 713 791 218
421 780 783 481
424 823 798 389
200 563 860 423
299 734 802 101
341 670 762 326
31 792 841 212
305 713 691 247
377 634 567 225
229 900 628 237
186 528 546 465
356 563 527 135
280 727 985 243
160 776 937 210
268 581 518 268
110 540 826 37
50 668 688 202
25 683 521 217
262 519 900 447
88 522 951 488
446 605 683 66
363 844 993 472
305 718 967 490
124 549 714 65
432 627 722 321
173 544 770 398
256 527 805 287
204 731 705 296
398 796 598 450
495 587 912 145
413 946 731 130
50 672 846 87
61 540 995 65
243 812 729 94
259 816 930 87
166 633 879 120
3 635 837 462
403 932 902 283
223 798 990 83
321 882 624 493
434 584 585 168
56 507 978 295
66 852 622 224
394 861 611 476
304 577 628 179
381 986 945 453
143 511 900 40
189 597 542 227
262 930 730 169
214 701 787 2
466 588 941 165
83 954 959 255
297 548 639 166
381 830 575 361
336 933 603 256
196 589 689 396
41 528 792 415
391 503 876 484
336 813 911 59
396 637 515 59
184 960 569 272
79 982 898 209
59 996 843 247
87 707 995 480
459 858 513 456
435 630 993 62
431 997 598 397
206 663 822 157
362 934 603 291
79 899 926 289
332 703 593 238
249 684 541 300
322 575 756 350
172 614 870 224
228 812 546 223
292 887 742 299
389 776 941 209
37 721 745 136
208 728 625 38
193 751 765 170
334 889 743 423
425 973 581 38
235 944 609 191
232 660 643 233
132 806 539 173
162 704 721 252
476 902 957 85
400 552 708 458
117 987 851 4
7 712 804 318
153 860 727 136
361 638 804 331
262 909 921 207
152 757 521 17
287 607 918 19
50 547 611 136
257 982 573 119
430 568 708 258
171 615 638 467
241 523 858 30
430 662 860 499
20 685 864 52
326 729 512 476
444 643 591 413
420 884 861 34
454 793 925 391
448 625 767 111
93 554 856 444
167 996 948 483
492 891 684 220
84 996 736 454
315 562 526 116
223 608 586 452
188 706 572 369
167 710 644 201
470 893 635 123
419 604 775 491
384 966 924 170
256 852 534 468
219 664 801 236
394 507 815 422
80 714 960 174
71 616 625 175
59 788 522 258
200 980 548 156
367 745 704 242
288 630 586 196
287 607 531 360
464 992 659 117
349 802 846 268
179 763 785 351
158 588 931 362
481 544 511 106
139 775 671 430
34 975 864 335
79 667 625 74
132 576 914 38
147 550 811 205
371 710 622 244
491 937 695 228
66 724 509 254
144 667 636 161
12 955 526 96
378 649 947 361
445 671 853 430
402 930 738 341
171 787 997 384
91 701 997 106
190 814 578 259
303 584 693 213
435 508 670 413
204 526 926 175
278 755 723 71
44 536 881 400
132 996 910 469
155 967 572 54
128 539 583 148
481 655 701 237
353 813 783 370
56 879 750 334
291 757 874 286
415 933 674 490
275 563 525 198
107 623 646 334
424 862 985 475
422 820 681 489
121 591 733 115
407 818 959 490
129 703 830 330
282 975 746 102
148 686 711 300
392 545 819 143
140 692 701 332
495 726 849 242
32 689 811 363
146 924 760 130
345 695 647 298
415 675 593 463
328 509 627 259
16 552 946 68
236 849 752 194
280 932 861 345
394 879 646 373
489 726 920 113
121 933 843 273
212 921 581 260
333 707 856 446
296 971 733 206
252 753 935 477
482 541 891 340
487 679 753 400
155 903 519 101
85 536 672 146
197 910 878 415
134 559 917 319
175 605 835 85
229 775 659 302
338 698 859 346
366 731 850 415
475 523 514 211
496 907 831 193
243 923 679 117
79 973 950 264
51 922 793 421
113 895 528 181
149 574 796 198
479 875 672 296
163 841 975 145
185 960 692 72
478 637 791 245
85 721 962 130
58 949 572 284
50 919 594 464
392 908 605 103
115 847 628 232
271 753 682 237
379 528 562 223
29 945 543 446
34 908 609 392
83 958 797 413
75 873 638 355
385 991 996 10
221 589 766 344
478 831 674 442
377 523 615 281
303 737 990 231
260 845 737 407
426 830 532 160
349 741 574 133
274 994 633 33
392 936 736 226
465 903 509 416
138 517 953 293
257 545 656 496
156 609 855 476
33 953 681 228
370 701 527 236
301 969 708 20
71 654 777 366
243 579 935 305
474 755 896 414
170 839 940 359
124 656 502 357
420 967 817 176
325 785 845 190
422 673 877 21
467 533 643 32
398 744 674 89
61 671 880 226
474 989 860 489
435 867 908 381
338 606 830 419
117 678 658 220
288 575 913 290
463 904 810 136
444 788 810 221
187 748 640 275
423 504 518 336
4 891 590 180
9 513 643 235
154 739 645 164
492 893 930 332
318 850 636 10
300 987 989 470
449 954 595 85
123 593 767 370
478 681 523 17
22 780 982 347
38 533 746 67
65 668 531 437
29 789 557 123
457 769 534 306
17 582 766 18
201 905 962 230
257 576 654 172
485 742 969 358
25 849 874 273
444 578 872 229
76 962 607 30
425 683 602 230
197 672 940 102
430 987 961 195
365 755 578 461
60 591 903 53
149 844 522 183
177 976 530 50
412 785 855 185
54 796 884 335
163 512 785 446
115 730 900 368
55 753 554 357
125 834 740 177
455 769 712 122
273 788 626 47
262 511 906 312
81 509 992 309
191 533 867 127
144 827 714 431
45 753 588 258
396 967 633 331
490 649 755 213
59 651 681 54
24 560 651 82
295 901 719 51
28 564 541 473
336 637 743 146
383 744 554 59
146 770 875 466
430 677 534 30
188 607 672 492
65 790 616 418
432 677 708 429
404 910 821 293
99 726 583 343
331 805 564 320
360 903 668 162
408 783 861 135
269 678 993 400
256 775 871 325
140 912 909 154
444 732 569 179
346 960 761 48
250 505 649 102
153 504 900 405
169 683 684 348
18 960 946 437
469 873 749 306
308 995 611 484
156 674 967 73
77 772 542 75
47 516 594 493
374 551 738 165
442 707 746 130
497 767 701 149
438 981 792 3
208 615 738 42
158 565 635 271
381 559 570 418
93 793 863 26
148 918 982 132
177 725 598 210
285 938 647 395
54 522 656 61
304 976 620 44
462 648 667 113
46 747 780 52
474 870 957 126
99 596 569 67
322 528 663 408
135 927 655 256
218 901 750 197
206 580 873 453
321 565 788 427
81 851 662 411
80 788 587 284
112 824 696 369
90 845 617 411
245 899 741 166
57 963 686 483
322 666 521 150
425 856 697 448
228 735 503 408
352 752 911 242
259 691 514 140
160 645 712 499
389 506 683 69
263 865 781 498
441 991 610 377
307 502 536 35
264 546 690 129
406 832 985 10
241 932 925 129
444 894 951 227
278 828 583 322
421 801 921 376
184 619 997 329
8 671 772 289
432 783 652 56
415 857 708 48
282 972 990 256
434 796 990 182
404 649 906 384
202 798 663 293
320 1000 757 371
306 672 998 211
199 860 947 353
284 733 527 296
467 525 518 62
79 604 811 220
238 618 743 38
226 654 922 34
306 821 913 74
307 933 982 214
440 774 807 312
126 519 996 38
444 892 908 30
406 840 526 289
411 653 594 306
436 901 855 126
22 707 691 114
198 723 799 147
155 990 923 283
136 903 924 247
113 500 568 97
191 816 864 81
142 742 667 97
277 733 817 374
118 715 524 97
123 846 852 392
160 909 762 113
40 856 789 56
498 600 638 416
17 525 988 121
373 912 566 239
224 670 968 300
474 890 616 9
127 520 660 465
359 953 682 25
130 728 858 330
427 936 651 305
42 568 512 87
260 588 570 166
355 622 772 265
50 921 824 283
382 914 945 112
271 957 710 435
296 729 511 102
103 647 548 264
236 684 672 7
169 744 766 101
490 580 734 240
127 829 845 58
265 689 790 318
292 816 759 91
279 787 924 27
393 737 937 267
151 956 661 383
12 897 502 208
340 844 962 285
394 879 546 427
353 507 516 453
315 601 958 155
423 727 819 242
466 801 845 498
330 616 861 160
322 590 891 29
53 510 899 184
460 919 727 435
171 969 970 335
351 751 611 54
249 725 528 497
20 562 875 163
298 784 787 303
350 941 852 135
440 624 961 219
386 811 641 274
62 830 785 424
34 826 996 191
56 915 556 423
257 804 618 296
490 857 547 305
46 708 833 34
430 755 602 41
203 963 882 67
168 822 707 201
142 516 620 159
385 970 983 20
291 564 860 85
239 725 815 495
350 621 839 478
267 804 642 356
7 686 900 440
342 955 676 277
301 701 662 202
114 548 919 86
58 736 655 227
465 951 937 330
171 629 955 409
332 743 997 8
498 594 915 185
490 600 567 103
120 720 707 167
179 948 992 119
489 739 778 210
284 655 984 211
485 611 901 466
140 800 903 168
169 546 807 366
306 947 862 422
185 837 862 182
469 842 939 472
64 688 648 262
33 971 658 275
475 715 779 160
259 860 879 455
171 589 611 180
488 809 660 6
54 693 512 271
9 947 977 276
378 823 867 53
258 905 722 379
200 935 755 85
457 824 749 303
330 730 586 109
146 818 576 423
160 613 742 200
118 893 696 457
157 785 872 451
375 559 753 47
301 774 972 140
370 968 994 347
353 824 677 383
329 633 937 3
380 987 541 165
427 870 836 32
245 778 858 5
6 903 716 470
44 879 589 444
234 959 508 19
42 990 889 91
446 788 909 123
478 541 895 145
278 936 588 250
68 766 640 278
213 802 806 485
234 900 953 10
231 656 895 445
169 764 774 50
330 855 881 21
470 980 952 364
178 776 821 178
326 968 524 487
230 752 521 490
376 723 836 378
200 579 593 237
62 778 772 420
497 935 720 118
352 797 758 494
475 827 887 123
430 739 636 416
269 790 694 204
209 916 538 361
292 597 625 375
296 928 524 407
228 512 910 240
347 960 688 344
364 722 621 214
78 948 670 15
298 642 857 249
89 906 876 43
340 695 538 360
289 922 789 22
366 793 860 117
213 847 673 334
468 741 907 403
120 836 561 469
311 570 656 10
381 955 668 200
197 932 922 310
355 946 990 131
50 798 926 104
417 559 556 180
101 838 928 207
393 598 866 485
13 914 939 399
220 729 938 132
266 769 627 129
242 752 745 245
471 686 973 373
429 555 771 57
486 640 568 68
230 858 980 31
357 633 606 53
282 619 615 137
478 877 724 329
142 569 949 238
22 669 632 133
228 760 826 360
183 570 687 128
221 869 979 203
4 998 764 233
384 956 999 277
250 809 590 218
215 651 806 90
345 711 764 456
361 962 902 213
54 521 850 349
341 626 763 293
325 662 680 196
493 617 688 33
370 556 538 65
379 971 986 484
214 877 619 339
418 881 715 67
257 958 857 175
158 565 895 445
25 869 668 129
101 996 931 134
425 525 589 286
15 681 907 328
336 501 853 129
147 579 805 84
127 957 667 33
116 858 724 30
357 682 507 68
207 726 658 437
449 723 678 312
256 804 606 433
373 835 887 344
181 769 755 86
218 582 629 109
232 613 845 9
69 845 952 328
37 602 759 352
266 536 528 5
158 764 542 341
153 973 943 296
450 631 520 35
80 873 584 170
383 518 629 15
279 726 564 66
4 562 615 199
17 579 740 33
79 792 777 107
301 737 883 405
359 521 512 111
165 528 612 300
383 872 939 470
226 612 878 466
194 524 796 195
86 964 675 148
181 798 945 433
262 679 941 217
80 860 759 157
147 882 578 30
94 647 902 364
218 774 602 171
455 988 546 281
86 867 864 475
233 878 540 149
86 820 637 159
489 979 912 421
482 982 800 219
318 612 998 346
182 503 800 468
2 762 530 144
178 892 709 129
397 648 854 330
131 669 702 439
469 648 855 154
348 816 927 338
262 521 766 7
188 552 1000 297
63 553 892 223
224 933 643 464
273 821 542 292
311 646 620 231
372 629 666 150
98 699 579 38
347 923 950 89
385 954 554 191
250 879 788 444
133 654 764 230
78 903 655 21
210 572 637 77
449 755 870 132
184 806 667 408
337 933 634 349
378 656 681 59
44 633 932 423
135 629 662 351
362 926 909 312
246 710 923 401
469 815 757 499
436 735 814 275
21 821 800 414
369 655 826 96
106 832 865 203
149 972 559 391
451 701 937 267
269 996 621 128
173 705 863 18
102 667 823 267
191 716 746 44
236 810 746 381
314 822 635 188
394 997 715 77
66 793 603 369
61 813 760 343
277 589 811 364
166 526 843 456
349 640 834 351
386 812 593 489
411 814 571 180
291 626 906 271
376 920 989 366
7 647 610 381
7 686 528 3
46 911 614 207
5 508 958 411
7 641 982 114
68 508 863 292
296 700 870 185
3 626 987 226
329 525 861 26
259 864 985 338
232 570 979 165
114 667 870 474
495 753 776 296
375 904 569 494
105 853 964 85
101 539 581 171
274 863 585 66
3 797 636 339
45 808 764 222
302 742 766 446
441 874 687 235
480 885 854 51
467 665 520 357
421 642 533 290
113 555 919 496
187 971 976 278
53 754 971 258
103 761 589 13
35 689 604 163
363 620 534 470
265 636 564 205
238 522 848 191
45 571 683 264
230 959 959 105
341 883 634 139
36 570 683 379
267 539 598 244
242 688 741 144
311 808 653 209
172 932 878 33
430 854 650 177
412 530 617 487
459 940 643 130
246 591 735 200
341 956 921 306
412 981 627 340
470 896 724 180
340 989 678 328
343 521 931 348
10 565 597 202
229 737 539 67
74 647 641 283
496 626 623 104
9 842 576 306
124 619 777 421
144 814 887 100
214 667 772 42
149 704 980 455
78 780 701 374
461 705 630 296
485 770 870 82
238 519 826 187
361 756 588 272
485 905 604 81
459 801 953 499
434 580 952 170
363 895 956 484
46 530 772 2
460 783 786 118
364 707 989 247
161 974 528 307
85 936 669 233
365 980 675 164
206 799 732 405
86 532 791 400
98 531 903 269
443 900 962 455
128 593 996 188
199 856 796 277
360 941 761 394
394 844 677 6
94 905 742 27
175 767 913 212
55 861 997 325
67 527 960 61
127 546 830 401
322 774 725 157
423 845 868 465
151 717 955 203
373 711 881 214
392 812 528 474
7 547 538 284
99 987 692 225
7 774 914 195
53 579 973 137
286 893 662 351
303 706 940 30
136 746 874 492
443 842 971 167
79 589 763 312
160 580 840 258
158 821 804 210
380 676 715 344
428 892 725 365
181 854 718 350
318 641 868 114
450 805 504 321
375 534 747 17
351 877 596 433
