4380
470 526 531 253
14 964 932 435
424 812 546 269
377 501 958 378
255 657 583 341
273 655 922 315
375 901 725 441
340 965 883 117
495 953 819 451
116 707 764 129
458 627 620 276
268 535 874 144
254 910 673 414
32 785 654 227
163 993 549 480
449 891 922 11
439 664 787 316
400 873 981 236
323 992 607 322
441 950 939 226
134 665 973 349
191 732 524 170
254 524 814 116
188 996 837 470
65 991 822 324
324 927 775 479
230 976 901 303
489 639 792 63
241 628 734 34
47 742 553 305
470 756 559 54
62 869 791 375
207 570 690 490
63 929 628 470
468 847 576 265
33 777 666 154
66 707 682 55
490 717 851 241
376 751 806 95
103 542 829 282
62 740 508 15
161 734 628 204
469 996 506 125
214 618 965 479
433 916 652 469
151 697 651 157
386 674 589 311
330 888 552 18
386 797 669 13
175 878 614 103
345 704 752 76
95 910 620 162
52 633 964 444
324 972 676 80
216 591 600 376
314 542 678 162
38 945 518 58
427 525 855 237
499 616 814 439
451 933 920 439
481 562 576 448
488 829 650 478
495 694 578 135
159 734 797 41
373 976 501 433
303 576 769 132
102 883 504 243
181 911 923 167
28 800 920 267
370 660 809 459
38 536 518 399
273 929 537 86
114 928 843 289
146 920 900 439
353 598 647 483
391 851 684 215
370 707 804 219
163 910 858 288
356 587 654 298
362 599 919 189
448 878 923 116
163 878 694 40
417 986 814 256
215 844 956 346
91 882 519 162
417 909 688 291
341 751 645 204
181 737 836 20
397 508 934 449
425 535 875 354
380 605 687 346
20 862 630 300
50 504 837 363
458 948 969 308
141 512 674 280
215 865 960 264
301 821 647 128
190 507 983 466
246 553 626 299
414 943 711 286
365 753 724 207
366 694 833 332
272 645 578 430
350 801 764 306
35 816 878 271
392 933 772 173
426 609 567 29
296 595 710 121
402 567 993 201
6 969 500 318
30 558 645 325
438 597 705 189
7 979 945 164
426 886 773 73
266 618 685 176
309 866 891 127
173 528 646 167
257 791 958 304
206 639 992 292
80 951 659 310
247 568 749 133
242 704 646 227
73 626 925 436
341 569 790 72
109 878 968 135
317 826 738 9
259 912 934 448
314 547 985 457
212 1000 717 490
95 710 844 425
333 861 778 4
139 728 526 392
181 878 967 98
40 670 748 120
66 555 934 298
174 974 552 454
200 732 940 337
499 918 576 48
466 512 824 308
49 528 558 20
216 945 898 299
170 898 510 66
150 669 608 331
44 756 694 242
42 680 750 160
162 794 898 447
300 862 859 281
78 659 794 460
93 987 851 309
1 861 692 86
99 557 823 108
441 866 581 170
306 928 931 413
1 759 612 66
307 826 678 306
442 769 724 369
249 574 665 221
242 617 688 167
56 511 525 76
185 969 913 138
67 721 553 223
461 997 748 427
96 919 821 360
12 565 670 245
400 983 804 75
361 543 730 81
8 735 724 239
468 792 686 465
3 737 975 490
35 761 691 480
339 539 505 208
214 948 831 299
183 735 728 164
209 899 957 192
247 688 579 117
11 654 772 36
133 981 513 359
274 696 736 385
84 840 827 63
491 722 541 338
105 555 529 189
302 706 617 12
387 889 990 415
261 876 848 200
460 626 655 184
461 929 688 77
301 513 973 368
131 644 745 313
399 914 757 5
114 907 953 464
296 633 599 341
482 665 820 187
83 638 851 185
134 965 838 66
198 910 757 288
131 616 552 288
83 885 718 166
484 711 708 9
266 857 750 485
131 584 975 141
363 858 600 67
128 779 875 393
72 951 845 285
499 814 633 247
320 672 877 185
390 501 517 161
321 888 907 104
373 686 900 480
129 682 629 223
166 595 985 196
458 578 752 195
472 747 559 189
359 927 841 445
202 966 601 3
322 963 582 362
319 954 570 463
203 525 505 10
404 995 856 202
415 822 969 338
229 633 614 98
311 889 693 274
105 945 905 17
460 585 902 266
261 810 513 330
303 538 961 126
142 705 659 341
197 830 964 264
295 593 803 458
304 687 642 55
177 977 719 213
331 854 734 401
430 594 993 216
253 963 987 47
20 584 720 499
231 600 868 478
367 819 945 159
340 926 948 119
234 769 996 458
319 825 837 479
493 793 756 65
164 964 641 194
129 927 739 299
431 744 809 66
97 710 822 441
481 938 922 251
376 844 840 238
178 848 755 467
176 729 969 377
449 623 900 405
300 827 581 17
173 998 807 163
404 792 842 347
361 629 703 23
126 686 932 479
304 615 785 448
53 713 985 269
288 757 652 302
148 573 963 68
244 558 730 87
366 549 677 223
131 916 767 131
45 653 693 217
139 513 734 435
1 835 660 284
219 769 533 331
178 744 957 43
280 545 601 211
69 903 575 130
154 932 564 477
289 524 966 115
326 958 581 230
7 914 549 96
408 728 596 472
192 900 774 188
24 510 653 448
495 822 918 32
111 955 906 397
176 666 708 415
216 974 966 256
440 735 986 261
200 581 632 389
142 540 564 221
103 533 506 266
197 977 795 170
336 791 605 94
145 692 530 10
457 550 527 450
405 508 613 462
488 719 560 499
447 637 942 44
170 845 534 284
362 695 711 155
105 623 549 496
373 972 638 229
463 960 559 329
499 654 824 393
327 793 727 86
62 676 566 175
439 1000 550 417
51 627 962 480
256 889 897 298
254 605 700 334
498 568 817 313
305 641 583 321
461 918 772 279
226 592 585 78
309 914 866 265
365 518 783 31
43 811 670 309
243 737 842 181
427 759 942 131
463 860 589 476
34 864 832 377
361 980 612 108
29 897 509 82
295 621 890 155
162 702 506 353
144 717 599 484
157 750 640 114
491 798 683 441
415 777 742 237
191 756 958 364
168 643 815 387
425 619 891 6
226 631 587 239
421 732 719 330
366 850 964 369
259 702 968 246
173 766 858 328
284 747 525 105
256 768 529 31
386 594 659 256
28 775 633 207
276 675 728 290
240 886 558 152
134 814 838 56
204 811 646 279
317 660 767 309
48 508 898 484
161 568 707 246
446 760 540 497
83 820 942 466
125 707 592 51
154 582 959 22
460 907 533 454
485 583 535 206
49 815 692 239
19 625 814 470
129 655 948 131
402 965 954 288
428 520 555 350
398 532 568 118
115 854 691 267
237 645 586 447
350 684 933 386
31 860 959 496
432 696 836 163
105 750 823 105
141 538 797 354
86 753 690 238
410 860 760 200
25 672 726 203
72 896 577 299
87 758 985 96
84 685 915 34
108 601 763 82
32 852 983 392
166 698 746 333
155 823 736 390
357 922 707 51
38 514 657 206
309 744 946 495
5 644 993 57
287 513 535 35
430 804 671 116
217 961 548 41
304 797 998 102
183 593 568 358
339 909 581 108
226 989 508 165
325 723 952 58
346 574 970 135
136 547 974 317
81 928 526 267
43 892 631 322
197 560 829 384
295 931 529 53
237 977 609 327
85 934 894 292
270 753 656 297
377 550 844 92
381 792 892 139
499 538 630 209
235 976 639 208
74 536 833 445
449 820 801 395
356 992 634 234
132 603 915 147
114 948 991 254
416 821 813 355
257 638 689 456
98 967 589 318
169 686 649 483
34 612 682 120
126 690 701 127
129 971 787 434
405 701 932 443
296 744 525 228
332 512 925 57
402 1000 741 275
471 865 502 74
151 969 615 141
70 866 701 426
83 885 560 342
429 951 822 484
372 750 832 198
178 989 603 490
461 837 717 458
474 886 659 359
304 879 644 237
457 704 806 402
104 607 810 199
303 959 507 177
377 799 512 426
8 980 525 45
299 621 650 473
242 661 826 26
208 542 573 242
427 932 796 270
252 924 517 315
66 632 519 125
462 959 625 50
451 703 634 333
219 700 880 204
247 668 843 136
455 761 500 309
347 515 846 5
340 729 557 343
24 630 710 289
75 757 541 293
44 856 860 403
315 761 754 291
289 870 955 5
275 526 717 358
293 658 833 491
421 856 876 406
461 595 637 434
104 548 807 391
301 512 515 492
224 836 563 206
96 707 593 370
205 763 689 290
189 900 599 325
385 902 823 88
98 816 913 296
299 931 835 88
15 513 958 79
271 685 787 448
147 849 976 15
288 989 757 146
121 863 988 110
346 821 799 305
74 702 814 93
225 835 546 88
96 957 594 290
238 849 698 130
139 523 814 363
302 526 536 70
76 995 941 310
160 621 800 145
146 539 880 393
59 805 784 107
497 809 676 259
183 748 563 373
145 950 705 1
261 786 802 367
196 747 558 145
289 558 969 498
475 744 611 164
101 970 555 152
283 968 957 182
218 859 777 380
324 769 882 124
438 745 868 365
341 559 613 210
454 916 951 140
85 578 965 190
487 668 548 23
70 786 803 256
364 634 921 85
481 656 574 495
497 626 834 187
474 869 818 288
440 925 659 19
164 967 760 10
480 844 937 367
234 600 754 425
62 573 579 322
282 524 956 208
172 711 735 149
466 532 744 94
152 590 736 413
106 823 815 408
393 593 661 130
173 694 730 276
11 860 636 142
315 736 517 398
401 592 506 287
330 894 721 113
305 706 554 366
263 727 931 17
468 571 864 65
454 957 500 449
407 539 569 457
431 940 526 86
485 820 701 1
437 541 505 198
477 768 763 280
130 583 737 16
69 750 585 233
424 741 991 251
252 776 736 375
188 961 603 411
478 672 786 69
278 555 821 8
394 714 554 20
342 519 573 35
312 710 554 289
392 729 628 306
165 866 706 459
368 766 880 82
3 628 695 252
470 773 525 331
321 933 714 27
159 508 833 139
180 725 559 395
170 783 714 163
490 770 799 339
479 588 999 431
16 923 568 467
403 862 817 121
295 566 655 180
367 923 934 233
313 926 530 165
446 672 703 59
339 989 904 314
389 621 835 125
388 952 642 375
159 908 901 179
366 744 634 418
269 974 717 416
306 938 574 167
99 756 576 425
235 892 949 427
38 978 540 265
413 948 581 92
115 780 991 482
43 552 695 457
9 871 734 78
306 798 686 459
95 954 959 410
466 895 941 314
258 933 917 176
291 905 782 299
255 767 669 66
177 667 515 29
228 747 869 419
444 695 539 479
94 670 832 405
386 604 874 131
436 509 690 193
222 652 646 418
360 948 971 388
278 840 973 422
2 543 994 254
130 914 538 297
135 897 670 150
245 842 849 71
488 890 820 16
241 919 980 83
269 525 747 322
128 978 962 277
113 954 931 144
208 590 600 45
275 844 817 78
385 913 658 291
302 861 981 32
355 628 684 424
7 608 761 163
326 746 831 113
286 926 951 74
283 639 955 456
365 514 906 415
124 789 513 442
4 525 979 90
173 819 961 245
287 689 878 106
280 656 798 458
188 572 633 443
146 773 835 337
122 844 840 347
497 948 650 244
300 549 809 299
171 705 994 398
86 825 975 355
23 503 933 425
395 814 799 221
185 955 911 220
56 613 622 68
360 966 922 39
302 517 582 484
475 871 835 439
194 683 916 475
102 863 694 121
97 976 774 36
417 830 637 355
178 923 612 132
23 636 711 170
471 745 902 431
90 608 605 174
276 953 624 485
153 729 930 170
382 843 871 2
419 718 816 167
324 624 614 257
477 704 933 382
384 554 648 27
15 819 588 358
382 835 639 462
365 755 655 77
161 854 551 78
310 666 879 394
496 671 854 430
4 508 667 173
123 745 989 264
479 929 676 399
273 754 779 146
246 716 661 51
101 667 833 285
376 732 689 378
294 772 919 431
354 970 940 26
343 923 583 107
447 575 641 127
58 910 795 203
457 709 920 192
195 936 844 190
438 798 737 226
6 890 855 336
428 535 772 145
237 539 943 324
441 510 993 18
428 713 923 79
150 767 846 451
371 836 682 244
345 963 759 82
82 507 817 416
286 793 942 434
153 612 857 369
276 934 860 455
369 521 789 341
184 606 741 159
295 566 574 281
224 760 893 35
233 778 976 465
213 942 980 149
262 834 621 254
191 618 781 111
184 625 850 95
171 544 557 405
92 694 935 71
345 543 934 166
232 957 836 22
366 697 916 135
409 747 815 173
11 812 845 211
171 607 812 392
58 636 699 334
107 762 526 319
456 842 908 143
414 664 775 128
265 683 583 120
446 546 738 420
146 593 923 13
389 733 619 123
313 972 543 303
229 836 897 486
238 900 789 101
409 799 578 201
112 575 794 135
333 667 540 65
383 810 531 471
286 603 628 444
21 753 560 387
102 577 697 333
69 770 976 48
281 579 963 121
498 743 839 453
55 603 954 417
294 610 533 250
311 862 843 73
266 884 622 393
257 558 595 60
379 983 574 11
369 930 690 467
256 688 661 217
392 518 916 316
40 525 590 55
149 818 854 282
25 811 708 313
245 902 892 445
225 795 807 146
284 759 960 163
230 781 938 48
349 716 969 112
450 764 650 19
1 759 519 322
113 905 610 430
290 520 767 173
59 794 696 432
233 698 945 41
383 640 879 281
151 613 980 494
461 869 661 462
40 956 724 223
378 780 926 386
191 992 764 185
379 862 673 480
319 547 779 424
152 882 861 259
50 906 523 15
152 519 708 152
39 964 571 408
347 640 714 103
129 542 674 50
88 548 759 224
232 521 593 31
87 844 538 220
239 731 757 444
346 691 622 437
283 811 780 114
365 839 603 151
14 776 603 25
499 813 643 238
66 907 518 130
150 982 700 22
67 657 576 83
148 851 542 321
239 975 774 486
35 643 699 56
172 762 830 489
99 608 863 495
165 936 920 275
475 532 693 21
131 853 914 343
231 819 983 260
471 661 571 90
408 819 721 482
327 837 571 34
409 895 876 211
380 746 835 74
402 770 841 430
232 934 877 337
493 657 543 379
225 544 788 400
377 998 630 382
368 939 777 497
478 812 845 352
99 689 697 67
91 581 680 357
320 572 536 219
415 756 827 433
132 782 624 375
168 585 942 218
313 948 553 86
169 683 688 203
417 758 918 273
388 857 644 162
399 968 946 108
177 665 926 101
320 961 607 482
463 780 803 448
418 749 520 163
453 659 633 333
422 525 985 49
351 908 697 154
442 738 754 115
79 518 516 103
59 670 935 379
341 717 991 36
354 919 628 106
50 667 837 182
489 843 899 410
320 747 926 423
187 515 983 20
493 692 541 11
25 772 537 233
139 654 597 434
393 796 594 368
41 962 579 321
404 996 522 232
494 906 801 246
447 679 623 423
401 819 545 239
78 580 892 118
371 931 950 444
269 681 500 150
487 606 894 393
301 533 891 346
475 819 715 386
121 979 826 405
447 642 875 375
296 596 525 140
115 632 806 13
344 725 907 225
257 683 507 286
223 660 900 2
46 712 979 279
452 899 922 74
86 678 549 347
411 881 580 402
111 684 722 112
495 990 694 256
372 923 560 58
264 671 845 214
50 773 594 269
416 911 693 427
339 530 587 224
495 915 714 466
337 603 855 461
187 952 652 32
201 828 519 453
182 789 847 258
429 571 732 469
357 592 578 485
494 899 733 461
488 910 836 142
130 606 759 489
172 816 753 440
449 976 972 243
210 780 856 386
337 643 712 437
457 797 773 297
495 793 775 271
353 824 574 9
24 601 607 193
66 879 956 289
304 870 568 331
308 637 756 46
132 977 677 419
280 647 632 267
190 627 514 22
397 745 996 365
265 645 555 376
379 860 777 270
141 824 801 155
15 813 858 167
316 936 541 191
299 858 909 139
51 864 813 1
25 844 851 62
216 707 997 137
161 917 512 168
469 518 526 385
422 529 593 302
224 829 742 126
141 506 818 323
244 727 945 153
488 782 706 90
250 608 930 416
160 922 586 56
313 815 503 62
132 623 847 127
17 852 571 324
448 750 655 171
428 557 552 162
339 930 921 257
431 996 555 428
325 799 783 303
73 528 758 388
257 746 859 149
1 608 947 281
139 833 946 8
80 754 622 488
224 721 762 470
316 1000 650 106
33 942 702 115
226 850 863 303
348 676 944 51
101 778 666 179
175 639 676 425
367 647 792 350
269 569 992 382
181 526 996 110
399 831 761 40
438 953 645 343
117 633 931 410
324 951 1000 412
184 572 991 116
401 802 627 144
119 589 898 2
236 801 861 326
309 893 637 315
347 820 736 278
427 712 958 29
50 773 564 67
38 929 547 467
256 679 523 394
23 799 693 156
236 676 894 158
107 860 719 200
377 986 892 315
471 527 536 465
491 833 974 340
119 885 761 397
333 872 884 180
2 533 681 103
41 670 602 151
388 741 943 345
487 500 506 139
189 701 929 69
32 507 709 126
100 576 891 371
474 992 849 131
143 774 881 315
250 785 755 313
50 705 641 145
145 666 854 367
489 662 779 382
480 614 538 172
218 862 568 263
57 923 882 310
246 618 623 358
31 945 932 310
316 903 921 283
331 946 744 288
335 774 770 36
76 707 712 316
407 822 758 435
430 860 799 367
303 741 976 346
268 952 676 81
404 804 638 237
23 887 718 407
54 669 901 143
146 577 739 246
310 921 858 112
64 932 635 289
129 715 985 160
21 549 774 281
343 962 541 365
129 923 840 421
172 735 899 318
98 896 676 76
459 739 757 336
320 872 822 55
201 905 619 396
235 855 933 215
112 702 753 473
159 509 591 99
344 978 926 140
462 654 856 116
422 595 673 281
145 693 712 30
443 815 576 397
123 964 846 238
10 945 754 373
119 902 1000 479
252 635 573 48
176 603 589 418
442 743 584 106
326 535 637 472
432 596 752 63
233 830 861 463
462 935 748 496
61 973 593 176
94 673 608 402
473 715 886 409
212 761 849 339
150 980 581 254
443 883 829 413
351 791 785 99
296 788 862 92
332 981 998 58
475 724 609 259
394 655 823 35
180 694 790 173
103 984 757 459
356 609 596 407
423 575 681 287
329 789 535 54
207 582 507 456
469 843 517 474
188 580 969 131
186 586 609 369
272 679 966 442
178 907 795 246
39 719 656 212
220 893 723 457
334 593 657 100
438 952 867 282
457 658 606 17
484 952 766 207
337 978 841 375
31 530 811 321
225 592 767 127
459 947 829 471
497 882 646 187
117 878 668 451
333 595 507 128
128 940 518 162
443 608 625 297
21 518 562 217
31 687 792 4
371 820 596 460
484 655 868 264
174 719 813 418
301 827 878 363
86 910 924 149
68 514 720 5
202 689 835 138
477 960 696 13
69 905 920 387
342 686 770 486
147 988 984 382
418 810 741 498
334 668 564 152
462 946 657 49
66 795 948 412
291 879 598 122
372 833 968 221
466 786 763 90
168 988 530 123
286 808 577 184
468 737 680 432
2 577 654 281
57 608 846 174
306 857 813 308
481 956 670 103
96 870 650 312
360 804 664 439
82 627 541 437
124 776 920 41
333 986 930 197
30 527 926 217
490 949 786 6
163 909 665 450
355 536 850 216
207 726 649 111
480 751 850 454
189 906 870 150
488 618 949 75
321 620 562 182
404 951 780 275
305 570 756 301
314 779 677 46
28 605 733 422
332 521 649 324
225 937 546 478
348 656 662 494
453 953 838 39
119 659 623 471
274 941 613 379
401 571 571 7
75 559 633 149
181 705 788 253
84 887 806 431
87 584 880 28
283 879 732 65
342 999 845 423
331 778 754 441
224 997 514 396
445 676 952 342
332 775 855 171
25 745 586 19
486 851 569 135
380 907 862 185
143 784 790 305
155 707 892 19
410 898 681 176
161 724 563 93
67 732 512 235
333 723 602 170
413 593 537 342
472 864 768 6
361 684 854 365
476 626 973 439
87 857 753 419
301 824 844 240
54 953 926 332
213 657 958 336
389 621 638 154
251 515 584 280
300 802 576 81
439 794 526 336
440 873 744 458
7 736 770 308
162 574 895 358
139 783 588 104
85 688 885 118
480 710 601 273
334 510 686 289
199 536 548 458
161 845 662 3
230 535 979 42
491 895 766 438
70 727 840 334
387 682 924 79
438 766 818 417
145 641 796 290
99 904 661 54
195 589 577 227
75 527 967 221
295 929 990 119
158 718 597 85
114 932 901 333
146 529 547 380
277 902 683 338
115 936 582 429
68 531 582 112
323 729 807 262
8 708 610 201
321 727 508 367
432 694 634 152
474 877 857 97
98 517 744 211
311 881 891 345
338 540 749 176
46 652 526 362
104 518 967 103
184 879 560 445
368 595 615 213
19 957 626 33
413 971 732 396
433 732 590 281
340 686 799 233
428 855 960 172
63 659 936 421
152 527 868 4
162 940 603 355
170 642 557 199
320 629 892 174
219 983 969 316
425 554 698 368
406 807 630 243
45 733 570 367
51 667 709 118
412 612 535 150
278 659 866 23
87 856 827 252
403 608 590 362
35 997 827 205
266 716 646 226
252 713 595 154
235 625 821 254
110 773 619 449
191 696 613 495
187 614 834 336
289 502 845 93
274 718 999 428
189 737 909 219
301 698 808 142
261 748 901 214
334 691 710 360
249 524 536 211
319 895 666 146
83 871 820 360
19 640 811 336
364 604 716 188
133 655 691 457
286 900 842 229
201 665 509 357
412 878 1000 310
128 984 640 97
472 831 566 127
199 577 874 456
203 502 636 421
261 578 927 61
366 516 797 276
287 832 735 196
137 977 806 304
286 858 743 458
256 872 515 318
41 756 675 139
332 630 929 283
320 947 739 251
4 982 867 47
147 738 755 211
479 557 815 120
328 738 576 153
160 996 778 174
469 917 951 461
165 656 770 305
202 612 637 154
470 660 567 155
240 746 756 242
405 762 729 8
381 937 588 311
283 941 893 339
301 990 946 301
462 885 700 190
188 575 828 452
483 828 869 158
117 604 926 168
134 844 722 412
141 667 656 280
343 950 949 434
332 825 629 337
92 891 602 79
477 781 736 306
475 870 641 288
468 965 925 80
387 743 580 408
80 559 784 377
57 870 890 395
73 899 965 186
164 615 643 497
322 864 805 399
494 633 611 298
88 825 798 175
88 921 960 301
219 913 682 293
46 840 707 88
196 787 735 215
202 945 539 315
139 924 702 73
473 749 725 341
330 737 742 236
322 523 807 252
355 850 532 69
351 870 548 379
358 866 513 491
98 736 842 135
487 561 932 414
479 726 797 366
49 694 561 407
306 976 826 86
459 608 777 178
400 908 923 437
309 880 645 140
473 559 849 352
183 816 866 230
97 613 994 145
232 936 882 275
320 941 868 217
324 902 613 242
130 907 737 371
176 722 764 402
154 576 648 225
497 518 958 33
211 959 925 219
240 723 790 466
55 915 880 261
234 927 521 303
345 902 661 359
27 548 691 297
245 724 926 362
485 633 581 293
323 970 743 333
266 849 825 200
110 847 906 369
394 516 666 424
187 828 708 300
332 727 782 374
496 750 965 288
492 815 659 258
344 610 797 341
53 625 746 43
124 893 596 70
300 716 804 34
433 952 681 263
445 820 679 457
262 851 941 181
183 567 712 457
311 857 506 40
404 995 623 300
341 953 697 489
379 914 690 458
69 717 714 53
155 741 594 175
72 529 512 246
87 738 815 460
62 741 616 441
129 533 950 311
113 595 502 173
334 572 727 253
490 995 501 7
260 878 594 329
328 533 986 399
356 783 589 399
15 654 710 58
69 802 927 366
43 570 523 75
30 523 853 125
286 621 712 139
231 708 648 462
53 648 681 17
131 917 881 158
127 848 599 476
384 781 919 187
236 520 800 107
361 726 952 398
366 775 758 75
338 848 786 140
125 614 874 364
338 595 523 99
292 694 639 183
388 725 788 403
315 766 844 407
110 899 944 289
301 610 983 304
298 806 679 430
448 820 668 197
63 870 826 169
111 847 857 179
468 609 801 191
288 842 581 221
433 547 879 228
216 903 621 47
425 960 628 137
388 578 561 397
42 662 648 444
264 740 897 245
49 521 697 375
244 565 681 398
340 983 581 131
358 526 718 202
76 700 651 127
371 504 858 203
29 939 788 307
128 835 752 12
87 702 606 169
310 998 865 430
378 616 614 41
372 872 584 328
134 640 739 246
226 642 716 275
112 984 918 104
57 810 602 499
368 699 696 170
334 703 916 134
338 734 545 364
308 905 603 20
150 693 679 245
369 521 876 167
419 898 942 144
257 742 595 353
96 579 974 467
95 975 941 2
283 870 585 134
213 731 523 7
409 658 998 498
492 572 852 8
371 999 976 411
43 911 884 87
292 977 767 93
385 552 892 2
157 626 635 53
210 612 533 397
260 647 746 338
237 848 901 420
160 809 883 394
126 975 502 456
389 689 549 252
30 752 922 36
334 804 509 34
191 572 745 292
195 960 643 173
74 547 763 152
487 655 619 361
411 569 937 450
180 668 637 45
120 972 601 4
482 955 962 296
261 577 936 188
242 899 657 24
395 689 604 442
340 788 721 262
156 830 833 284
81 581 933 278
300 510 653 218
454 801 962 470
200 852 516 499
199 845 811 257
74 580 519 32
323 627 638 50
295 989 711 327
84 978 964 484
150 757 614 318
404 685 592 497
411 966 543 372
210 616 639 323
44 794 699 130
340 708 717 407
464 565 798 352
61 537 664 258
14 804 712 5
63 536 629 27
246 983 523 340
257 640 957 172
226 502 848 168
212 646 986 416
364 608 575 266
478 937 955 496
313 834 513 30
289 865 692 331
353 653 584 380
355 775 880 239
430 867 901 90
235 747 715 69
65 737 707 160
17 774 706 239
298 739 902 413
458 873 646 251
216 578 920 141
40 844 551 346
401 796 769 117
8 770 689 104
108 792 919 461
328 570 940 497
350 974 880 230
471 627 725 129
216 928 523 197
281 595 636 418
298 801 740 116
120 792 750 282
286 761 525 53
2 849 706 6
251 983 750 355
338 779 992 77
149 894 975 116
261 637 907 445
114 932 814 215
176 839 851 246
339 828 891 104
212 803 618 51
49 523 666 423
311 941 939 37
253 768 830 452
196 890 670 224
20 665 922 142
236 503 586 17
56 791 683 340
225 962 818 446
65 882 662 70
239 619 778 217
415 797 844 302
291 629 802 68
267 762 837 126
139 522 543 22
272 947 794 480
191 848 798 252
346 660 914 344
193 697 679 80
16 636 551 16
284 885 657 434
192 612 527 358
194 780 669 278
231 722 966 54
430 602 739 164
282 572 679 444
244 887 646 281
207 630 872 131
463 689 669 16
215 994 843 356
431 504 804 227
183 613 760 167
325 584 774 332
50 782 989 265
499 601 990 233
70 516 606 48
76 548 973 415
157 924 514 80
307 912 829 371
238 978 630 49
300 594 890 165
75 644 730 201
350 923 753 52
98 875 607 488
248 921 810 213
483 842 662 42
383 662 615 459
68 839 769 111
51 690 592 261
334 502 681 343
375 893 919 374
97 784 798 223
36 983 511 71
306 801 652 460
449 939 611 146
90 632 986 157
422 799 988 176
198 531 965 328
468 827 730 284
485 719 923 84
233 552 765 293
61 527 727 148
204 839 900 490
282 779 658 486
426 766 860 255
349 840 604 493
125 968 913 487
385 960 518 424
458 819 688 309
387 565 793 348
438 904 751 300
206 975 515 481
247 963 527 175
121 971 877 57
82 600 899 292
214 772 803 350
232 961 550 104
483 595 690 230
57 1000 642 17
281 553 622 363
449 551 877 490
24 599 922 80
117 925 909 204
73 675 739 233
177 604 905 253
47 767 846 264
408 877 932 55
179 531 817 99
385 711 642 146
26 865 888 278
376 502 692 383
403 785 597 68
251 884 812 350
315 606 691 64
228 738 971 289
40 543 584 389
110 599 928 146
288 693 633 139
130 817 704 404
278 714 729 489
116 791 782 185
478 709 680 350
224 854 631 65
438 816 810 230
380 745 824 370
26 946 698 250
359 645 608 286
20 995 600 324
53 789 950 203
111 515 846 476
499 934 558 297
6 706 977 389
313 900 588 231
121 872 568 150
334 986 646 3
183 625 780 245
422 972 802 308
236 712 865 146
448 926 614 51
62 508 686 36
418 692 711 143
378 714 557 49
77 995 936 224
314 633 700 79
280 794 990 457
247 684 997 116
430 640 868 219
378 514 983 465
381 628 544 212
119 691 800 411
271 996 631 29
342 618 918 263
402 521 795 272
498 638 932 299
498 553 711 183
244 802 757 160
356 921 705 116
404 764 509 59
43 672 876 155
324 526 611 391
213 976 864 19
394 907 891 79
228 986 995 342
113 640 722 386
486 630 802 131
338 858 592 192
238 663 707 234
260 521 868 56
2 676 775 471
296 962 754 128
194 959 786 196
266 970 783 125
245 778 755 242
144 850 674 232
204 854 858 181
103 762 572 415
400 706 774 472
114 763 504 470
12 990 991 244
34 842 984 376
24 894 621 235
468 655 913 430
155 607 878 263
323 667 811 423
174 717 840 491
317 535 837 336
196 902 553 77
128 829 741 456
392 737 711 392
33 819 728 363
49 932 854 307
130 779 784 308
463 540 675 454
423 532 964 445
359 939 742 449
213 542 571 147
431 825 871 112
374 788 846 192
422 679 606 235
178 516 759 7
251 660 625 116
114 750 735 255
132 513 711 34
186 866 960 159
209 743 730 107
177 572 548 375
56 865 952 460
30 504 874 210
211 811 563 473
272 503 612 25
213 540 527 336
414 738 575 11
36 784 526 383
229 534 555 267
136 868 893 429
176 940 980 141
11 639 963 232
132 543 983 354
6 539 502 342
437 677 694 479
179 571 839 392
182 583 921 260
491 855 517 473
104 695 759 160
187 572 989 432
194 800 945 139
204 708 672 64
493 932 844 43
371 606 777 179
112 543 793 120
67 969 610 171
351 681 973 182
414 696 584 192
117 866 559 295
6 680 786 286
310 651 980 393
79 842 725 90
168 686 763 485
401 857 983 180
142 920 531 40
40 502 528 318
62 834 835 279
105 981 790 192
291 934 789 124
231 800 762 265
284 623 878 92
410 795 929 21
447 523 500 263
484 805 861 272
75 938 749 237
225 848 569 469
132 789 513 408
354 956 552 372
403 926 791 39
345 619 519 337
432 594 505 308
276 856 648 151
265 609 890 39
369 779 964 448
164 943 684 348
245 949 976 85
331 584 563 19
280 613 823 141
43 892 581 69
112 638 643 75
288 715 536 93
316 875 825 248
6 566 601 452
54 703 743 162
170 553 872 343
436 706 881 134
108 506 726 446
123 534 702 22
325 515 843 297
95 866 801 221
189 583 608 41
102 781 585 119
274 666 828 221
259 827 634 320
37 904 680 50
230 716 630 344
284 879 776 186
7 885 567 272
263 854 761 260
279 555 831 136
476 954 528 232
155 815 786 250
459 940 978 437
498 528 624 334
456 921 514 181
307 875 910 137
377 602 686 125
224 704 705 406
228 813 877 322
12 920 737 145
184 968 990 499
168 1000 897 174
6 968 827 221
404 852 617 356
249 767 755 99
189 849 861 121
48 956 969 338
358 679 810 88
341 625 963 390
1 840 616 64
429 608 592 168
457 863 962 481
379 800 744 167
147 996 641 471
119 601 974 55
289 872 937 6
434 950 805 471
85 945 775 464
118 989 811 217
419 868 605 390
468 682 552 217
87 678 962 176
345 996 716 247
25 945 682 126
421 688 742 469
295 533 958 152
201 554 897 394
352 786 535 233
438 920 859 171
476 718 730 204
454 840 608 128
255 669 973 371
191 717 953 63
443 921 623 198
20 636 890 219
166 740 742 131
88 758 519 225
359 816 833 190
167 813 680 263
300 889 664 143
44 545 714 219
73 733 808 87
51 633 811 189
350 689 884 31
63 755 657 17
382 997 581 64
168 773 851 125
407 896 592 196
57 809 673 384
30 569 706 383
343 696 710 111
301 748 545 193
150 725 766 9
272 649 969 290
131 967 594 95
165 544 954 116
105 840 893 317
177 697 971 85
218 694 763 326
52 976 826 122
349 945 523 363
240 928 598 447
22 948 729 420
400 626 510 384
196 633 886 160
370 636 765 43
283 568 618 75
22 718 648 488
302 680 519 144
353 941 891 148
11 710 787 333
390 690 712 466
477 811 586 493
13 916 639 45
251 926 592 86
256 707 774 256
374 980 908 269
134 994 627 419
415 857 526 496
123 817 603 365
303 701 757 72
279 599 651 198
323 579 640 327
172 650 550 208
261 544 545 493
245 854 780 61
414 952 545 13
401 610 723 455
466 592 918 356
13 825 799 100
389 727 615 290
205 711 796 487
287 623 984 279
355 841 657 85
299 708 901 478
471 505 533 472
471 934 976 484
80 854 879 257
259 523 529 339
267 994 597 338
179 516 626 450
486 904 749 281
407 851 639 101
71 614 892 377
443 849 810 91
159 666 826 288
442 881 672 93
134 880 792 163
131 830 664 50
430 936 795 115
375 621 942 219
98 930 543 484
461 952 760 193
300 560 517 61
22 798 694 172
184 841 542 133
420 596 509 272
283 632 744 401
163 788 922 272
240 958 566 487
214 551 888 188
352 944 956 447
102 804 958 451
226 739 781 52
337 527 930 183
47 937 883 455
127 905 974 169
411 778 818 51
62 527 594 214
97 571 544 30
251 880 589 492
54 851 700 138
266 843 977 363
201 983 524 300
1 936 576 424
103 629 774 371
420 567 675 151
209 947 659 52
109 982 589 434
49 666 761 468
440 846 779 14
240 665 770 324
339 963 775 388
385 828 532 294
321 903 936 196
348 865 948 325
248 742 743 48
356 535 994 377
496 986 626 142
317 995 984 75
11 844 915 290
265 946 831 88
332 877 636 80
159 530 561 11
310 839 601 259
494 736 660 145
72 541 899 274
368 886 989 498
67 844 758 182
93 976 990 391
38 521 996 170
456 514 772 365
136 608 706 469
264 944 621 17
170 942 614 279
301 544 849 329
179 658 534 344
118 945 800 388
265 779 876 166
425 972 877 346
302 693 759 365
13 878 575 312
213 921 895 400
472 774 517 239
309 560 602 414
391 677 985 415
87 509 771 62
248 797 664 156
283 745 973 347
7 687 733 332
164 768 954 31
214 757 548 191
161 746 922 251
156 604 794 85
70 506 985 64
42 647 643 492
431 514 728 214
126 532 618 105
85 569 580 210
80 638 576 370
82 759 591 430
138 932 749 27
200 697 666 348
129 723 997 243
460 842 919 176
347 919 836 399
398 931 793 120
291 994 623 66
40 931 581 363
241 529 890 447
347 535 695 233
118 637 890 334
159 912 641 494
44 576 544 402
177 628 617 498
353 615 773 75
253 581 536 296
375 751 649 89
202 520 851 326
427 566 829 109
233 820 975 39
133 826 625 394
93 960 622 15
149 825 621 267
327 926 828 98
255 565 751 364
353 584 992 482
273 831 557 489
366 883 558 199
385 981 703 50
311 898 508 162
496 597 590 214
172 710 834 397
127 959 947 281
244 960 504 16
450 808 999 117
224 853 517 85
160 969 716 160
112 616 610 1
39 898 579 296
478 826 695 497
420 659 966 327
194 506 968 319
214 507 698 497
379 774 894 498
84 685 662 260
346 730 503 73
220 952 728 328
287 807 566 295
492 635 848 110
426 769 591 395
201 768 839 151
87 525 622 92
102 704 846 319
177 841 721 417
301 561 534 283
479 624 960 89
284 751 788 48
274 645 750 376
96 815 576 350
56 932 737 307
211 681 741 208
482 533 920 482
67 754 649 336
420 549 963 326
147 775 955 137
78 734 539 413
232 888 688 487
213 569 938 483
255 615 972 375
155 681 770 284
39 651 704 432
446 598 682 352
74 953 953 452
221 577 531 156
314 820 609 76
346 534 805 294
176 622 837 180
259 900 935 267
231 582 773 71
402 508 618 414
139 670 965 16
419 635 586 162
38 942 792 328
191 513 642 197
33 821 978 373
21 629 984 371
315 973 913 476
213 991 540 469
199 514 974 303
332 691 659 403
43 843 802 422
442 889 525 109
484 693 680 411
324 657 763 139
489 676 806 288
121 889 663 249
49 1000 698 367
121 578 548 150
22 617 617 306
362 583 550 138
484 577 790 167
42 744 758 355
298 502 996 86
133 734 890 372
253 704 808 234
158 927 561 193
219 815 934 39
463 818 797 353
330 517 645 338
397 501 626 465
385 722 783 468
20 934 715 189
202 861 823 378
47 784 636 173
14 746 552 270
132 772 772 292
33 519 887 155
170 509 755 342
184 874 960 479
388 598 964 202
495 778 615 257
443 702 827 154
318 673 772 408
248 551 891 461
161 683 979 263
206 797 777 470
288 935 617 355
231 561 511 427
345 701 794 449
146 587 671 410
415 528 844 482
185 545 654 149
390 648 639 311
204 704 624 385
92 539 952 162
136 933 757 183
149 553 534 77
97 595 711 221
26 659 670 330
46 680 731 196
57 538 526 468
455 930 531 162
259 840 584 418
134 609 743 255
383 823 655 303
160 911 564 244
495 532 710 235
62 617 855 141
75 593 740 295
427 545 759 125
61 825 513 391
81 749 518 413
233 727 594 283
5 694 601 239
482 903 723 291
326 698 761 64
303 930 854 130
122 716 901 187
23 698 681 273
380 713 905 138
116 939 822 293
365 668 527 375
357 976 915 179
234 554 727 297
66 520 781 52
24 978 800 287
340 941 714 190
208 685 883 446
107 519 830 393
338 922 927 452
355 598 584 435
346 927 865 214
344 806 516 367
23 678 934 142
462 774 626 444
86 695 976 381
486 761 686 120
420 552 790 358
48 795 824 109
324 915 668 428
205 582 533 153
372 989 572 468
298 541 979 247
458 523 890 245
373 600 597 402
448 698 900 42
59 515 830 302
137 922 722 139
453 885 917 464
425 780 825 173
92 978 510 323
481 807 518 469
379 759 690 427
272 872 501 271
356 578 664 84
134 777 506 478
6 519 895 101
233 615 680 378
165 738 925 465
34 661 844 409
375 598 836 34
134 717 802 73
96 985 647 296
154 773 777 114
133 914 841 338
421 760 720 154
409 804 620 351
143 535 958 339
113 976 952 332
179 972 670 144
10 755 863 63
304 909 500 382
109 653 866 328
369 575 890 391
60 802 515 416
158 855 729 176
466 987 830 171
17 712 557 360
320 959 552 180
154 548 791 207
12 749 903 227
225 625 587 290
400 603 724 238
138 734 960 200
189 915 851 410
365 740 745 41
129 724 506 174
230 907 671 179
32 652 886 211
260 518 987 485
331 506 881 4
157 924 771 172
282 568 617 256
260 538 891 376
433 763 635 146
191 808 934 236
471 633 726 390
202 806 728 10
368 863 721 414
132 860 735 150
355 724 977 191
27 750 956 101
212 585 887 319
321 771 952 208
465 947 512 421
34 601 614 255
484 512 930 430
228 852 913 188
138 722 818 425
422 756 977 442
395 916 710 474
12 575 846 400
82 565 646 104
117 941 999 118
423 585 850 141
205 746 576 189
303 913 669 435
321 522 977 300
352 631 554 317
2 934 811 323
24 832 743 164
87 993 748 275
445 784 747 480
145 697 907 15
309 654 808 481
16 910 920 16
299 632 871 281
26 904 651 75
373 982 610 110
26 948 768 410
489 765 607 238
487 810 806 160
164 813 841 25
173 641 598 483
208 650 813 268
121 648 825 61
406 725 892 155
78 609 544 450
357 986 503 400
236 685 607 187
229 902 571 43
274 759 944 294
429 930 949 449
34 712 822 368
404 617 853 159
4 978 778 317
403 556 641 424
451 937 758 478
208 859 915 277
60 641 814 9
410 860 869 435
21 712 604 260
422 739 808 41
405 892 692 175
106 941 568 203
164 705 595 290
239 596 703 300
128 639 995 214
424 837 944 145
7 731 812 169
323 979 600 222
291 575 878 223
436 634 600 182
355 540 670 217
309 905 982 470
234 994 747 379
360 825 704 214
482 731 505 57
118 555 831 216
92 722 892 288
482 811 817 243
427 885 588 164
32 806 809 435
437 995 540 305
180 506 790 58
256 678 617 497
444 782 796 64
450 525 559 22
436 972 953 405
205 603 817 162
312 751 753 163
153 821 678 423
473 738 723 422
417 985 545 302
412 710 750 232
3 799 961 24
468 830 861 226
355 967 982 169
454 726 935 154
143 640 538 405
101 750 684 471
409 821 742 376
5 970 514 309
384 728 835 472
286 714 982 89
137 597 938 333
430 627 601 444
256 967 948 39
94 513 624 317
295 731 967 27
176 613 800 61
186 605 946 445
40 793 871 59
210 947 923 244
233 637 589 149
10 879 627 337
330 640 898 466
145 720 930 16
457 887 770 366
118 580 610 27
337 967 689 132
414 833 528 298
35 844 525 324
176 777 599 115
175 748 629 110
210 958 750 277
118 507 980 54
125 985 774 117
463 760 826 223
237 602 689 18
58 690 953 470
453 501 773 483
4 873 666 306
256 979 671 387
491 847 654 27
202 863 616 481
471 766 871 159
73 547 739 61
107 982 585 467
334 646 679 28
423 529 674 101
471 907 562 458
6 644 620 351
278 891 730 187
326 897 908 461
174 996 578 21
181 945 862 293
349 589 949 257
364 615 583 48
455 547 898 240
447 959 927 387
192 604 906 95
317 826 895 154
106 759 671 159
254 792 914 2
115 604 509 175
67 859 847 459
271 937 781 336
31 708 900 301
373 501 975 493
105 740 646 125
416 957 990 74
45 706 750 324
3 833 899 108
41 614 814 360
43 928 873 311
50 914 760 222
66 992 695 417
474 605 571 456
222 553 702 442
194 868 537 198
370 844 724 218
441 577 524 36
153 997 739 373
458 702 1000 470
472 1000 746 206
461 757 615 137
276 968 628 406
156 708 815 267
425 893 593 356
15 510 990 268
469 531 947 455
264 823 901 327
260 575 521 22
470 547 878 323
306 604 806 273
16 804 942 237
76 784 952 25
331 525 861 167
154 518 976 106
88 853 914 424
463 988 705 112
442 605 750 119
388 538 674 4
341 570 809 336
195 970 858 35
214 920 710 396
438 616 888 443
489 711 592 63
337 955 729 407
312 990 917 277
53 699 788 483
52 547 975 30
357 503 621 255
277 681 587 207
375 955 787 389
7 959 554 24
24 941 514 393
207 608 560 280
377 605 850 377
195 549 1000 331
108 527 923 270
163 701 731 302
481 568 930 179
117 674 646 41
319 854 935 35
138 676 527 112
151 585 531 232
210 704 699 245
243 685 688 495
102 616 537 198
50 860 518 38
209 685 954 163
303 633 634 159
70 760 878 17
237 922 618 224
188 730 764 365
420 706 774 357
199 585 609 384
11 940 813 354
393 946 588 217
266 842 676 395
242 770 802 346
24 929 609 38
67 892 798 93
105 914 801 249
355 863 692 317
239 862 919 262
433 859 781 403
100 728 863 201
255 668 521 424
496 653 833 168
134 986 731 472
333 908 698 168
310 972 995 244
281 786 827 142
128 533 644 23
237 647 523 42
3 812 768 296
148 786 895 303
236 746 703 367
354 513 731 461
130 844 771 406
381 621 583 390
436 654 593 350
461 745 687 250
262 838 915 414
299 712 584 338
471 525 683 355
163 551 523 203
24 917 1000 331
471 776 797 149
384 632 544 66
7 822 736 382
456 848 604 298
100 603 711 234
414 888 590 26
17 969 585 90
218 922 598 241
248 900 986 453
120 813 586 482
124 857 841 495
482 737 628 264
65 998 983 308
287 953 914 277
151 991 579 257
95 709 927 175
17 696 584 295
432 687 902 102
172 539 638 35
222 672 613 165
225 709 592 140
426 736 717 341
209 923 757 451
386 918 881 250
412 577 674 406
70 762 901 482
234 522 563 157
266 522 969 447
351 616 800 452
306 592 809 173
236 618 692 125
198 596 545 128
489 864 946 171
57 993 930 255
409 500 996 447
234 685 620 243
12 728 642 164
71 752 793 451
403 801 658 99
377 519 806 442
203 874 543 319
302 832 677 290
154 648 549 55
62 659 649 223
438 632 680 113
14 593 946 498
18 552 762 356
391 602 658 62
122 870 673 354
186 512 662 204
244 715 564 456
308 775 897 237
20 879 756 15
383 777 568 302
468 627 991 204
44 874 773 137
245 629 692 7
371 634 742 370
468 819 923 18
219 541 663 164
392 931 503 310
258 645 527 136
240 511 683 65
69 653 745 419
199 527 914 394
493 502 584 306
282 854 741 220
138 865 702 123
29 617 877 32
470 800 655 169
118 679 560 22
231 533 974 458
414 765 651 309
343 891 628 217
314 842 879 227
418 522 961 91
408 823 711 11
155 687 760 5
386 574 616 483
441 583 856 376
54 536 571 41
474 957 826 130
57 913 610 412
392 516 814 479
457 706 675 330
496 669 715 70
367 517 831 165
69 576 698 61
130 945 574 401
168 855 707 408
241 921 922 357
80 726 805 491
295 893 899 354
131 952 641 497
411 813 754 349
361 829 969 122
497 550 787 349
338 692 997 292
388 1000 821 325
329 749 913 11
283 631 690 261
258 624 784 292
405 691 834 236
156 956 835 415
490 596 687 373
238 642 731 315
179 538 783 421
91 926 778 305
142 965 603 421
312 606 707 118
153 710 541 266
136 754 862 200
410 809 699 473
491 674 756 357
190 872 854 218
9 854 706 113
21 525 917 284
254 807 736 386
107 639 844 200
362 989 837 311
462 836 979 423
180 585 537 490
4 624 655 422
454 719 808 148
338 585 839 354
443 730 800 398
453 662 740 490
173 685 889 60
439 830 735 306
170 924 784 174
479 861 612 268
36 800 781 268
296 764 991 279
238 923 527 195
255 554 704 497
180 810 1000 478
411 593 676 489
52 927 650 75
48 936 542 135
55 996 908 280
101 511 679 367
301 1000 762 397
234 570 630 261
312 811 625 388
2 940 823 130
496 889 822 423
407 936 896 7
135 593 824 158
366 512 830 372
343 663 686 25
478 561 602 96
67 736 682 374
449 669 943 162
350 884 725 180
25 560 827 415
186 992 725 131
499 962 781 433
275 673 643 13
7 551 823 75
209 989 923 348
59 661 962 452
361 771 727 462
38 892 924 497
257 674 827 154
362 953 566 326
68 980 710 449
94 575 817 100
115 745 845 128
360 646 979 462
152 510 983 316
317 903 841 139
463 524 541 324
79 776 531 304
253 660 812 21
251 684 655 346
325 660 848 268
391 512 787 102
193 561 708 123
165 851 746 120
196 581 899 410
115 597 950 215
272 837 605 30
324 813 853 323
387 508 525 198
122 510 868 160
172 801 753 381
120 539 766 403
484 743 746 90
30 592 639 133
119 586 581 376
373 999 611 366
137 896 547 274
441 920 688 35
435 985 984 221
132 967 696 286
73 749 975 462
248 770 978 53
316 972 666 172
352 801 632 230
451 652 811 387
432 705 776 384
142 568 509 249
145 894 874 109
419 614 574 56
446 628 602 50
197 887 615 70
336 705 732 285
178 644 573 419
359 606 712 389
109 518 660 445
404 869 876 184
79 802 697 389
401 907 956 171
83 805 816 90
476 924 620 15
248 950 978 368
183 718 516 10
180 952 911 394
222 660 705 420
210 668 849 54
486 797 767 155
244 827 546 230
378 899 984 182
287 998 723 244
470 828 827 394
106 763 968 137
423 724 543 308
242 575 965 267
247 530 579 122
60 681 726 424
496 970 838 20
108 861 915 57
273 718 682 49
140 753 511 125
144 576 526 103
306 768 960 299
154 824 624 466
331 628 903 199
129 595 527 89
481 970 608 138
133 933 876 282
365 607 831 12
279 907 734 76
370 637 572 93
260 994 642 287
363 909 610 79
73 701 603 345
363 960 930 406
466 686 936 497
314 967 903 206
468 685 677 233
333 709 655 29
257 947 769 458
283 933 577 73
364 747 789 277
426 665 599 194
290 619 669 273
469 652 852 79
389 732 898 359
415 518 985 269
264 908 677 45
347 842 999 98
180 944 927 313
207 529 832 175
258 547 703 95
464 966 799 93
146 768 962 23
102 963 739 324
97 528 603 244
118 507 812 23
450 714 716 389
184 872 818 412
43 698 842 47
456 508 530 220
231 822 584 216
89 827 595 124
133 962 654 246
69 662 947 277
240 781 656 75
474 765 591 100
325 551 707 382
271 939 782 250
49 890 717 328
124 914 652 262
141 631 660 452
75 729 847 209
471 608 603 334
274 513 864 457
420 867 524 460
44 624 583 357
409 863 613 98
166 735 995 387
97 713 608 94
166 775 782 201
168 824 850 302
242 520 682 435
450 796 561 57
203 623 717 166
337 863 704 413
437 513 583 465
169 974 807 25
79 720 686 23
168 891 875 34
464 939 617 460
16 692 566 483
485 814 940 407
98 862 581 288
256 630 803 376
267 864 715 88
97 905 801 149
10 546 534 309
175 583 877 373
471 713 940 81
213 550 708 201
268 864 741 62
421 732 811 406
342 664 939 126
279 770 686 192
323 609 911 414
256 850 505 226
438 584 649 496
461 688 507 497
479 836 522 201
309 584 651 161
157 840 611 459
73 853 664 275
86 512 634 202
179 553 810 58
331 661 880 309
292 791 639 81
286 573 962 117
440 770 787 447
34 531 528 53
350 699 902 465
466 723 676 293
327 547 937 158
142 872 883 81
300 520 979 470
84 802 956 27
226 723 927 193
213 520 953 205
286 777 582 489
481 530 960 399
54 998 875 297
82 878 759 207
477 984 797 340
172 846 560 288
226 654 667 384
22 528 977 316
260 717 506 456
190 636 969 393
380 559 690 305
436 649 824 318
481 643 794 436
366 862 873 305
152 920 802 481
480 719 692 225
231 824 575 240
301 841 761 26
89 837 689 16
103 779 948 100
244 942 848 96
273 789 686 9
446 791 943 305
308 675 955 4
228 810 761 141
491 997 678 315
308 548 711 331
83 634 632 340
494 809 697 301
388 844 629 215
212 943 800 455
39 641 922 408
291 998 924 452
445 617 767 245
115 937 714 232
289 913 955 172
332 502 551 377
116 603 769 201
432 781 618 44
268 765 940 130
295 664 965 114
338 830 780 215
377 578 856 85
170 597 780 392
235 902 961 325
199 524 759 2
73 515 979 245
154 886 762 486
9 923 569 132
131 991 737 143
296 661 801 376
458 715 522 309
158 758 669 64
428 514 873 218
36 530 711 212
38 535 822 50
389 965 862 339
361 883 800 483
491 888 703 350
407 549 604 279
352 843 935 468
217 777 925 132
44 587 789 342
127 822 937 14
165 538 511 1
107 904 528 106
9 908 811 205
217 533 947 291
149 952 771 417
195 777 655 388
68 719 787 406
254 505 672 202
370 849 594 215
269 502 636 434
181 634 853 211
160 719 915 228
421 845 598 36
320 838 657 139
489 998 824 284
233 585 812 494
445 978 865 373
318 993 879 186
436 509 839 463
419 969 682 493
248 525 510 79
113 919 772 18
111 970 756 156
41 823 638 467
120 965 650 209
111 674 669 419
71 642 597 178
144 600 831 463
265 764 946 237
262 701 658 365
9 663 677 52
8 592 955 332
65 915 787 430
221 922 919 254
155 939 504 96
393 928 804 52
401 932 621 413
408 699 503 383
350 963 627 256
137 569 847 313
269 729 743 165
192 983 628 481
185 863 825 345
284 752 881 497
13 945 709 60
210 871 828 15
11 506 611 303
267 916 844 422
188 736 634 402
412 781 670 99
47 721 860 275
413 718 832 442
198 592 707 240
30 710 720 333
361 949 709 325
445 813 612 81
48 744 656 431
109 979 740 172
339 576 541 480
462 913 813 406
203 647 647 250
59 860 579 395
168 780 527 481
30 686 738 365
430 514 681 27
44 753 510 120
72 580 890 376
5 860 524 264
169 867 570 133
172 690 825 295
381 760 942 205
111 983 598 107
267 918 749 174
160 552 583 227
448 682 724 93
165 847 556 328
421 641 822 231
228 603 968 232
355 941 677 307
218 663 724 496
160 523 843 100
296 796 590 191
140 511 541 294
325 667 817 101
11 946 763 37
74 581 993 275
469 527 508 162
199 891 849 24
358 603 724 218
331 696 775 22
470 898 983 109
96 626 923 398
423 650 799 260
392 831 842 76
417 548 564 336
63 950 891 436
238 718 980 252
287 543 744 74
250 749 857 472
451 805 943 414
131 515 983 97
238 621 686 234
2 723 955 427
256 728 862 337
112 633 729 60
233 838 845 184
186 940 561 136
465 550 981 7
248 532 520 33
289 656 544 453
271 666 777 275
242 733 926 43
288 805 600 407
60 919 936 169
241 708 962 251
438 830 629 349
469 541 510 494
277 999 521 144
10 709 850 295
97 839 562 77
195 730 687 187
146 910 595 224
218 858 998 1
40 599 955 163
427 577 555 414
157 780 509 422
455 699 642 446
310 873 517 399
267 634 752 248
86 930 517 272
459 740 709 138
53 822 804 312
478 559 903 344
399 939 985 25
332 517 539 412
218 710 789 332
351 543 578 492
230 747 622 150
399 918 738 349
75 534 583 499
250 958 560 287
317 517 917 208
422 666 631 245
445 610 591 145
172 687 653 476
145 914 871 17
262 690 637 15
114 787 734 226
7 623 977 35
24 582 988 42
255 518 866 441
275 841 990 61
189 660 501 182
497 692 757 464
393 595 698 483
155 837 774 248
202 714 660 343
278 828 948 377
421 816 760 356
258 728 824 491
7 694 778 256
111 739 578 248
21 937 757 455
211 980 699 459
247 721 655 279
266 638 571 352
27 633 712 362
263 806 699 33
140 813 574 226
481 558 929 200
225 819 734 109
339 653 722 229
425 670 998 49
372 753 902 436
297 500 907 78
357 696 745 423
161 579 520 189
118 835 553 405
257 543 516 446
22 764 858 424
482 637 887 40
68 525 847 430
352 539 923 74
209 559 924 418
79 986 687 252
421 913 617 348
273 933 786 118
494 967 851 262
367 607 864 336
419 844 832 47
243 645 793 17
128 982 699 335
339 791 647 264
136 816 674 104
362 613 872 269
137 577 893 229
410 663 716 303
16 843 771 379
13 691 542 178
127 531 605 346
140 531 618 382
339 800 986 481
125 653 567 362
499 666 733 361
25 628 732 217
447 797 785 116
170 800 936 219
277 520 978 333
242 932 947 498
174 941 667 160
72 775 592 39
284 762 760 244
145 775 637 463
405 678 636 9
134 810 833 254
29 822 631 69
85 721 501 440
42 921 981 187
5 840 603 410
294 950 948 48
223 955 831 260
137 745 844 135
296 695 632 236
228 719 866 412
469 915 904 120
185 849 758 242
121 515 831 466
147 780 837 177
188 883 629 229
190 934 743 53
467 751 643 44
123 757 700 365
151 660 651 169
123 740 761 481
329 680 781 189
247 841 661 478
499 527 540 239
353 965 837 51
489 593 926 173
311 662 575 356
161 727 921 94
36 951 674 159
77 683 501 277
155 931 879 308
266 826 916 40
390 941 999 239
230 694 779 139
282 645 847 208
484 681 805 220
13 525 538 118
225 711 690 23
474 700 876 199
288 638 983 15
487 752 586 254
352 500 857 302
484 755 600 145
427 752 765 182
11 626 673 381
232 702 677 6
387 524 919 488
293 582 529 149
116 863 708 454
420 531 929 302
315 856 633 159
308 684 507 142
448 846 572 391
173 917 840 231
94 545 718 77
300 720 732 76
130 953 603 275
231 982 982 36
453 846 716 264
498 960 576 450
463 773 523 198
372 956 939 337
192 782 879 94
6 663 531 103
391 580 902 318
440 646 673 60
170 885 854 39
10 670 539 217
265 822 910 24
41 564 782 271
79 650 949 458
419 674 685 323
499 759 587 114
436 867 953 257
100 583 558 275
214 924 924 86
265 943 992 132
98 716 860 224
213 968 727 33
208 781 517 277
278 802 960 55
207 900 691 29
438 845 672 161
175 669 868 406
247 742 939 32
195 826 739 149
456 694 929 406
32 660 956 72
148 525 925 386
90 615 553 196
334 582 982 456
2 965 968 132
305 826 930 151
119 752 722 298
151 501 986 252
61 588 686 225
431 724 587 498
74 698 600 479
426 583 973 247
396 640 841 437
355 616 729 280
29 525 679 131
263 840 854 273
497 757 613 6
72 863 564 321
432 804 986 434
242 852 507 276
100 635 851 417
159 682 797 295
111 595 517 338
363 525 801 310
290 741 724 62
363 952 819 469
108 557 621 259
5 913 764 462
484 582 834 163
117 701 541 332
85 554 823 179
26 841 543 426
141 617 997 405
163 933 894 214
11 662 624 163
470 720 794 141
206 982 784 418
108 724 703 158
388 702 556 180
471 992 920 16
448 511 576 45
196 669 669 326
243 907 917 466
105 703 505 316
275 904 898 399
248 757 791 388
13 624 568 162
423 881 720 293
440 501 903 186
384 545 892 87
286 711 963 237
465 775 512 348
198 970 738 14
69 743 849 381
76 740 539 265
261 729 832 128
284 585 641 239
351 596 513 71
64 986 631 486
446 597 969 320
54 827 537 235
290 788 957 202
284 534 923 432
107 598 844 142
383 634 880 397
432 945 716 153
299 922 682 451
369 566 703 218
490 817 667 36
459 584 744 452
333 918 870 215
346 672 649 235
173 871 681 243
475 557 678 69
120 641 871 318
368 748 705 331
450 988 501 341
164 838 666 312
243 663 607 265
86 919 597 169
438 838 934 470
34 535 643 292
434 506 992 389
54 570 531 244
347 609 867 423
5 654 625 426
333 601 682 366
256 771 528 314
283 573 638 473
451 943 930 74
276 768 598 263
154 999 704 438
226 624 556 340
101 996 886 337
86 889 823 353
145 522 781 319
192 731 612 416
114 593 858 2
135 912 686 350
201 939 725 395
107 869 877 243
271 711 773 460
350 815 515 235
405 896 615 65
399 543 857 360
293 814 922 37
265 720 996 376
423 853 874 475
493 842 770 103
50 827 703 167
206 993 535 392
48 603 742 92
476 941 561 275
337 748 832 374
458 702 636 91
249 508 547 71
124 806 612 204
300 760 910 307
451 503 966 146
233 755 959 320
436 752 828 22
246 503 502 77
387 664 807 190
328 577 556 348
388 546 791 304
369 578 740 34
347 565 982 41
484 831 689 426
59 839 761 49
318 505 692 97
326 553 865 162
422 512 612 48
427 813 902 102
474 634 692 59
188 887 997 143
452 912 921 23
39 659 624 424
248 806 886 116
319 921 807 43
7 648 823 422
204 980 897 219
130 785 995 77
61 942 849 192
138 639 803 241
385 579 989 71
246 902 723 336
348 526 654 437
406 918 658 427
192 738 937 225
400 891 610 136
422 765 922 362
421 686 754 61
99 775 648 294
14 824 554 480
12 808 753 141
201 863 647 278
217 925 599 192
101 610 730 130
37 751 601 352
483 934 681 185
224 963 908 167
310 693 689 231
410 743 865 220
449 803 779 480
253 689 700 442
137 680 942 302
357 858 964 360
57 588 841 356
181 722 998 161
131 946 930 74
287 562 765 109
397 821 775 259
484 941 510 309
50 712 727 55
168 784 839 465
371 909 740 233
56 671 553 492
233 988 817 267
405 720 958 56
491 524 507 52
444 709 728 34
343 781 518 104
344 819 802 303
499 547 544 402
68 507 795 478
202 834 556 164
323 926 786 367
223 954 940 39
96 625 846 292
16 526 954 135
61 603 690 171
425 945 680 271
43 876 733 453
106 897 671 390
168 555 974 140
471 504 785 440
307 688 760 272
227 845 609 397
155 871 671 405
30 739 536 341
339 660 624 386
50 639 853 136
351 807 584 165
130 588 920 355
229 674 571 57
469 648 715 261
250 933 755 296
448 723 710 301
286 605 759 226
112 866 804 427
206 969 926 170
142 511 691 14
430 849 738 451
140 798 590 307
408 529 854 8
46 991 845 22
66 534 807 463
129 859 985 400
369 755 766 136
495 910 952 133
498 985 946 97
117 645 776 356
60 835 779 353
216 817 651 193
449 624 922 59
14 770 764 88
312 785 981 292
311 947 839 48
371 667 717 433
259 613 892 104
19 520 530 371
323 913 763 426
170 723 517 324
341 857 745 239
317 832 658 237
443 798 772 236
357 752 569 127
430 866 618 89
109 929 993 421
88 824 940 489
304 653 898 41
74 575 642 388
471 792 740 217
26 753 824 92
19 922 815 50
365 838 895 449
69 965 532 193
438 530 689 120
456 710 664 110
106 971 707 10
160 910 516 362
242 529 667 349
102 888 972 66
92 971 515 478
259 817 798 338
76 569 876 139
191 959 742 363
37 639 511 246
46 986 869 433
89 675 871 464
236 616 990 428
76 650 764 397
138 802 780 421
53 545 814 243
43 931 967 363
298 788 542 129
107 548 846 272
497 876 857 225
182 816 850 302
397 937 823 61
3 693 946 175
76 527 999 299
19 660 918 354
281 798 528 495
232 634 699 162
441 838 906 68
343 589 904 54
52 961 913 420
396 614 922 352
157 602 894 149
218 550 927 258
173 583 816 74
373 927 626 470
433 649 746 398
439 692 763 120
255 775 674 292
190 767 673 343
466 720 840 273
177 783 958 113
103 938 779 25
466 656 998 371
405 786 769 128
44 799 987 335
341 779 855 356
413 645 770 167
170 691 857 79
41 541 739 166
333 553 779 401
110 991 635 73
148 858 760 230
275 693 998 227
271 590 851 238
93 632 609 129
419 993 881 350
360 591 540 159
422 750 1000 39
111 566 571 462
268 862 879 92
26 784 832 441
93 668 738 398
342 985 600 400
457 527 507 30
138 889 925 163
32 807 607 462
315 752 520 355
339 539 869 129
258 597 860 446
447 717 825 425
196 894 921 306
305 566 689 409
328 504 586 410
99 602 735 194
182 960 620 151
459 942 624 33
141 537 651 264
103 731 571 69
16 677 816 230
342 684 776 445
359 741 520 436
440 726 886 360
487 955 904 425
32 933 742 388
429 964 917 383
46 947 546 237
339 675 643 117
11 995 989 31
192 895 678 42
390 927 636 260
3 900 572 416
326 866 929 435
138 528 634 422
343 955 517 336
412 794 552 41
222 748 788 447
368 998 564 85
15 683 975 42
135 903 519 52
259 630 745 242
169 928 898 213
332 954 556 370
75 949 687 229
100 622 679 62
163 816 985 360
182 700 720 207
107 617 830 119
384 698 710 445
276 728 598 305
10 825 743 464
15 767 650 48
484 998 870 362
58 597 501 469
54 583 581 467
142 537 729 431
71 889 780 26
34 906 882 159
440 909 857 184
300 738 904 494
497 995 754 60
319 933 829 177
478 943 735 380
398 793 902 457
491 832 902 185
351 712 586 129
266 952 817 493
331 705 722 393
485 867 587 322
426 904 676 139
401 505 902 79
86 588 814 277
208 553 763 338
406 998 865 425
279 573 508 402
132 550 534 376
88 606 948 188
405 954 648 299
11 981 579 329
13 796 911 107
314 654 943 108
142 784 894 194
396 935 505 269
96 573 864 334
454 906 988 369
35 582 935 394
239 903 633 208
150 566 809 376
37 754 674 5
217 541 922 302
491 927 878 257
82 783 941 270
498 707 514 463
42 909 893 199
300 846 768 96
190 754 823 417
57 574 905 241
361 873 838 230
79 967 607 126
250 764 882 386
271 518 783 230
98 565 563 72
335 952 997 202
314 536 542 268
70 753 891 141
96 779 888 279
282 560 633 39
335 868 993 307
347 640 792 173
465 640 745 132
175 968 536 178
493 764 605 72
33 983 843 134
23 851 1000 146
125 590 548 385
397 637 982 15
322 767 580 272
278 829 541 491
215 810 895 268
283 622 663 429
405 541 578 117
425 717 649 324
262 933 666 281
127 778 581 291
225 792 753 404
474 895 613 111
308 545 596 64
334 804 966 399
105 576 710 262
184 688 568 222
193 930 742 337
177 762 723 434
207 839 784 285
222 873 729 385
161 668 810 62
70 661 824 13
408 792 999 146
284 666 714 428
363 868 963 234
72 696 841 357
439 660 667 441
313 773 953 159
350 724 827 275
365 622 811 83
348 766 641 311
368 619 730 8
172 805 893 185
194 809 981 34
410 764 642 92
222 958 894 17
270 657 919 255
370 537 734 435
487 645 718 55
57 709 742 474
426 909 564 224
185 539 504 367
14 758 508 224
226 637 737 202
45 966 824 77
302 974 607 322
222 935 706 339
83 626 761 334
201 937 615 81
321 917 876 288
7 939 677 54
177 716 952 456
286 585 670 105
227 549 894 75
279 905 776 464
496 686 617 303
409 847 828 468
415 940 549 163
474 917 974 71
401 987 815 268
156 601 644 420
119 623 958 112
260 990 503 109
5 583 522 97
487 560 599 2
252 964 571 343
399 831 632 110
338 591 869 203
69 701 919 123
126 585 959 215
491 532 724 221
383 871 842 469
436 689 534 313
90 735 573 371
219 586 952 350
10 672 939 386
36 630 786 73
499 671 598 88
369 704 604 54
316 903 816 32
97 974 854 486
159 772 633 237
232 938 643 404
379 811 865 415
478 785 703 417
398 607 526 42
415 753 978 233
226 674 715 280
97 769 909 232
268 944 721 383
77 779 713 336
437 648 524 310
100 552 857 458
267 657 600 170
400 767 694 409
68 949 590 449
338 888 779 472
385 980 739 117
88 736 872 309
363 561 598 177
116 873 697 458
362 864 842 75
402 635 592 411
263 996 884 124
407 640 944 50
79 513 651 159
471 959 794 347
151 695 666 315
274 584 548 475
100 560 678 38
466 689 738 260
390 597 694 332
440 765 649 266
222 695 545 483
379 709 856 38
364 640 561 261
110 677 837 291
354 616 842 301
173 844 667 5
239 918 985 153
289 867 649 375
142 853 504 178
377 594 928 135
452 676 671 295
251 628 817 176
192 515 850 349
354 953 519 27
464 814 661 105
457 538 957 360
75 778 968 426
339 544 923 8
277 714 740 51
27 815 626 75
109 701 675 371
193 945 621 25
180 927 877 448
260 635 844 193
42 751 875 352
413 923 803 116
22 669 680 459
276 508 997 7
309 506 876 499
469 969 735 349
431 597 807 400
322 517 955 312
68 543 583 50
322 948 678 193
324 589 665 447
58 589 933 118
358 798 823 9
247 765 544 334
249 676 638 173
127 669 984 143
70 951 781 48
225 754 961 55
118 943 598 14
392 993 988 452
392 996 661 393
401 778 562 474
326 727 984 305
178 706 924 277
237 604 695 195
257 920 527 48
418 536 849 58
2 718 649 408
417 690 887 67
336 547 554 488
103 869 647 461
104 731 802 259
313 864 824 158
32 533 712 147
63 801 709 48
16 844 689 73
490 576 860 347
293 920 627 326
479 720 921 332
407 514 912 222
487 793 659 465
4 573 821 38
342 785 593 452
461 959 923 140
74 798 707 456
377 725 761 305
378 546 977 458
313 755 861 24
312 990 900 383
174 945 578 113
59 518 711 249
301 564 526 120
120 900 898 219
75 568 566 443
338 877 583 490
373 613 912 284
363 605 903 94
340 852 858 433
420 529 760 362
52 603 541 207
396 711 809 136
158 980 611 405
437 714 825 134
373 713 929 430
59 604 652 9
7 526 722 271
81 987 910 106
99 759 897 470
203 619 837 215
390 798 985 209
355 894 729 440
179 703 855 52
205 844 634 335
14 669 810 352
304 718 746 78
499 902 600 78
103 687 859 373
272 941 955 43
329 670 802 146
239 649 735 219
314 807 703 404
485 801 869 297
344 517 705 10
429 952 750 201
276 857 937 135
339 821 727 461
112 741 927 128
266 545 775 309
374 889 987 127
172 615 957 160
485 829 695 427
399 662 538 389
468 926 611 287
57 701 940 334
374 757 508 210
353 506 878 24
175 893 863 78
158 727 558 215
218 911 583 329
395 594 832 363
362 902 508 326
480 747 650 302
432 899 713 283
326 816 626 493
77 606 667 30
160 587 849 17
136 950 970 298
156 597 646 115
39 896 761 52
476 661 883 341
165 620 555 79
89 700 942 64
306 586 785 243
282 796 545 130
14 719 858 300
249 520 969 21
163 957 538 481
28 510 622 231
369 731 686 249
438 608 557 495
473 948 510 186
388 830 509 155
182 595 723 282
42 506 632 57
152 806 937 57
190 684 726 472
351 850 800 173
109 886 978 45
419 554 628 396
347 900 935 489
56 937 948 37
209 749 832 230
207 820 756 441
176 987 795 355
439 763 890 84
315 623 973 20
493 532 833 403
402 985 905 392
482 853 763 493
158 708 829 81
387 782 563 242
104 595 931 209
102 909 721 202
475 990 753 369
426 961 650 394
98 897 714 10
57 620 863 344
114 691 500 289
249 872 537 148
300 864 814 131
246 528 736 381
374 994 862 471
206 933 847 496
8 831 690 299
258 995 820 221
220 517 521 247
53 696 763 195
28 714 741 397
451 555 815 203
71 968 646 166
86 534 507 238
431 822 503 326
139 933 561 9
49 550 916 176
70 607 880 394
432 513 902 294
239 581 735 303
439 653 598 224
61 828 997 477
339 982 719 419
378 775 858 156
52 989 575 386
56 641 898 214
483 657 835 251
287 616 996 303
129 933 823 151
27 709 649 289
179 760 588 224
117 824 665 470
195 806 880 459
94 609 865 445
192 644 801 146
390 938 601 315
268 650 845 143
396 540 722 158
153 648 748 75
324 617 767 264
241 651 889 491
444 982 966 355
28 701 891 27
193 596 654 165
243 964 992 230
472 687 869 472
401 973 904 131
389 911 583 266
284 787 786 218
210 719 696 143
276 795 843 188
344 977 782 435
476 626 976 245
450 783 803 248
151 706 998 234
264 653 512 229
289 862 916 51
309 984 550 189
240 913 973 361
140 807 550 339
199 797 889 472
205 625 957 453
370 632 971 147
427 569 708 12
356 710 579 468
251 784 994 339
79 918 652 403
107 700 516 493
362 766 539 342
148 611 646 202
237 957 828 373
109 822 704 208
216 509 602 435
341 782 713 12
237 851 543 460
56 699 604 68
206 506 910 155
44 551 700 268
55 736 597 467
208 638 776 7
386 684 615 214
389 702 920 395
430 796 895 296
332 772 698 430
82 768 512 412
403 534 884 237
389 986 989 260
251 621 875 458
424 633 721 245
346 939 513 165
12 581 978 339
303 967 546 44
396 569 994 430
357 858 790 90
200 548 591 220
154 849 706 37
425 639 873 198
298 642 667 314
247 649 746 473
323 651 511 329
363 929 552 371
370 775 998 197
51 730 598 105
328 553 791 230
336 685 693 324
191 811 697 199
488 632 807 378
223 918 610 367
141 573 780 319
116 644 943 127
134 597 809 97
178 758 746 496
310 943 889 459
376 516 638 412
88 874 930 499
75 691 783 146
141 898 753 220
470 895 631 428
337 711 582 332
428 751 994 131
484 747 925 200
439 512 787 138
484 821 976 485
304 767 635 40
377 870 799 56
165 649 789 48
234 549 910 83
120 689 863 182
127 563 615 346
8 590 638 331
69 560 516 427
322 701 826 439
98 791 674 30
41 801 526 83
206 593 954 91
356 623 801 312
136 636 929 41
305 598 970 172
300 680 896 152
228 536 947 402
117 808 892 422
303 960 577 421
201 800 909 437
329 727 865 472
384 818 865 480
429 887 825 259
271 783 531 484
270 667 990 398
466 502 698 104
117 551 551 390
343 980 505 416
233 901 798 492
433 985 582 247
499 749 809 410
72 860 629 9
94 918 682 40
343 971 688 215
249 779 693 486
434 632 604 349
330 820 513 312
472 816 707 133
125 940 548 449
23 603 625 342
421 765 767 54
78 722 668 74
335 569 507 38
447 781 610 319
260 592 817 242
170 505 707 331
477 603 873 416
67 671 605 411
143 918 656 58
10 926 555 133
389 543 934 273
174 539 663 377
390 558 582 285
288 558 628 64
106 822 712 429
132 600 911 219
321 798 784 325
316 737 754 88
207 770 730 312
415 805 786 101
468 713 823 261
444 557 713 41
234 689 940 405
386 856 811 499
248 528 851 139
459 876 786 43
298 908 844 198
319 754 928 196
278 525 881 132
234 716 862 93
393 729 929 27
11 595 792 113
97 959 589 278
142 534 682 173
453 616 749 346
87 781 780 408
105 570 905 133
59 777 547 143
143 845 814 266
105 895 592 243
7 574 593 62
454 647 520 94
129 598 937 3
482 696 845 341
75 672 701 451
272 685 874 35
384 683 544 403
141 930 878 62
393 917 637 234
355 953 862 213
299 951 662 322
44 985 894 344
168 805 778 272
295 653 990 129
261 933 756 201
23 750 684 303
144 611 675 4
366 756 516 138
147 600 857 289
300 769 644 453
187 511 729 441
423 684 882 306
211 977 812 223
445 962 695 317
19 609 979 161
345 580 533 210
487 928 787 263
60 952 524 390
40 905 733 297
55 579 716 118
382 680 612 291
211 608 547 453
361 635 960 111
124 897 868 261
265 951 846 464
308 553 788 282
13 871 785 229
409 737 501 273
420 519 870 494
82 832 712 95
404 821 938 226
291 819 787 352
238 686 842 265
177 940 958 241
464 649 974 134
74 821 978 368
108 514 938 408
369 856 996 203
498 582 896 406
336 679 641 110
419 538 834 215
113 656 533 489
460 509 915 70
451 933 773 375
212 950 989 423
494 963 964 211
332 707 729 235
113 680 826 426
49 936 813 373
168 905 601 135
460 979 950 459
388 881 875 307
21 553 570 125
52 776 892 189
43 592 964 292
472 742 917 485
247 991 638 248
267 756 908 231
205 882 991 27
421 988 807 42
188 581 540 25
349 913 509 331
125 701 701 225
46 578 977 67
194 861 980 495
318 665 629 129
477 858 748 259
166 937 846 41
423 509 863 281
1 937 745 27
195 979 858 76
490 765 789 438
281 619 787 105
178 621 697 190
320 874 940 424
268 798 664 112
459 516 581 203
117 785 773 107
151 856 819 70
339 833 613 242
348 559 921 469
165 616 914 452
235 630 924 50
314 839 719 173
222 522 507 371
261 923 683 6
204 608 658 29
116 697 804 269
378 680 794 294
418 731 708 100
386 596 642 64
13 528 935 411
84 646 843 333
14 926 531 297
66 514 801 388
252 876 515 93
63 562 652 365
66 630 638 57
371 637 538 445
395 692 759 460
106 819 501 356
169 935 917 109
484 901 823 147
211 939 988 268
401 744 574 338
347 639 720 64
96 971 515 117
139 849 922 28
316 866 774 376
489 518 641 70
292 700 802 407
121 911 926 150
166 928 946 135
265 988 780 235
456 810 986 47
359 622 962 353
194 799 769 115
103 639 723 235
311 620 915 445
243 940 633 6
449 912 981 170
417 871 811 406
19 509 790 271
334 785 977 128
189 639 634 144
206 896 646 315
285 536 855 115
112 860 797 294
366 989 921 438
295 996 897 360
38 985 600 238
288 992 582 15
142 981 695 231
369 990 632 422
479 628 988 60
18 796 759 143
470 877 635 97
201 843 506 404
154 740 891 268
383 785 859 436
245 932 579 85
275 516 517 152
144 721 651 468
207 731 896 483
482 737 893 338
198 696 775 37
453 555 910 182
245 561 914 85
435 853 638 89
83 740 687 267
216 858 637 209
67 736 508 314
272 909 611 440
117 904 525 437
156 731 861 411
14 812 814 464
449 936 916 270
297 534 697 204
49 620 814 370
310 745 781 386
180 852 937 155
343 590 807 160
312 910 621 22
12 704 965 352
232 787 702 450
136 534 833 131
108 605 881 451
2 612 597 498
418 801 832 419
94 724 908 173
362 826 841 88
9 721 880 299
273 619 571 336
401 678 565 258
354 623 816 61
234 931 769 195
248 682 574 81
135 584 896 346
23 672 774 242
148 598 677 78
4 878 883 241
39 841 785 256
351 547 750 223
61 601 994 346
368 910 775 203
302 757 694 430
30 510 861 414
203 789 836 157
26 918 676 365
146 555 675 198
412 886 984 356
374 638 693 216
212 979 541 7
122 522 523 437
261 517 792 229
438 937 998 137
320 505 658 296
254 534 520 69
255 835 572 31
196 534 693 392
374 662 690 41
333 787 886 331
100 967 913 297
457 584 806 320
42 607 780 141
287 983 735 318
326 704 871 425
236 573 504 32
112 937 781 306
282 548 876 364
15 693 583 138
342 921 577 201
57 975 944 33
199 673 790 156
412 602 838 406
6 712 813 142
9 628 853 254
144 849 755 472
87 811 744 426
244 551 790 474
252 843 739 182
118 899 912 22
71 878 612 474
258 695 942 418
437 987 625 238
93 781 653 475
1 872 537 363
309 867 699 62
112 851 969 489
192 803 586 185
301 692 829 147
229 937 500 191
94 909 978 219
123 716 518 467
267 625 828 276
66 602 899 147
404 741 609 221
454 587 661 318
446 787 822 496
244 517 679 176
277 766 828 223
449 713 950 328
242 932 649 466
222 611 927 73
439 652 868 222
473 777 590 283
265 1000 652 66
168 905 634 404
301 910 703 256
214 844 607 409
227 751 613 455
260 554 952 253
454 644 750 442
352 909 669 255
203 991 661 294
462 821 589 426
356 864 697 155
101 548 612 475
5 574 511 239
427 514 555 210
38 736 749 90
404 681 581 373
386 631 938 329
329 844 642 421
280 844 763 141
362 620 788 411
230 503 711 328
372 986 861 24
163 853 689 97
490 872 684 45
138 904 832 357
142 638 522 246
276 505 794 2
89 842 794 235
367 818 612 25
171 525 616 81
434 525 917 4
180 793 912 46
51 861 995 104
63 555 600 403
418 688 572 248
112 805 812 213
60 636 781 277
61 545 856 261
249 983 694 401
230 552 570 406
428 997 712 79
30 869 647 178
119 879 855 150
443 820 715 20
352 844 762 335
406 929 872 448
248 519 955 69
289 516 862 199
369 680 841 400
57 992 990 267
256 720 745 19
316 821 677 60
82 812 875 455
178 668 880 212
466 771 756 445
200 705 605 437
99 776 922 27
144 869 847 95
93 524 996 43
143 852 952 426
56 512 774 462
90 848 666 422
452 709 577 254
430 753 760 332
45 922 920 94
480 852 788 206
367 887 994 390
342 748 869 239
183 980 860 436
227 978 861 322
167 514 617 290
466 546 527 307
310 859 825 213
182 907 870 3
333 946 638 225
313 731 739 479
310 688 834 34
391 608 808 351
90 860 847 263
21 597 518 249
469 740 880 107
8 794 790 446
210 560 903 242
198 829 945 308
338 616 663 484
54 746 863 476
68 753 685 23
303 541 716 64
289 514 671 200
368 936 883 484
442 507 657 285
160 974 716 322
165 883 860 233
138 519 921 236
388 856 648 488
99 840 815 432
57 998 804 250
5 949 800 410
191 715 512 416
242 584 725 471
96 682 554 441
51 587 803 427
242 766 682 474
307 623 645 8
25 956 764 356
55 703 999 190
250 615 820 422
197 868 881 172
300 702 672 294
479 689 853 353
75 523 568 313
368 853 791 277
386 984 612 474
300 650 932 264
387 995 752 86
496 876 803 191
265 745 713 299
5 795 957 352
75 707 686 316
