1 6 5 4 3 2 7 12 11 10 9 8 13 18 17 16 15 14 19 24 23 22 21 20
2 1 6 5 4 3 8 7 12 11 10 9 14 13 18 17 16 15 20 19 24 23 22 21
3 2 1 6 5 4 9 8 7 12 11 10 15 14 13 18 17 16 21 20 19 24 23 22
4 3 2 1 6 5 10 9 8 7 12 11 16 15 14 13 18 17 22 21 20 19 24 23
5 4 3 2 1 6 11 10 9 8 7 12 17 16 15 14 13 18 23 22 21 20 19 24
6 5 4 3 2 1 12 11 10 9 8 7 18 17 16 15 14 13 24 23 22 21 20 19
7 12 11 10 9 8 13 18 17 16 15 14 19 24 23 22 21 20 1 6 5 4 3 2
8 7 12 11 10 9 14 13 18 17 16 15 20 19 24 23 22 21 2 1 6 5 4 3
9 8 7 12 11 10 15 14 13 18 17 16 21 20 19 24 23 22 3 2 1 6 5 4
10 9 8 7 12 11 16 15 14 13 18 17 22 21 20 19 24 23 4 3 2 1 6 5
11 10 9 8 7 12 17 16 15 14 13 18 23 22 21 20 19 24 5 4 3 2 1 6
12 11 10 9 8 7 18 17 16 15 14 13 24 23 22 21 20 19 6 5 4 3 2 1
13 18 17 16 15 14 19 24 23 22 21 20 1 6 5 4 3 2 7 12 11 10 9 8
14 13 18 17 16 15 20 19 24 23 22 21 2 1 6 5 4 3 8 7 12 11 10 9
15 14 13 18 17 16 21 20 19 24 23 22 3 2 1 6 5 4 9 8 7 12 11 10
16 15 14 13 18 17 22 21 20 19 24 23 4 3 2 1 6 5 10 9 8 7 12 11
17 16 15 14 13 18 23 22 21 20 19 24 5 4 3 2 1 6 11 10 9 8 7 12
18 17 16 15 14 13 24 23 22 21 20 19 6 5 4 3 2 1 12 11 10 9 8 7
19 24 23 22 21 20 1 6 5 4 3 2 7 12 11 10 9 8 13 18 17 16 15 14
20 19 24 23 22 21 2 1 6 5 4 3 8 7 12 11 10 9 14 13 18 17 16 15
21 20 19 24 23 22 3 2 1 6 5 4 9 8 7 12 11 10 15 14 13 18 17 16
22 21 20 19 24 23 4 3 2 1 6 5 10 9 8 7 12 11 16 15 14 13 18 17
23 22 21 20 19 24 5 4 3 2 1 6 11 10 9 8 7 12 17 16 15 14 13 18
24 23 22 21 20 19 6 5 4 3 2 1 12 11 10 9 8 7 18 17 16 15 14 13
