1 28 55 82 75 40 21 106 60 66 61 50 24 78 32 49 39 91 87 103 109 97 8 70 25 48 17 23 111 22 135 73 130 94 119 133 85 38 93 134 126 92 80 124 26 37 10 79 7 67 30 44 5 13 11 122 99 114 16 20 36 90 72 77 31 14 63 76 89 117 113 64 33 95 19 45 42 18 34 53 57 9 127 15 107 58 12 132 102 6 71 68 69 128 100 104 46 65 4 74 51 118 108 98 59 3 62 84 110 43 86 88 83 101 120 81 96 112 105 116 56 41 52 35 2 125 115 47 54 121 123 27 29 129 131
28 55 82 109 102 67 48 133 87 93 88 77 51 105 59 76 66 118 114 130 1 124 35 97 52 75 44 50 3 49 27 100 22 121 11 25 112 65 120 26 18 119 107 16 53 64 37 106 34 94 57 71 32 40 38 14 126 6 43 47 63 117 99 104 58 41 90 103 116 9 5 91 60 122 46 72 69 45 61 80 84 36 19 42 134 85 39 24 129 33 98 95 96 20 127 131 73 92 31 101 78 10 135 125 86 30 89 111 2 70 113 115 110 128 12 108 123 4 132 8 83 68 79 62 29 17 7 74 81 13 15 54 56 21 23
12 39 66 93 59 51 5 90 71 77 72 34 8 62 43 33 50 102 98 87 120 108 19 81 9 32 1 7 122 6 119 57 114 105 130 117 96 49 104 118 110 103 64 135 10 48 21 63 18 78 41 28 16 24 22 133 83 125 27 4 47 101 56 61 42 25 74 60 100 128 124 75 44 106 3 29 53 2 45 37 68 20 111 26 91 69 23 116 86 17 55 79 80 112 84 88 30 76 15 58 35 129 92 82 70 14 73 95 121 54 97 99 94 85 131 65 107 123 89 127 67 52 36 46 13 109 126 31 38 132 134 11 40 113 115
29 56 83 110 103 68 49 134 88 94 89 78 52 106 60 77 67 119 115 131 2 125 36 98 53 76 45 51 4 50 1 101 23 122 12 26 113 66 121 27 19 120 108 17 54 65 38 107 35 95 58 72 33 41 39 15 127 7 44 48 64 118 100 105 59 42 91 104 117 10 6 92 61 123 47 73 70 46 62 81 85 37 20 43 135 86 40 25 130 34 99 96 97 21 128 132 74 93 32 102 79 11 109 126 87 31 90 112 3 71 114 116 111 129 13 82 124 5 133 9 84 69 80 63 30 18 8 75 55 14 16 28 57 22 24
55 82 109 1 129 94 75 25 114 120 115 104 78 132 86 103 93 10 6 22 28 16 62 124 79 102 71 77 30 76 54 127 49 13 38 52 4 92 12 53 45 11 134 43 80 91 64 133 61 121 84 98 59 67 65 41 18 33 70 74 90 9 126 131 85 68 117 130 8 36 32 118 87 14 73 99 96 72 88 107 111 63 46 69 26 112 66 51 21 60 125 122 123 47 19 23 100 119 58 128 105 37 27 17 113 57 116 3 29 97 5 7 2 20 39 135 15 31 24 35 110 95 106 89 56 44 34 101 108 40 42 81 83 48 50
82 109 1 28 21 121 102 52 6 12 7 131 105 24 113 130 120 37 33 49 55 43 89 16 106 129 98 104 57 103 81 19 76 40 65 79 31 119 39 80 72 38 26 70 107 118 91 25 88 13 111 125 86 94 92 68 45 60 97 101 117 36 18 23 112 95 9 22 35 63 59 10 114 41 100 126 123 99 115 134 3 90 73 96 53 4 93 78 48 87 17 14 15 74 46 50 127 11 85 20 132 64 54 44 5 84 8 30 56 124 32 34 29 47 66 27 42 58 51 62 2 122 133 116 83 71 61 128 135 67 69 108 110 75 77
52 79 106 133 99 64 45 130 84 90 85 74 48 102 56 73 63 115 111 127 25 121 32 94 49 72 41 47 27 46 24 97 19 118 8 22 109 62 117 23 15 116 104 13 50 61 34 103 31 91 81 68 29 37 35 11 123 3 40 44 60 114 96 101 55 38 87 100 113 6 2 88 57 119 43 69 66 42 58 77 108 33 16 39 131 82 36 21 126 30 95 92 93 17 124 128 70 89 28 98 75 7 132 122 83 54 86 135 26 67 110 112 134 125 9 105 120 1 129 5 107 65 76 59 53 14 4 71 78 10 12 51 80 18 20
109 1 28 55 48 13 129 79 33 39 34 23 132 51 5 22 12 64 60 76 82 70 116 43 133 21 125 131 84 130 108 46 103 67 92 106 58 11 66 107 99 65 53 97 134 10 118 52 115 40 3 17 113 121 119 95 72 87 124 128 9 63 45 50 4 122 36 49 62 90 86 37 6 68 127 18 15 126 7 26 30 117 100 123 80 31 120 105 75 114 44 41 42 101 73 77 19 38 112 47 24 91 81 71 32 111 35 57 83 16 59 61 56 74 93 54 69 85 78 89 29 14 25 8 110 98 88 20 27 94 96 135 2 102 104
74 101 128 20 121 86 67 17 133 112 134 96 70 124 105 95 85 2 25 14 47 8 81 116 71 94 63 69 49 68 46 119 41 5 30 44 23 84 4 45 37 3 126 35 72 83 56 125 80 113 103 90 78 59 57 33 10 52 62 66 82 1 118 123 104 60 109 122 27 28 51 110 106 6 65 91 88 64 107 99 130 55 38 61 18 131 58 43 13 79 117 114 115 39 11 15 92 111 77 120 97 29 19 9 132 76 135 22 48 89 24 26 21 12 31 127 7 50 16 54 129 87 98 108 75 36 53 93 100 32 34 73 102 40 42
47 74 101 128 94 59 40 125 106 85 107 69 43 97 78 68 58 110 133 122 20 116 54 89 44 67 36 42 22 41 19 92 14 113 3 17 131 57 112 18 10 111 99 8 45 56 29 98 53 86 76 63 51 32 30 6 118 25 35 39 55 109 91 96 77 33 82 95 135 1 24 83 79 114 38 64 61 37 80 72 103 28 11 34 126 104 31 16 121 52 90 87 88 12 119 123 65 84 50 93 70 2 127 117 105 49 108 130 21 62 132 134 129 120 4 100 115 23 124 27 102 60 71 81 48 9 26 66 73 5 7 46 75 13 15
7 34 61 88 81 46 27 85 66 72 67 29 3 57 38 28 45 97 93 82 115 103 14 76 4 54 23 2 117 1 114 79 109 100 125 112 91 44 99 113 132 98 59 130 5 43 16 58 13 73 36 50 11 19 17 128 105 120 22 26 42 96 78 56 37 20 69 55 95 123 119 70 39 101 25 51 48 24 40 32 63 15 133 21 86 64 18 111 108 12 77 74 75 134 106 83 52 71 10 80 30 124 87 104 65 9 68 90 116 49 92 94 89 107 126 60 102 118 84 122 62 47 31 41 8 131 121 53 33 127 129 6 35 135 110
5 32 59 86 79 44 25 83 64 70 65 54 1 55 36 53 43 95 91 107 113 101 12 74 2 52 21 27 115 26 112 77 134 98 123 110 89 42 97 111 130 96 57 128 3 41 14 56 11 71 34 48 9 17 15 126 103 118 20 24 40 94 76 81 35 18 67 80 93 121 117 68 37 99 23 49 46 22 38 30 61 13 131 19 84 62 16 109 106 10 75 72 73 132 104 108 50 69 8 78 28 122 85 102 63 7 66 88 114 47 90 92 87 105 124 58 100 116 82 120 60 45 29 39 6 129 119 51 31 125 127 4 33 133 135
113 5 32 59 52 17 133 56 37 43 38 27 109 28 9 26 16 68 64 80 86 74 120 47 110 25 129 135 88 134 85 50 107 71 96 83 62 15 70 84 103 69 30 101 111 14 122 29 119 44 7 21 117 125 123 99 76 91 128 132 13 67 49 54 8 126 40 53 66 94 90 41 10 72 131 22 19 130 11 3 34 121 104 127 57 35 124 82 79 118 48 45 46 105 77 81 23 42 116 51 1 95 58 75 36 115 39 61 87 20 63 65 60 78 97 31 73 89 55 93 33 18 2 12 114 102 92 24 4 98 100 112 6 106 108
104 131 23 50 16 116 97 47 1 7 2 126 100 19 135 125 115 32 28 44 77 38 84 11 101 124 93 99 79 98 76 14 71 35 60 74 53 114 34 75 67 33 21 65 102 113 86 20 83 8 133 120 108 89 87 63 40 55 92 96 112 31 13 18 134 90 4 17 30 58 81 5 109 36 95 121 118 94 110 129 25 85 68 91 48 26 88 73 43 82 12 9 10 69 41 45 122 6 107 15 127 59 49 39 27 106 3 52 78 119 54 29 51 42 61 22 37 80 46 57 24 117 128 111 105 66 56 123 130 62 64 103 132 70 72
42 69 96 123 89 81 35 120 101 107 102 64 38 92 73 63 80 132 128 117 15 111 49 84 39 62 31 37 17 36 14 87 9 135 25 12 126 79 134 13 5 133 94 3 40 78 51 93 48 108 71 58 46 54 52 1 113 20 30 34 77 131 86 91 72 28 104 90 130 23 19 105 74 109 33 59 56 32 75 67 98 50 6 29 121 99 53 11 116 47 85 82 83 7 114 118 60 106 45 88 65 24 122 112 100 44 103 125 16 57 127 129 124 115 26 95 110 18 119 22 97 55 66 76 43 4 21 61 68 27 2 41 70 8 10
95 122 14 41 7 134 88 38 19 25 20 117 91 10 126 116 133 50 46 35 68 29 102 2 92 115 84 90 70 89 67 5 62 53 78 65 44 132 52 66 58 51 12 56 93 131 104 11 101 26 124 111 99 107 105 81 31 73 83 87 130 49 4 9 125 108 22 8 48 76 72 23 127 54 86 112 109 85 128 120 16 103 59 82 39 17 106 64 34 100 3 27 1 60 32 36 113 24 98 6 118 77 40 30 18 97 21 43 69 110 45 47 42 33 79 13 28 71 37 75 15 135 119 129 96 57 74 114 121 80 55 94 123 61 63
128 20 47 74 40 5 121 71 52 31 53 15 124 43 24 14 4 56 79 68 101 62 135 35 125 13 117 123 103 122 100 38 95 59 84 98 77 3 58 99 91 57 45 89 126 2 110 44 134 32 22 9 132 113 111 87 64 106 116 120 1 55 37 42 23 114 28 41 81 82 105 29 25 60 119 10 7 118 26 18 49 109 92 115 72 50 112 97 67 133 36 33 34 93 65 69 11 30 131 39 16 83 73 63 51 130 54 76 102 8 78 80 75 66 85 46 61 104 70 108 48 6 17 27 129 90 107 12 19 86 88 127 21 94 96
9 36 63 90 56 48 2 87 68 74 69 31 5 59 40 30 47 99 95 84 117 105 16 78 6 29 25 4 119 3 116 81 111 102 127 114 93 46 101 115 134 100 61 132 7 45 18 60 15 75 38 52 13 21 19 130 107 122 24 1 44 98 80 58 39 22 71 57 97 125 121 72 41 103 27 53 50 26 42 34 65 17 135 23 88 66 20 113 83 14 79 76 77 109 108 85 54 73 12 55 32 126 89 106 67 11 70 92 118 51 94 96 91 82 128 62 104 120 86 124 64 49 33 43 10 133 123 28 35 129 131 8 37 110 112
67 94 121 13 114 106 60 10 126 132 127 89 63 117 98 88 105 22 18 7 40 1 74 109 64 87 56 62 42 61 39 112 34 25 50 37 16 104 24 38 30 23 119 28 65 103 76 118 73 133 96 83 71 79 77 53 3 45 55 59 102 21 111 116 97 80 129 115 20 48 44 130 99 26 58 84 108 57 100 92 123 75 31 81 11 124 78 36 6 72 110 134 135 32 4 8 85 131 70 113 90 49 12 2 125 69 128 15 41 82 17 19 14 5 51 120 27 43 9 47 122 107 91 101 68 29 46 86 93 52 54 66 95 33 35
99 126 18 45 11 111 92 42 23 2 24 121 95 14 130 120 110 54 50 39 72 33 106 6 96 119 88 94 74 93 71 9 66 30 55 69 48 109 29 70 62 28 16 60 97 135 108 15 105 3 128 115 103 84 82 58 35 77 87 91 134 53 8 13 129 85 26 12 52 80 76 27 131 31 90 116 113 89 132 124 20 107 63 86 43 21 83 68 38 104 7 4 5 64 36 40 117 1 102 10 122 81 44 34 22 101 25 47 73 114 49 51 46 37 56 17 32 75 41 79 19 112 123 133 100 61 78 118 125 57 59 98 127 65 67
88 115 7 34 27 127 108 31 12 18 13 110 84 3 119 109 126 43 39 28 61 49 95 22 85 135 104 83 63 82 60 25 55 46 71 58 37 125 45 59 78 44 5 76 86 124 97 4 94 19 117 131 92 100 98 74 51 66 103 107 123 42 24 2 118 101 15 1 41 69 65 16 120 47 106 132 129 105 121 113 9 96 79 102 32 10 99 57 54 93 23 20 21 80 52 29 133 17 91 26 111 70 33 50 11 90 14 36 62 130 38 40 35 53 72 6 48 64 30 68 8 128 112 122 89 77 67 134 114 73 75 87 116 81 56
57 84 111 3 131 96 77 27 116 122 117 106 80 134 88 105 95 12 8 24 30 18 64 126 81 104 73 79 32 78 29 129 51 15 40 54 6 94 14 28 47 13 109 45 55 93 66 135 63 123 86 100 61 69 67 43 20 35 72 76 92 11 128 133 87 70 119 132 10 38 34 120 89 16 75 101 98 74 90 82 113 65 48 71 1 114 68 53 23 62 127 124 125 49 21 25 102 121 60 130 107 39 2 19 115 59 118 5 31 99 7 9 4 22 41 110 17 33 26 37 112 97 108 91 58 46 36 103 83 42 44 56 85 50 52
70 97 124 16 117 82 63 13 129 135 130 92 66 120 101 91 108 25 21 10 43 4 77 112 67 90 59 65 45 64 42 115 37 1 53 40 19 107 27 41 33 26 122 31 68 106 79 121 76 109 99 86 74 55 80 29 6 48 58 62 105 24 114 119 100 56 132 118 23 51 47 133 102 2 61 87 84 60 103 95 126 78 34 57 14 127 81 39 9 75 113 110 111 35 7 11 88 134 73 116 93 52 15 5 128 72 131 18 44 85 20 22 17 8 54 123 3 46 12 50 125 83 94 104 71 32 49 89 96 28 30 69 98 36 38
133 25 52 79 45 10 126 76 30 36 31 20 129 48 2 19 9 61 57 73 106 67 113 40 130 18 122 128 108 127 105 43 100 64 89 103 55 8 63 104 96 62 50 94 131 7 115 49 112 37 27 14 110 118 116 92 69 84 121 125 6 60 42 47 1 119 33 46 59 87 83 34 3 65 124 15 12 123 4 23 54 114 97 120 77 28 117 102 72 111 41 38 39 98 70 74 16 35 109 44 21 88 78 68 29 135 32 81 107 13 56 58 80 71 90 51 66 82 75 86 53 11 22 5 134 95 85 17 24 91 93 132 26 99 101
134 26 53 80 46 11 127 77 31 37 32 21 130 49 3 20 10 62 58 74 107 68 114 41 131 19 123 129 82 128 106 44 101 65 90 104 56 9 64 105 97 63 51 95 132 8 116 50 113 38 1 15 111 119 117 93 70 85 122 126 7 61 43 48 2 120 34 47 60 88 84 35 4 66 125 16 13 124 5 24 28 115 98 121 78 29 118 103 73 112 42 39 40 99 71 75 17 36 110 45 22 89 79 69 30 109 33 55 108 14 57 59 81 72 91 52 67 83 76 87 54 12 23 6 135 96 86 18 25 92 94 133 27 100 102
65 92 119 11 112 104 58 8 124 130 125 87 61 115 96 86 103 20 16 5 38 26 72 134 62 85 81 60 40 59 37 110 32 23 48 35 14 102 22 36 28 21 117 53 63 101 74 116 71 131 94 108 69 77 75 51 1 43 80 57 100 19 109 114 95 78 127 113 18 46 42 128 97 24 56 82 106 55 98 90 121 73 29 79 9 122 76 34 4 70 135 132 133 30 2 6 83 129 68 111 88 47 10 27 123 67 126 13 39 107 15 17 12 3 49 118 25 41 7 45 120 105 89 99 66 54 44 84 91 50 52 64 93 31 33
131 23 50 77 43 8 124 74 28 34 29 18 127 46 27 17 7 59 55 71 104 65 111 38 128 16 120 126 106 125 103 41 98 62 87 101 80 6 61 102 94 60 48 92 129 5 113 47 110 35 25 12 135 116 114 90 67 82 119 123 4 58 40 45 26 117 31 44 57 85 108 32 1 63 122 13 10 121 2 21 52 112 95 118 75 53 115 100 70 109 39 36 37 96 68 72 14 33 134 42 19 86 76 66 54 133 30 79 105 11 81 56 78 69 88 49 64 107 73 84 51 9 20 3 132 93 83 15 22 89 91 130 24 97 99
63 90 117 9 110 102 56 6 122 128 123 85 59 113 94 84 101 18 14 3 36 24 70 132 60 83 79 58 38 57 35 135 30 21 46 33 12 100 20 34 53 19 115 51 61 99 72 114 69 129 92 106 67 75 73 49 26 41 78 55 98 17 134 112 93 76 125 111 16 44 40 126 95 22 81 107 104 80 96 88 119 71 54 77 7 120 74 32 2 68 133 130 131 28 27 4 108 127 66 109 86 45 8 25 121 65 124 11 37 105 13 15 10 1 47 116 23 39 5 43 118 103 87 97 64 52 42 82 89 48 50 62 91 29 31
26 53 80 107 73 38 19 104 58 64 59 48 22 76 30 47 37 89 85 101 134 95 6 68 23 46 15 21 109 20 133 71 128 92 117 131 83 36 91 132 124 90 78 122 24 35 8 77 5 65 28 42 3 11 9 120 97 112 14 18 34 88 70 75 29 12 61 74 87 115 111 62 31 93 17 43 40 16 32 51 55 7 125 13 105 56 10 130 100 4 69 66 67 126 98 102 44 63 2 72 49 116 106 96 57 1 60 82 135 41 84 86 108 99 118 79 94 110 103 114 81 39 50 33 27 123 113 45 52 119 121 25 54 127 129
84 111 3 30 23 123 104 54 8 14 9 133 107 26 115 132 122 39 35 51 57 45 91 18 108 131 100 106 59 105 56 21 78 42 67 81 33 121 41 55 74 40 1 72 82 120 93 27 90 15 113 127 88 96 94 70 47 62 99 103 119 38 20 25 114 97 11 24 37 65 61 12 116 43 102 128 125 101 117 109 5 92 75 98 28 6 95 80 50 89 19 16 17 76 48 52 129 13 87 22 134 66 29 46 7 86 10 32 58 126 34 36 31 49 68 2 44 60 53 64 4 124 135 118 85 73 63 130 110 69 71 83 112 77 79
83 110 2 29 22 122 103 53 7 13 8 132 106 25 114 131 121 38 34 50 56 44 90 17 107 130 99 105 58 104 55 20 77 41 66 80 32 120 40 81 73 39 27 71 108 119 92 26 89 14 112 126 87 95 93 69 46 61 98 102 118 37 19 24 113 96 10 23 36 64 60 11 115 42 101 127 124 100 116 135 4 91 74 97 54 5 94 79 49 88 18 15 16 75 47 51 128 12 86 21 133 65 28 45 6 85 9 31 57 125 33 35 30 48 67 1 43 59 52 63 3 123 134 117 84 72 62 129 109 68 70 82 111 76 78
118 10 37 64 30 22 111 61 42 48 43 5 114 33 14 4 21 73 69 58 91 79 125 52 115 3 134 113 93 112 90 28 85 76 101 88 67 20 75 89 108 74 35 106 116 19 127 34 124 49 12 26 122 130 128 104 81 96 133 110 18 72 54 32 13 131 45 31 71 99 95 46 15 77 109 27 24 135 16 8 39 126 82 132 62 40 129 87 57 123 53 50 51 83 55 59 1 47 121 29 6 100 63 80 41 120 44 66 92 25 68 70 65 56 102 36 78 94 60 98 38 23 7 17 119 107 97 2 9 103 105 117 11 84 86
30 57 84 111 104 69 50 135 89 95 90 79 53 107 61 78 68 120 116 132 3 126 37 99 54 77 46 52 5 51 2 102 24 123 13 27 114 67 122 1 20 121 82 18 28 66 39 108 36 96 59 73 34 42 40 16 128 8 45 49 65 119 101 106 60 43 92 105 118 11 7 93 62 124 48 74 71 47 63 55 86 38 21 44 109 87 41 26 131 35 100 97 98 22 129 133 75 94 33 103 80 12 110 127 88 32 91 113 4 72 115 117 112 130 14 83 125 6 134 10 85 70 81 64 31 19 9 76 56 15 17 29 58 23 25
121 13 40 67 33 25 114 64 45 51 46 8 117 36 17 7 24 76 72 61 94 55 128 28 118 6 110 116 96 115 93 31 88 79 104 91 70 23 78 92 84 77 38 82 119 22 130 37 127 52 15 2 125 133 131 107 57 99 109 113 21 75 30 35 16 134 48 34 74 102 98 49 18 80 112 3 27 111 19 11 42 129 85 135 65 43 132 90 60 126 29 53 54 86 58 62 4 50 124 32 9 103 66 56 44 123 47 69 95 1 71 73 68 59 105 39 81 97 63 101 41 26 10 20 122 83 100 5 12 106 108 120 14 87 89
56 83 110 2 130 95 76 26 115 121 116 105 79 133 87 104 94 11 7 23 29 17 63 125 80 103 72 78 31 77 28 128 50 14 39 53 5 93 13 54 46 12 135 44 81 92 65 134 62 122 85 99 60 68 66 42 19 34 71 75 91 10 127 132 86 69 118 131 9 37 33 119 88 15 74 100 97 73 89 108 112 64 47 70 27 113 67 52 22 61 126 123 124 48 20 24 101 120 59 129 106 38 1 18 114 58 117 4 30 98 6 8 3 21 40 109 16 32 25 36 111 96 107 90 57 45 35 102 82 41 43 55 84 49 51
100 127 19 46 12 112 93 43 24 3 25 122 96 15 131 121 111 28 51 40 73 34 107 7 97 120 89 95 75 94 72 10 67 31 56 70 49 110 30 71 63 29 17 61 98 109 82 16 106 4 129 116 104 85 83 59 36 78 88 92 135 54 9 14 130 86 27 13 53 81 77 1 132 32 91 117 114 90 133 125 21 108 64 87 44 22 84 69 39 105 8 5 6 65 37 41 118 2 103 11 123 55 45 35 23 102 26 48 74 115 50 52 47 38 57 18 33 76 42 80 20 113 124 134 101 62 79 119 126 58 60 99 128 66 68
49 76 103 130 96 61 42 127 108 87 82 71 45 99 80 70 60 112 135 124 22 118 29 91 46 69 38 44 24 43 21 94 16 115 5 19 133 59 114 20 12 113 101 10 47 58 31 100 28 88 78 65 53 34 32 8 120 27 37 41 57 111 93 98 79 35 84 97 110 3 26 85 81 116 40 66 63 39 55 74 105 30 13 36 128 106 33 18 123 54 92 89 90 14 121 125 67 86 52 95 72 4 129 119 107 51 83 132 23 64 134 109 131 122 6 102 117 25 126 2 104 62 73 56 50 11 1 68 75 7 9 48 77 15 17
103 130 22 49 15 115 96 46 27 6 1 125 99 18 134 124 114 31 54 43 76 37 83 10 100 123 92 98 78 97 75 13 70 34 59 73 52 113 33 74 66 32 20 64 101 112 85 19 82 7 132 119 107 88 86 62 39 81 91 95 111 30 12 17 133 89 3 16 29 57 80 4 135 35 94 120 117 93 109 128 24 84 67 90 47 25 87 72 42 108 11 8 9 68 40 44 121 5 106 14 126 58 48 38 26 105 2 51 77 118 53 28 50 41 60 21 36 79 45 56 23 116 127 110 104 65 55 122 129 61 63 102 131 69 71
110 2 29 56 49 14 130 80 34 40 35 24 133 52 6 23 13 65 61 77 83 71 117 44 134 22 126 132 85 131 82 47 104 68 93 107 59 12 67 108 100 66 54 98 135 11 119 53 116 41 4 18 114 122 120 96 73 88 125 129 10 64 46 51 5 123 37 50 63 91 87 38 7 69 128 19 16 127 8 27 31 118 101 124 81 32 121 106 76 115 45 42 43 102 74 78 20 39 113 48 25 92 55 72 33 112 36 58 84 17 60 62 57 75 94 28 70 86 79 90 30 15 26 9 111 99 89 21 1 95 97 109 3 103 105
23 50 77 104 70 35 16 101 55 61 56 45 19 73 54 44 34 86 82 98 131 92 3 65 20 43 12 18 133 17 130 68 125 89 114 128 107 33 88 129 121 87 75 119 21 32 5 74 2 62 52 39 27 8 6 117 94 109 11 15 31 85 67 72 53 9 58 71 84 112 135 59 28 90 14 40 37 13 29 48 79 4 122 10 102 80 7 127 97 1 66 63 64 123 95 99 41 60 26 69 46 113 103 93 81 25 57 106 132 38 108 83 105 96 115 76 91 134 100 111 78 36 47 30 24 120 110 42 49 116 118 22 51 124 126
37 64 91 118 84 76 30 115 96 102 97 59 33 87 68 58 75 127 123 112 10 133 44 106 34 57 53 32 12 31 9 82 4 130 20 7 121 74 129 8 27 128 89 25 35 73 46 88 43 103 66 80 41 49 47 23 135 15 52 29 72 126 108 86 67 50 99 85 125 18 14 100 69 131 28 81 78 54 70 62 93 45 1 51 116 94 48 6 111 42 107 104 105 2 109 113 55 101 40 83 60 19 117 134 95 39 98 120 11 79 122 124 119 110 21 90 132 13 114 17 92 77 61 71 38 26 16 56 63 22 24 36 65 3 5
34 61 88 115 108 73 54 112 93 99 94 56 30 84 65 55 72 124 120 109 7 130 41 103 31 81 50 29 9 28 6 106 1 127 17 4 118 71 126 5 24 125 86 22 32 70 43 85 40 100 63 77 38 46 44 20 132 12 49 53 69 123 105 83 64 47 96 82 122 15 11 97 66 128 52 78 75 51 67 59 90 42 25 48 113 91 45 3 135 39 104 101 102 26 133 110 79 98 37 107 57 16 114 131 92 36 95 117 8 76 119 121 116 134 18 87 129 10 111 14 89 74 58 68 35 23 13 80 60 19 21 33 62 27 2
114 6 33 60 53 18 134 57 38 44 39 1 110 29 10 27 17 69 65 81 87 75 121 48 111 26 130 109 89 135 86 51 108 72 97 84 63 16 71 85 104 70 31 102 112 15 123 30 120 45 8 22 118 126 124 100 77 92 129 133 14 68 50 28 9 127 41 54 67 95 91 42 11 73 132 23 20 131 12 4 35 122 105 128 58 36 125 83 80 119 49 46 47 106 78 55 24 43 117 52 2 96 59 76 37 116 40 62 88 21 64 66 61 79 98 32 74 90 56 94 34 19 3 13 115 103 93 25 5 99 101 113 7 107 82
106 133 25 52 18 118 99 49 3 9 4 128 102 21 110 127 117 34 30 46 79 40 86 13 103 126 95 101 81 100 78 16 73 37 62 76 28 116 36 77 69 35 23 67 104 115 88 22 85 10 135 122 83 91 89 65 42 57 94 98 114 33 15 20 109 92 6 19 32 60 56 7 111 38 97 123 120 96 112 131 27 87 70 93 50 1 90 75 45 84 14 11 12 71 43 47 124 8 82 17 129 61 51 41 2 108 5 54 80 121 29 31 53 44 63 24 39 55 48 59 26 119 130 113 107 68 58 125 132 64 66 105 134 72 74
41 68 95 122 88 80 34 119 100 106 101 63 37 91 72 62 79 131 127 116 14 110 48 83 38 61 30 36 16 35 13 86 8 134 24 11 125 78 133 12 4 132 93 2 39 77 50 92 47 107 70 57 45 53 51 27 112 19 29 33 76 130 85 90 71 54 103 89 129 22 18 104 73 135 32 58 55 31 74 66 97 49 5 28 120 98 52 10 115 46 84 108 82 6 113 117 59 105 44 87 64 23 121 111 99 43 102 124 15 56 126 128 123 114 25 94 109 17 118 21 96 81 65 75 42 3 20 60 67 26 1 40 69 7 9
38 65 92 119 85 77 31 116 97 103 98 60 34 88 69 59 76 128 124 113 11 134 45 107 35 58 54 33 13 32 10 83 5 131 21 8 122 75 130 9 1 129 90 26 36 74 47 89 44 104 67 81 42 50 48 24 109 16 53 30 73 127 82 87 68 51 100 86 126 19 15 101 70 132 29 55 79 28 71 63 94 46 2 52 117 95 49 7 112 43 108 105 106 3 110 114 56 102 41 84 61 20 118 135 96 40 99 121 12 80 123 125 120 111 22 91 133 14 115 18 93 78 62 72 39 27 17 57 64 23 25 37 66 4 6
71 98 125 17 118 83 64 14 130 109 131 93 67 121 102 92 82 26 22 11 44 5 78 113 68 91 60 66 46 65 43 116 38 2 54 41 20 108 1 42 34 27 123 32 69 107 80 122 77 110 100 87 75 56 81 30 7 49 59 63 106 25 115 120 101 57 133 119 24 52 48 134 103 3 62 88 85 61 104 96 127 79 35 58 15 128 55 40 10 76 114 111 112 36 8 12 89 135 74 117 94 53 16 6 129 73 132 19 45 86 21 23 18 9 28 124 4 47 13 51 126 84 95 105 72 33 50 90 97 29 31 70 99 37 39
108 135 27 54 20 120 101 51 5 11 6 130 104 23 112 129 119 36 32 48 81 42 88 15 105 128 97 103 56 102 80 18 75 39 64 78 30 118 38 79 71 37 25 69 106 117 90 24 87 12 110 124 85 93 91 67 44 59 96 100 116 35 17 22 111 94 8 21 34 62 58 9 113 40 99 125 122 98 114 133 2 89 72 95 52 3 92 77 47 86 16 13 14 73 45 49 126 10 84 19 131 63 53 43 4 83 7 29 55 123 31 33 28 46 65 26 41 57 50 61 1 121 132 115 82 70 60 127 134 66 68 107 109 74 76
11 38 65 92 58 50 4 89 70 76 71 33 7 61 42 32 49 101 97 86 119 107 18 80 8 31 27 6 121 5 118 56 113 104 129 116 95 48 103 117 109 102 63 134 9 47 20 62 17 77 40 54 15 23 21 132 82 124 26 3 46 100 55 60 41 24 73 59 99 127 123 74 43 105 2 28 52 1 44 36 67 19 110 25 90 68 22 115 85 16 81 78 79 111 83 87 29 75 14 57 34 128 91 108 69 13 72 94 120 53 96 98 93 84 130 64 106 122 88 126 66 51 35 45 12 135 125 30 37 131 133 10 39 112 114
79 106 133 25 126 91 72 22 111 117 112 101 75 129 83 100 90 7 3 19 52 13 59 121 76 99 68 74 54 73 51 124 46 10 35 49 1 89 9 50 42 8 131 40 77 88 61 130 58 118 108 95 56 64 62 38 15 30 67 71 87 6 123 128 82 65 114 127 5 33 29 115 84 11 70 96 93 69 85 104 135 60 43 66 23 109 63 48 18 57 122 119 120 44 16 20 97 116 55 125 102 34 24 14 110 81 113 27 53 94 2 4 26 17 36 132 12 28 21 32 134 92 103 86 80 41 31 98 105 37 39 78 107 45 47
130 22 49 76 42 7 123 73 54 33 28 17 126 45 26 16 6 58 81 70 103 64 110 37 127 15 119 125 105 124 102 40 97 61 86 100 79 5 60 101 93 59 47 91 128 4 112 46 109 34 24 11 134 115 113 89 66 108 118 122 3 57 39 44 25 116 30 43 56 84 107 31 27 62 121 12 9 120 1 20 51 111 94 117 74 52 114 99 69 135 38 35 36 95 67 71 13 32 133 41 18 85 75 65 53 132 29 78 104 10 80 55 77 68 87 48 63 106 72 83 50 8 19 2 131 92 82 14 21 88 90 129 23 96 98
91 118 10 37 3 130 84 34 15 21 16 113 87 6 122 112 129 46 42 31 64 52 98 25 88 111 107 86 66 85 63 1 58 49 74 61 40 128 48 62 81 47 8 79 89 127 100 7 97 22 120 134 95 103 101 77 54 69 106 83 126 45 27 5 121 104 18 4 44 72 68 19 123 50 82 135 132 108 124 116 12 99 55 105 35 13 102 60 30 96 26 23 24 56 28 32 109 20 94 2 114 73 36 53 14 93 17 39 65 133 41 43 38 29 75 9 51 67 33 71 11 131 115 125 92 80 70 110 117 76 78 90 119 57 59
89 116 8 35 1 128 82 32 13 19 14 111 85 4 120 110 127 44 40 29 62 50 96 23 86 109 105 84 64 83 61 26 56 47 72 59 38 126 46 60 79 45 6 77 87 125 98 5 95 20 118 132 93 101 99 75 52 67 104 108 124 43 25 3 119 102 16 2 42 70 66 17 121 48 107 133 130 106 122 114 10 97 80 103 33 11 100 58 28 94 24 21 22 81 53 30 134 18 92 27 112 71 34 51 12 91 15 37 63 131 39 41 36 54 73 7 49 65 31 69 9 129 113 123 90 78 68 135 115 74 76 88 117 55 57
123 15 42 69 35 27 116 66 47 53 48 10 119 38 19 9 26 78 74 63 96 57 130 30 120 8 112 118 98 117 95 33 90 81 106 93 72 25 80 94 86 79 40 84 121 24 132 39 129 54 17 4 127 135 133 82 59 101 111 115 23 77 32 37 18 109 50 36 76 104 100 51 20 55 114 5 2 113 21 13 44 131 87 110 67 45 134 92 62 128 31 28 29 88 60 64 6 52 126 34 11 105 68 58 46 125 49 71 97 3 73 75 70 61 107 41 56 99 65 103 43 1 12 22 124 85 102 7 14 108 83 122 16 89 91
68 95 122 14 115 107 61 11 127 133 128 90 64 118 99 89 106 23 19 8 41 2 75 110 65 88 57 63 43 62 40 113 35 26 51 38 17 105 25 39 31 24 120 29 66 104 77 119 74 134 97 84 72 80 78 54 4 46 56 60 103 22 112 117 98 81 130 116 21 49 45 131 100 27 59 85 82 58 101 93 124 76 32 55 12 125 79 37 7 73 111 135 109 33 5 9 86 132 71 114 91 50 13 3 126 70 129 16 42 83 18 20 15 6 52 121 1 44 10 48 123 108 92 102 69 30 47 87 94 53 28 67 96 34 36
115 7 34 61 54 19 135 58 39 45 40 2 111 30 11 1 18 70 66 55 88 76 122 49 112 27 131 110 90 109 87 52 82 73 98 85 64 17 72 86 105 71 32 103 113 16 124 31 121 46 9 23 119 127 125 101 78 93 130 134 15 69 51 29 10 128 42 28 68 96 92 43 12 74 133 24 21 132 13 5 36 123 106 129 59 37 126 84 81 120 50 47 48 107 79 56 25 44 118 53 3 97 60 77 38 117 41 63 89 22 65 67 62 80 99 33 75 91 57 95 35 20 4 14 116 104 94 26 6 100 102 114 8 108 83
64 91 118 10 111 103 57 7 123 129 124 86 60 114 95 85 102 19 15 4 37 25 71 133 61 84 80 59 39 58 36 109 31 22 47 34 13 101 21 35 54 20 116 52 62 100 73 115 70 130 93 107 68 76 74 50 27 42 79 56 99 18 135 113 94 77 126 112 17 45 41 127 96 23 55 108 105 81 97 89 120 72 28 78 8 121 75 33 3 69 134 131 132 29 1 5 82 128 67 110 87 46 9 26 122 66 125 12 38 106 14 16 11 2 48 117 24 40 6 44 119 104 88 98 65 53 43 83 90 49 51 63 92 30 32
120 12 39 66 32 24 113 63 44 50 45 7 116 35 16 6 23 75 71 60 93 81 127 54 117 5 109 115 95 114 92 30 87 78 103 90 69 22 77 91 83 76 37 108 118 21 129 36 126 51 14 1 124 132 130 106 56 98 135 112 20 74 29 34 15 133 47 33 73 101 97 48 17 79 111 2 26 110 18 10 41 128 84 134 64 42 131 89 59 125 28 52 53 85 57 61 3 49 123 31 8 102 65 55 43 122 46 68 94 27 70 72 67 58 104 38 80 96 62 100 40 25 9 19 121 82 99 4 11 105 107 119 13 86 88
87 114 6 33 26 126 107 30 11 17 12 109 83 2 118 135 125 42 38 54 60 48 94 21 84 134 103 82 62 108 59 24 81 45 70 57 36 124 44 58 77 43 4 75 85 123 96 3 93 18 116 130 91 99 97 73 50 65 102 106 122 41 23 1 117 100 14 27 40 68 64 15 119 46 105 131 128 104 120 112 8 95 78 101 31 9 98 56 53 92 22 19 20 79 51 28 132 16 90 25 110 69 32 49 10 89 13 35 61 129 37 39 34 52 71 5 47 63 29 67 7 127 111 121 88 76 66 133 113 72 74 86 115 80 55
16 43 70 97 63 28 9 94 75 81 76 38 12 66 47 37 54 106 102 91 124 85 23 58 13 36 5 11 126 10 123 61 118 82 134 121 100 53 108 122 114 107 68 112 14 52 25 67 22 55 45 32 20 1 26 110 87 129 4 8 51 105 60 65 46 2 78 64 104 132 128 79 48 83 7 33 30 6 49 41 72 24 115 3 95 73 27 120 90 21 59 56 57 116 88 92 34 80 19 62 39 133 96 86 74 18 77 99 125 31 101 103 98 89 135 69 84 127 93 131 71 29 40 50 17 113 130 35 42 109 111 15 44 117 119
80 107 134 26 127 92 73 23 112 118 113 102 76 130 84 101 91 8 4 20 53 14 60 122 77 100 69 75 28 74 52 125 47 11 36 50 2 90 10 51 43 9 132 41 78 89 62 131 59 119 82 96 57 65 63 39 16 31 68 72 88 7 124 129 83 66 115 128 6 34 30 116 85 12 71 97 94 70 86 105 109 61 44 67 24 110 64 49 19 58 123 120 121 45 17 21 98 117 56 126 103 35 25 15 111 55 114 1 54 95 3 5 27 18 37 133 13 29 22 33 135 93 104 87 81 42 32 99 106 38 40 79 108 46 48
86 113 5 32 25 125 106 29 10 16 11 135 82 1 117 134 124 41 37 53 59 47 93 20 83 133 102 108 61 107 58 23 80 44 69 56 35 123 43 57 76 42 3 74 84 122 95 2 92 17 115 129 90 98 96 72 49 64 101 105 121 40 22 27 116 99 13 26 39 67 63 14 118 45 104 130 127 103 119 111 7 94 77 100 30 8 97 55 52 91 21 18 19 78 50 54 131 15 89 24 109 68 31 48 9 88 12 34 60 128 36 38 33 51 70 4 46 62 28 66 6 126 110 120 87 75 65 132 112 71 73 85 114 79 81
75 102 129 21 122 87 68 18 134 113 135 97 71 125 106 96 86 3 26 15 48 9 55 117 72 95 64 70 50 69 47 120 42 6 31 45 24 85 5 46 38 4 127 36 73 84 57 126 81 114 104 91 79 60 58 34 11 53 63 67 83 2 119 124 105 61 110 123 1 29 52 111 107 7 66 92 89 65 108 100 131 56 39 62 19 132 59 44 14 80 118 115 116 40 12 16 93 112 78 121 98 30 20 10 133 77 109 23 49 90 25 27 22 13 32 128 8 51 17 28 130 88 99 82 76 37 54 94 101 33 35 74 103 41 43
69 96 123 15 116 108 62 12 128 134 129 91 65 119 100 90 107 24 20 9 42 3 76 111 66 89 58 64 44 63 41 114 36 27 52 39 18 106 26 40 32 25 121 30 67 105 78 120 75 135 98 85 73 81 79 28 5 47 57 61 104 23 113 118 99 55 131 117 22 50 46 132 101 1 60 86 83 59 102 94 125 77 33 56 13 126 80 38 8 74 112 109 110 34 6 10 87 133 72 115 92 51 14 4 127 71 130 17 43 84 19 21 16 7 53 122 2 45 11 49 124 82 93 103 70 31 48 88 95 54 29 68 97 35 37
126 18 45 72 38 3 119 69 50 29 51 13 122 41 22 12 2 81 77 66 99 60 133 33 123 11 115 121 101 120 98 36 93 57 82 96 75 1 56 97 89 55 43 87 124 27 135 42 132 30 20 7 130 111 109 85 62 104 114 118 26 80 35 40 21 112 53 39 79 107 103 54 23 58 117 8 5 116 24 16 47 134 90 113 70 48 110 95 65 131 34 31 32 91 63 67 9 28 129 37 14 108 71 61 49 128 52 74 100 6 76 78 73 64 83 44 59 102 68 106 46 4 15 25 127 88 105 10 17 84 86 125 19 92 94
22 49 76 103 69 34 15 100 81 60 55 44 18 72 53 43 33 85 108 97 130 91 2 64 19 42 11 17 132 16 129 67 124 88 113 127 106 32 87 128 120 86 74 118 20 31 4 73 1 61 51 38 26 7 5 116 93 135 10 14 30 84 66 71 52 8 57 70 83 111 134 58 54 89 13 39 36 12 28 47 78 3 121 9 101 79 6 126 96 27 65 62 63 122 94 98 40 59 25 68 45 112 102 92 80 24 56 105 131 37 107 82 104 95 114 75 90 133 99 110 77 35 46 29 23 119 109 41 48 115 117 21 50 123 125
132 24 51 78 44 9 125 75 29 35 30 19 128 47 1 18 8 60 56 72 105 66 112 39 129 17 121 127 107 126 104 42 99 63 88 102 81 7 62 103 95 61 49 93 130 6 114 48 111 36 26 13 109 117 115 91 68 83 120 124 5 59 41 46 27 118 32 45 58 86 82 33 2 64 123 14 11 122 3 22 53 113 96 119 76 54 116 101 71 110 40 37 38 97 69 73 15 34 135 43 20 87 77 67 28 134 31 80 106 12 55 57 79 70 89 50 65 108 74 85 52 10 21 4 133 94 84 16 23 90 92 131 25 98 100
35 62 89 116 82 74 28 113 94 100 95 57 31 85 66 56 73 125 121 110 8 131 42 104 32 55 51 30 10 29 7 107 2 128 18 5 119 72 127 6 25 126 87 23 33 71 44 86 41 101 64 78 39 47 45 21 133 13 50 54 70 124 106 84 65 48 97 83 123 16 12 98 67 129 53 79 76 52 68 60 91 43 26 49 114 92 46 4 109 40 105 102 103 27 134 111 80 99 38 108 58 17 115 132 93 37 96 118 9 77 120 122 117 135 19 88 130 11 112 15 90 75 59 69 36 24 14 81 61 20 22 34 63 1 3
107 134 26 53 19 119 100 50 4 10 5 129 103 22 111 128 118 35 31 47 80 41 87 14 104 127 96 102 55 101 79 17 74 38 63 77 29 117 37 78 70 36 24 68 105 116 89 23 86 11 109 123 84 92 90 66 43 58 95 99 115 34 16 21 110 93 7 20 33 61 57 8 112 39 98 124 121 97 113 132 1 88 71 94 51 2 91 76 46 85 15 12 13 72 44 48 125 9 83 18 130 62 52 42 3 82 6 28 81 122 30 32 54 45 64 25 40 56 49 60 27 120 131 114 108 69 59 126 133 65 67 106 135 73 75
54 81 108 135 101 66 47 132 86 92 87 76 50 104 58 75 65 117 113 129 27 123 34 96 51 74 43 49 2 48 26 99 21 120 10 24 111 64 119 25 17 118 106 15 52 63 36 105 33 93 56 70 31 39 37 13 125 5 42 46 62 116 98 103 57 40 89 102 115 8 4 90 59 121 45 71 68 44 60 79 83 35 18 41 133 84 38 23 128 32 97 94 95 19 126 130 72 91 30 100 77 9 134 124 85 29 88 110 1 69 112 114 109 127 11 107 122 3 131 7 82 67 78 61 28 16 6 73 80 12 14 53 55 20 22
10 37 64 91 57 49 3 88 69 75 70 32 6 60 41 31 48 100 96 85 118 106 17 79 7 30 26 5 120 4 117 55 112 103 128 115 94 47 102 116 135 101 62 133 8 46 19 61 16 76 39 53 14 22 20 131 108 123 25 2 45 99 81 59 40 23 72 58 98 126 122 73 42 104 1 54 51 27 43 35 66 18 109 24 89 67 21 114 84 15 80 77 78 110 82 86 28 74 13 56 33 127 90 107 68 12 71 93 119 52 95 97 92 83 129 63 105 121 87 125 65 50 34 44 11 134 124 29 36 130 132 9 38 111 113
97 124 16 43 9 109 90 40 21 27 22 119 93 12 128 118 135 52 48 37 70 31 104 4 94 117 86 92 72 91 69 7 64 28 80 67 46 134 54 68 60 53 14 58 95 133 106 13 103 1 126 113 101 82 107 56 33 75 85 89 132 51 6 11 127 83 24 10 50 78 74 25 129 29 88 114 111 87 130 122 18 105 61 84 41 19 108 66 36 102 5 2 3 62 34 38 115 26 100 8 120 79 42 32 20 99 23 45 71 112 47 49 44 35 81 15 30 73 39 77 17 110 121 131 98 59 76 116 123 55 57 96 125 63 65
129 21 48 75 41 6 122 72 53 32 54 16 125 44 25 15 5 57 80 69 102 63 109 36 126 14 118 124 104 123 101 39 96 60 85 99 78 4 59 100 92 58 46 90 127 3 111 45 135 33 23 10 133 114 112 88 65 107 117 121 2 56 38 43 24 115 29 42 55 83 106 30 26 61 120 11 8 119 27 19 50 110 93 116 73 51 113 98 68 134 37 34 35 94 66 70 12 31 132 40 17 84 74 64 52 131 28 77 103 9 79 81 76 67 86 47 62 105 71 82 49 7 18 1 130 91 108 13 20 87 89 128 22 95 97
2 29 56 83 76 41 22 107 61 67 62 51 25 79 33 50 40 92 88 104 110 98 9 71 26 49 18 24 112 23 109 74 131 95 120 134 86 39 94 135 127 93 81 125 27 38 11 80 8 68 31 45 6 14 12 123 100 115 17 21 37 91 73 78 32 15 64 77 90 118 114 65 34 96 20 46 43 19 35 54 58 10 128 16 108 59 13 133 103 7 72 69 70 129 101 105 47 66 5 75 52 119 82 99 60 4 63 85 111 44 87 89 84 102 121 55 97 113 106 117 57 42 53 36 3 126 116 48 28 122 124 1 30 130 132
93 120 12 39 5 132 86 36 17 23 18 115 89 8 124 114 131 48 44 33 66 54 100 27 90 113 82 88 68 87 65 3 60 51 76 63 42 130 50 64 56 49 10 81 91 129 102 9 99 24 122 109 97 105 103 79 29 71 108 85 128 47 2 7 123 106 20 6 46 74 70 21 125 52 84 110 134 83 126 118 14 101 57 107 37 15 104 62 32 98 1 25 26 58 30 34 111 22 96 4 116 75 38 28 16 95 19 41 67 135 43 45 40 31 77 11 53 69 35 73 13 133 117 127 94 55 72 112 119 78 80 92 121 59 61
39 66 93 120 86 78 32 117 98 104 99 61 35 89 70 60 77 129 125 114 12 135 46 108 36 59 28 34 14 33 11 84 6 132 22 9 123 76 131 10 2 130 91 27 37 75 48 90 45 105 68 55 43 51 49 25 110 17 54 31 74 128 83 88 69 52 101 87 127 20 16 102 71 133 30 56 80 29 72 64 95 47 3 53 118 96 50 8 113 44 82 106 107 4 111 115 57 103 42 85 62 21 119 109 97 41 100 122 13 81 124 126 121 112 23 92 134 15 116 19 94 79 63 73 40 1 18 58 65 24 26 38 67 5 7
111 3 30 57 50 15 131 81 35 41 36 25 134 53 7 24 14 66 62 78 84 72 118 45 135 23 127 133 86 132 83 48 105 69 94 108 60 13 68 82 101 67 28 99 109 12 120 54 117 42 5 19 115 123 121 97 74 89 126 130 11 65 47 52 6 124 38 51 64 92 88 39 8 70 129 20 17 128 9 1 32 119 102 125 55 33 122 107 77 116 46 43 44 103 75 79 21 40 114 49 26 93 56 73 34 113 37 59 85 18 61 63 58 76 95 29 71 87 80 91 31 16 27 10 112 100 90 22 2 96 98 110 4 104 106
58 85 112 4 132 97 78 1 117 123 118 107 81 135 89 106 96 13 9 25 31 19 65 127 55 105 74 80 33 79 30 130 52 16 41 28 7 95 15 29 48 14 110 46 56 94 67 109 64 124 87 101 62 70 68 44 21 36 73 77 93 12 129 134 88 71 120 133 11 39 35 121 90 17 76 102 99 75 91 83 114 66 49 72 2 115 69 54 24 63 128 125 126 50 22 26 103 122 61 131 108 40 3 20 116 60 119 6 32 100 8 10 5 23 42 111 18 34 27 38 113 98 82 92 59 47 37 104 84 43 45 57 86 51 53
94 121 13 40 6 133 87 37 18 24 19 116 90 9 125 115 132 49 45 34 67 28 101 1 91 114 83 89 69 88 66 4 61 52 77 64 43 131 51 65 57 50 11 55 92 130 103 10 100 25 123 110 98 106 104 80 30 72 82 86 129 48 3 8 124 107 21 7 47 75 71 22 126 53 85 111 135 84 127 119 15 102 58 108 38 16 105 63 33 99 2 26 27 59 31 35 112 23 97 5 117 76 39 29 17 96 20 42 68 109 44 46 41 32 78 12 54 70 36 74 14 134 118 128 95 56 73 113 120 79 81 93 122 60 62
81 108 135 27 128 93 74 24 113 119 114 103 77 131 85 102 92 9 5 21 54 15 61 123 78 101 70 76 29 75 53 126 48 12 37 51 3 91 11 52 44 10 133 42 79 90 63 132 60 120 83 97 58 66 64 40 17 32 69 73 89 8 125 130 84 67 116 129 7 35 31 117 86 13 72 98 95 71 87 106 110 62 45 68 25 111 65 50 20 59 124 121 122 46 18 22 99 118 57 127 104 36 26 16 112 56 115 2 28 96 4 6 1 19 38 134 14 30 23 34 109 94 105 88 55 43 33 100 107 39 41 80 82 47 49
36 63 90 117 83 75 29 114 95 101 96 58 32 86 67 57 74 126 122 111 9 132 43 105 33 56 52 31 11 30 8 108 3 129 19 6 120 73 128 7 26 127 88 24 34 72 45 87 42 102 65 79 40 48 46 22 134 14 51 28 71 125 107 85 66 49 98 84 124 17 13 99 68 130 54 80 77 53 69 61 92 44 27 50 115 93 47 5 110 41 106 103 104 1 135 112 81 100 39 82 59 18 116 133 94 38 97 119 10 78 121 123 118 109 20 89 131 12 113 16 91 76 60 70 37 25 15 55 62 21 23 35 64 2 4
25 52 79 106 72 37 18 103 57 63 58 47 21 75 29 46 36 88 84 100 133 94 5 67 22 45 14 20 135 19 132 70 127 91 116 130 82 35 90 131 123 89 77 121 23 34 7 76 4 64 54 41 2 10 8 119 96 111 13 17 33 87 69 74 28 11 60 73 86 114 110 61 30 92 16 42 39 15 31 50 81 6 124 12 104 55 9 129 99 3 68 65 66 125 97 101 43 62 1 71 48 115 105 95 56 27 59 108 134 40 83 85 107 98 117 78 93 109 102 113 80 38 49 32 26 122 112 44 51 118 120 24 53 126 128
122 14 41 68 34 26 115 65 46 52 47 9 118 37 18 8 25 77 73 62 95 56 129 29 119 7 111 117 97 116 94 32 89 80 105 92 71 24 79 93 85 78 39 83 120 23 131 38 128 53 16 3 126 134 132 108 58 100 110 114 22 76 31 36 17 135 49 35 75 103 99 50 19 81 113 4 1 112 20 12 43 130 86 109 66 44 133 91 61 127 30 54 28 87 59 63 5 51 125 33 10 104 67 57 45 124 48 70 96 2 72 74 69 60 106 40 55 98 64 102 42 27 11 21 123 84 101 6 13 107 82 121 15 88 90
85 112 4 31 24 124 105 28 9 15 10 134 108 27 116 133 123 40 36 52 58 46 92 19 82 132 101 107 60 106 57 22 79 43 68 55 34 122 42 56 75 41 2 73 83 121 94 1 91 16 114 128 89 97 95 71 48 63 100 104 120 39 21 26 115 98 12 25 38 66 62 13 117 44 103 129 126 102 118 110 6 93 76 99 29 7 96 81 51 90 20 17 18 77 49 53 130 14 88 23 135 67 30 47 8 87 11 33 59 127 35 37 32 50 69 3 45 61 54 65 5 125 109 119 86 74 64 131 111 70 72 84 113 78 80
117 9 36 63 29 21 110 60 41 47 42 4 113 32 13 3 20 72 68 57 90 78 124 51 114 2 133 112 92 111 89 54 84 75 100 87 66 19 74 88 107 73 34 105 115 18 126 33 123 48 11 25 121 129 127 103 80 95 132 109 17 71 53 31 12 130 44 30 70 98 94 45 14 76 135 26 23 134 15 7 38 125 108 131 61 39 128 86 56 122 52 49 50 82 81 58 27 46 120 28 5 99 62 79 40 119 43 65 91 24 67 69 64 55 101 35 77 93 59 97 37 22 6 16 118 106 96 1 8 102 104 116 10 83 85
72 99 126 18 119 84 65 15 131 110 132 94 68 122 103 93 83 27 23 12 45 6 79 114 69 92 61 67 47 66 44 117 39 3 28 42 21 82 2 43 35 1 124 33 70 108 81 123 78 111 101 88 76 57 55 31 8 50 60 64 107 26 116 121 102 58 134 120 25 53 49 135 104 4 63 89 86 62 105 97 128 80 36 59 16 129 56 41 11 77 115 112 113 37 9 13 90 109 75 118 95 54 17 7 130 74 133 20 46 87 22 24 19 10 29 125 5 48 14 52 127 85 96 106 73 34 51 91 98 30 32 71 100 38 40
40 67 94 121 87 79 33 118 99 105 100 62 36 90 71 61 78 130 126 115 13 109 47 82 37 60 29 35 15 34 12 85 7 133 23 10 124 77 132 11 3 131 92 1 38 76 49 91 46 106 69 56 44 52 50 26 111 18 28 32 75 129 84 89 70 53 102 88 128 21 17 103 72 134 31 57 81 30 73 65 96 48 4 54 119 97 51 9 114 45 83 107 108 5 112 116 58 104 43 86 63 22 120 110 98 42 101 123 14 55 125 127 122 113 24 93 135 16 117 20 95 80 64 74 41 2 19 59 66 25 27 39 68 6 8
31 58 85 112 105 70 51 109 90 96 91 80 54 108 62 79 69 121 117 133 4 127 38 100 28 78 47 53 6 52 3 103 25 124 14 1 115 68 123 2 21 122 83 19 29 67 40 82 37 97 60 74 35 43 41 17 129 9 46 50 66 120 102 107 61 44 93 106 119 12 8 94 63 125 49 75 72 48 64 56 87 39 22 45 110 88 42 27 132 36 101 98 99 23 130 134 76 95 34 104 81 13 111 128 89 33 92 114 5 73 116 118 113 131 15 84 126 7 135 11 86 71 55 65 32 20 10 77 57 16 18 30 59 24 26
6 33 60 87 80 45 26 84 65 71 66 28 2 56 37 54 44 96 92 108 114 102 13 75 3 53 22 1 116 27 113 78 135 99 124 111 90 43 98 112 131 97 58 129 4 42 15 57 12 72 35 49 10 18 16 127 104 119 21 25 41 95 77 55 36 19 68 81 94 122 118 69 38 100 24 50 47 23 39 31 62 14 132 20 85 63 17 110 107 11 76 73 74 133 105 82 51 70 9 79 29 123 86 103 64 8 67 89 115 48 91 93 88 106 125 59 101 117 83 121 61 46 30 40 7 130 120 52 32 126 128 5 34 134 109
3 30 57 84 77 42 23 108 62 68 63 52 26 80 34 51 41 93 89 105 111 99 10 72 27 50 19 25 113 24 110 75 132 96 121 135 87 40 95 109 128 94 55 126 1 39 12 81 9 69 32 46 7 15 13 124 101 116 18 22 38 92 74 79 33 16 65 78 91 119 115 66 35 97 21 47 44 20 36 28 59 11 129 17 82 60 14 134 104 8 73 70 71 130 102 106 48 67 6 76 53 120 83 100 61 5 64 86 112 45 88 90 85 103 122 56 98 114 107 118 58 43 54 37 4 127 117 49 29 123 125 2 31 131 133
33 60 87 114 107 72 53 111 92 98 93 55 29 83 64 81 71 123 119 135 6 129 40 102 30 80 49 28 8 54 5 105 27 126 16 3 117 70 125 4 23 124 85 21 31 69 42 84 39 99 62 76 37 45 43 19 131 11 48 52 68 122 104 82 63 46 95 108 121 14 10 96 65 127 51 77 74 50 66 58 89 41 24 47 112 90 44 2 134 38 103 100 101 25 132 109 78 97 36 106 56 15 113 130 91 35 94 116 7 75 118 120 115 133 17 86 128 9 110 13 88 73 57 67 34 22 12 79 59 18 20 32 61 26 1
13 40 67 94 60 52 6 91 72 78 73 35 9 63 44 34 51 103 99 88 121 82 20 55 10 33 2 8 123 7 120 58 115 106 131 118 97 50 105 119 111 104 65 109 11 49 22 64 19 79 42 29 17 25 23 134 84 126 1 5 48 102 57 62 43 26 75 61 101 129 125 76 45 107 4 30 54 3 46 38 69 21 112 27 92 70 24 117 87 18 56 80 81 113 85 89 31 77 16 59 36 130 93 83 71 15 74 96 122 28 98 100 95 86 132 66 108 124 90 128 68 53 37 47 14 110 127 32 39 133 135 12 41 114 116
96 123 15 42 8 135 89 39 20 26 21 118 92 11 127 117 134 51 47 36 69 30 103 3 93 116 85 91 71 90 68 6 63 54 79 66 45 133 53 67 59 52 13 57 94 132 105 12 102 27 125 112 100 108 106 55 32 74 84 88 131 50 5 10 126 82 23 9 49 77 73 24 128 28 87 113 110 86 129 121 17 104 60 83 40 18 107 65 35 101 4 1 2 61 33 37 114 25 99 7 119 78 41 31 19 98 22 44 70 111 46 48 43 34 80 14 29 72 38 76 16 109 120 130 97 58 75 115 122 81 56 95 124 62 64
66 93 120 12 113 105 59 9 125 131 126 88 62 116 97 87 104 21 17 6 39 27 73 135 63 86 55 61 41 60 38 111 33 24 49 36 15 103 23 37 29 22 118 54 64 102 75 117 72 132 95 82 70 78 76 52 2 44 81 58 101 20 110 115 96 79 128 114 19 47 43 129 98 25 57 83 107 56 99 91 122 74 30 80 10 123 77 35 5 71 109 133 134 31 3 7 84 130 69 112 89 48 11 1 124 68 127 14 40 108 16 18 13 4 50 119 26 42 8 46 121 106 90 100 67 28 45 85 92 51 53 65 94 32 34
50 77 104 131 97 62 43 128 82 88 83 72 46 100 81 71 61 113 109 125 23 119 30 92 47 70 39 45 25 44 22 95 17 116 6 20 134 60 115 21 13 114 102 11 48 59 32 101 29 89 79 66 54 35 33 9 121 1 38 42 58 112 94 99 80 36 85 98 111 4 27 86 55 117 41 67 64 40 56 75 106 31 14 37 129 107 34 19 124 28 93 90 91 15 122 126 68 87 53 96 73 5 130 120 108 52 84 133 24 65 135 110 132 123 7 103 118 26 127 3 105 63 74 57 51 12 2 69 76 8 10 49 78 16 18
8 35 62 89 55 47 1 86 67 73 68 30 4 58 39 29 46 98 94 83 116 104 15 77 5 28 24 3 118 2 115 80 110 101 126 113 92 45 100 114 133 99 60 131 6 44 17 59 14 74 37 51 12 20 18 129 106 121 23 27 43 97 79 57 38 21 70 56 96 124 120 71 40 102 26 52 49 25 41 33 64 16 134 22 87 65 19 112 82 13 78 75 76 135 107 84 53 72 11 81 31 125 88 105 66 10 69 91 117 50 93 95 90 108 127 61 103 119 85 123 63 48 32 42 9 132 122 54 34 128 130 7 36 109 111
92 119 11 38 4 131 85 35 16 22 17 114 88 7 123 113 130 47 43 32 65 53 99 26 89 112 108 87 67 86 64 2 59 50 75 62 41 129 49 63 55 48 9 80 90 128 101 8 98 23 121 135 96 104 102 78 28 70 107 84 127 46 1 6 122 105 19 5 45 73 69 20 124 51 83 109 133 82 125 117 13 100 56 106 36 14 103 61 31 97 27 24 25 57 29 33 110 21 95 3 115 74 37 54 15 94 18 40 66 134 42 44 39 30 76 10 52 68 34 72 12 132 116 126 93 81 71 111 118 77 79 91 120 58 60
51 78 105 132 98 63 44 129 83 89 84 73 47 101 55 72 62 114 110 126 24 120 31 93 48 71 40 46 26 45 23 96 18 117 7 21 135 61 116 22 14 115 103 12 49 60 33 102 30 90 80 67 28 36 34 10 122 2 39 43 59 113 95 100 81 37 86 99 112 5 1 87 56 118 42 68 65 41 57 76 107 32 15 38 130 108 35 20 125 29 94 91 92 16 123 127 69 88 54 97 74 6 131 121 82 53 85 134 25 66 109 111 133 124 8 104 119 27 128 4 106 64 75 58 52 13 3 70 77 9 11 50 79 17 19
98 125 17 44 10 110 91 41 22 1 23 120 94 13 129 119 109 53 49 38 71 32 105 5 95 118 87 93 73 92 70 8 65 29 81 68 47 135 28 69 61 54 15 59 96 134 107 14 104 2 127 114 102 83 108 57 34 76 86 90 133 52 7 12 128 84 25 11 51 79 75 26 130 30 89 115 112 88 131 123 19 106 62 85 42 20 82 67 37 103 6 3 4 63 35 39 116 27 101 9 121 80 43 33 21 100 24 46 72 113 48 50 45 36 55 16 31 74 40 78 18 111 122 132 99 60 77 117 124 56 58 97 126 64 66
62 89 116 8 109 101 55 5 121 127 122 84 58 112 93 83 100 17 13 2 35 23 69 131 59 82 78 57 37 56 34 134 29 20 45 32 11 99 19 33 52 18 114 50 60 98 71 113 68 128 91 105 66 74 72 48 25 40 77 81 97 16 133 111 92 75 124 110 15 43 39 125 94 21 80 106 103 79 95 87 118 70 53 76 6 119 73 31 1 67 132 129 130 54 26 3 107 126 65 135 85 44 7 24 120 64 123 10 36 104 12 14 9 27 46 115 22 38 4 42 117 102 86 96 63 51 41 108 88 47 49 61 90 28 30
76 103 130 22 123 88 69 19 135 114 109 98 72 126 107 97 87 4 27 16 49 10 56 118 73 96 65 71 51 70 48 121 43 7 32 46 25 86 6 47 39 5 128 37 74 85 58 127 55 115 105 92 80 61 59 35 12 54 64 68 84 3 120 125 106 62 111 124 2 30 53 112 108 8 67 93 90 66 82 101 132 57 40 63 20 133 60 45 15 81 119 116 117 41 13 17 94 113 79 122 99 31 21 11 134 78 110 24 50 91 26 1 23 14 33 129 9 52 18 29 131 89 100 83 77 38 28 95 102 34 36 75 104 42 44
21 48 75 102 68 33 14 99 80 59 81 43 17 71 52 42 32 84 107 96 129 90 1 63 18 41 10 16 131 15 128 66 123 87 112 126 105 31 86 127 119 85 73 117 19 30 3 72 27 60 50 37 25 6 4 115 92 134 9 13 29 83 65 70 51 7 56 69 82 110 133 57 53 88 12 38 35 11 54 46 77 2 120 8 100 78 5 125 95 26 64 61 62 121 93 97 39 58 24 67 44 111 101 91 79 23 55 104 130 36 106 108 103 94 113 74 89 132 98 109 76 34 45 28 22 118 135 40 47 114 116 20 49 122 124
116 8 35 62 28 20 109 59 40 46 41 3 112 31 12 2 19 71 67 56 89 77 123 50 113 1 132 111 91 110 88 53 83 74 99 86 65 18 73 87 106 72 33 104 114 17 125 32 122 47 10 24 120 128 126 102 79 94 131 135 16 70 52 30 11 129 43 29 69 97 93 44 13 75 134 25 22 133 14 6 37 124 107 130 60 38 127 85 55 121 51 48 49 108 80 57 26 45 119 54 4 98 61 78 39 118 42 64 90 23 66 68 63 81 100 34 76 92 58 96 36 21 5 15 117 105 95 27 7 101 103 115 9 82 84
20 47 74 101 67 32 13 98 79 58 80 42 16 70 51 41 31 83 106 95 128 89 27 62 17 40 9 15 130 14 127 65 122 86 111 125 104 30 85 126 118 84 72 116 18 29 2 71 26 59 49 36 24 5 3 114 91 133 8 12 28 82 64 69 50 6 55 68 108 109 132 56 52 87 11 37 34 10 53 45 76 1 119 7 99 77 4 124 94 25 63 60 61 120 92 96 38 57 23 66 43 110 100 90 78 22 81 103 129 35 105 107 102 93 112 73 88 131 97 135 75 33 44 54 21 117 134 39 46 113 115 19 48 121 123
102 129 21 48 14 114 95 45 26 5 27 124 98 17 133 123 113 30 53 42 75 36 82 9 99 122 91 97 77 96 74 12 69 33 58 72 51 112 32 73 65 31 19 63 100 111 84 18 108 6 131 118 106 87 85 61 38 80 90 94 110 29 11 16 132 88 2 15 28 56 79 3 134 34 93 119 116 92 135 127 23 83 66 89 46 24 86 71 41 107 10 7 8 67 39 43 120 4 105 13 125 57 47 37 25 104 1 50 76 117 52 54 49 40 59 20 35 78 44 55 22 115 126 109 103 64 81 121 128 60 62 101 130 68 70
112 4 31 58 51 16 132 55 36 42 37 26 135 54 8 25 15 67 63 79 85 73 119 46 109 24 128 134 87 133 84 49 106 70 95 82 61 14 69 83 102 68 29 100 110 13 121 28 118 43 6 20 116 124 122 98 75 90 127 131 12 66 48 53 7 125 39 52 65 93 89 40 9 71 130 21 18 129 10 2 33 120 103 126 56 34 123 108 78 117 47 44 45 104 76 80 22 41 115 50 27 94 57 74 35 114 38 60 86 19 62 64 59 77 96 30 72 88 81 92 32 17 1 11 113 101 91 23 3 97 99 111 5 105 107
45 72 99 126 92 57 38 123 104 83 105 67 41 95 76 66 56 135 131 120 18 114 52 87 42 65 34 40 20 39 17 90 12 111 1 15 129 55 110 16 8 109 97 6 43 81 54 96 51 84 74 61 49 30 28 4 116 23 33 37 80 134 89 94 75 31 107 93 133 26 22 108 77 112 36 62 59 35 78 70 101 53 9 32 124 102 29 14 119 50 88 85 86 10 117 121 63 82 48 91 68 27 125 115 103 47 106 128 19 60 130 132 127 118 2 98 113 21 122 25 100 58 69 79 46 7 24 64 71 3 5 44 73 11 13
59 86 113 5 133 98 79 2 118 124 119 108 55 109 90 107 97 14 10 26 32 20 66 128 56 106 75 81 34 80 31 131 53 17 42 29 8 96 16 30 49 15 111 47 57 95 68 110 65 125 88 102 63 71 69 45 22 37 74 78 94 13 130 135 89 72 121 134 12 40 36 122 91 18 77 103 100 76 92 84 115 67 50 73 3 116 70 28 25 64 129 126 127 51 23 27 104 123 62 132 82 41 4 21 117 61 120 7 33 101 9 11 6 24 43 112 19 35 1 39 114 99 83 93 60 48 38 105 85 44 46 58 87 52 54
127 19 46 73 39 4 120 70 51 30 52 14 123 42 23 13 3 55 78 67 100 61 134 34 124 12 116 122 102 121 99 37 94 58 83 97 76 2 57 98 90 56 44 88 125 1 109 43 133 31 21 8 131 112 110 86 63 105 115 119 27 81 36 41 22 113 54 40 80 108 104 28 24 59 118 9 6 117 25 17 48 135 91 114 71 49 111 96 66 132 35 32 33 92 64 68 10 29 130 38 15 82 72 62 50 129 53 75 101 7 77 79 74 65 84 45 60 103 69 107 47 5 16 26 128 89 106 11 18 85 87 126 20 93 95
18 45 72 99 65 30 11 96 77 56 78 40 14 68 49 39 29 108 104 93 126 87 25 60 15 38 7 13 128 12 125 63 120 84 109 123 102 28 83 124 116 82 70 114 16 54 27 69 24 57 47 34 22 3 1 112 89 131 6 10 53 107 62 67 48 4 80 66 106 134 130 81 50 85 9 35 32 8 51 43 74 26 117 5 97 75 2 122 92 23 61 58 59 118 90 94 36 55 21 64 41 135 98 88 76 20 79 101 127 33 103 105 100 91 110 71 86 129 95 133 73 31 42 52 19 115 132 37 44 111 113 17 46 119 121
48 75 102 129 95 60 41 126 107 86 108 70 44 98 79 69 59 111 134 123 21 117 28 90 45 68 37 43 23 42 20 93 15 114 4 18 132 58 113 19 11 112 100 9 46 57 30 99 54 87 77 64 52 33 31 7 119 26 36 40 56 110 92 97 78 34 83 96 109 2 25 84 80 115 39 65 62 38 81 73 104 29 12 35 127 105 32 17 122 53 91 88 89 13 120 124 66 85 51 94 71 3 128 118 106 50 82 131 22 63 133 135 130 121 5 101 116 24 125 1 103 61 72 55 49 10 27 67 74 6 8 47 76 14 16
4 31 58 85 78 43 24 82 63 69 64 53 27 81 35 52 42 94 90 106 112 100 11 73 1 51 20 26 114 25 111 76 133 97 122 109 88 41 96 110 129 95 56 127 2 40 13 55 10 70 33 47 8 16 14 125 102 117 19 23 39 93 75 80 34 17 66 79 92 120 116 67 36 98 22 48 45 21 37 29 60 12 130 18 83 61 15 135 105 9 74 71 72 131 103 107 49 68 7 77 54 121 84 101 62 6 65 87 113 46 89 91 86 104 123 57 99 115 108 119 59 44 28 38 5 128 118 50 30 124 126 3 32 132 134
19 46 73 100 66 31 12 97 78 57 79 41 15 69 50 40 30 82 105 94 127 88 26 61 16 39 8 14 129 13 126 64 121 85 110 124 103 29 84 125 117 83 71 115 17 28 1 70 25 58 48 35 23 4 2 113 90 132 7 11 54 108 63 68 49 5 81 67 107 135 131 55 51 86 10 36 33 9 52 44 75 27 118 6 98 76 3 123 93 24 62 59 60 119 91 95 37 56 22 65 42 109 99 89 77 21 80 102 128 34 104 106 101 92 111 72 87 130 96 134 74 32 43 53 20 116 133 38 45 112 114 18 47 120 122
73 100 127 19 120 85 66 16 132 111 133 95 69 123 104 94 84 1 24 13 46 7 80 115 70 93 62 68 48 67 45 118 40 4 29 43 22 83 3 44 36 2 125 34 71 82 55 124 79 112 102 89 77 58 56 32 9 51 61 65 108 27 117 122 103 59 135 121 26 54 50 109 105 5 64 90 87 63 106 98 129 81 37 60 17 130 57 42 12 78 116 113 114 38 10 14 91 110 76 119 96 28 18 8 131 75 134 21 47 88 23 25 20 11 30 126 6 49 15 53 128 86 97 107 74 35 52 92 99 31 33 72 101 39 41
27 54 81 108 74 39 20 105 59 65 60 49 23 77 31 48 38 90 86 102 135 96 7 69 24 47 16 22 110 21 134 72 129 93 118 132 84 37 92 133 125 91 79 123 25 36 9 78 6 66 29 43 4 12 10 121 98 113 15 19 35 89 71 76 30 13 62 75 88 116 112 63 32 94 18 44 41 17 33 52 56 8 126 14 106 57 11 131 101 5 70 67 68 127 99 103 45 64 3 73 50 117 107 97 58 2 61 83 109 42 85 87 82 100 119 80 95 111 104 115 55 40 51 34 1 124 114 46 53 120 122 26 28 128 130
90 117 9 36 2 129 83 33 14 20 15 112 86 5 121 111 128 45 41 30 63 51 97 24 87 110 106 85 65 84 62 27 57 48 73 60 39 127 47 61 80 46 7 78 88 126 99 6 96 21 119 133 94 102 100 76 53 68 105 82 125 44 26 4 120 103 17 3 43 71 67 18 122 49 108 134 131 107 123 115 11 98 81 104 34 12 101 59 29 95 25 22 23 55 54 31 135 19 93 1 113 72 35 52 13 92 16 38 64 132 40 42 37 28 74 8 50 66 32 70 10 130 114 124 91 79 69 109 116 75 77 89 118 56 58
105 132 24 51 17 117 98 48 2 8 3 127 101 20 109 126 116 33 29 45 78 39 85 12 102 125 94 100 80 99 77 15 72 36 61 75 54 115 35 76 68 34 22 66 103 114 87 21 84 9 134 121 82 90 88 64 41 56 93 97 113 32 14 19 135 91 5 18 31 59 55 6 110 37 96 122 119 95 111 130 26 86 69 92 49 27 89 74 44 83 13 10 11 70 42 46 123 7 108 16 128 60 50 40 1 107 4 53 79 120 28 30 52 43 62 23 38 81 47 58 25 118 129 112 106 67 57 124 131 63 65 104 133 71 73
61 88 115 7 135 100 81 4 120 126 121 83 57 111 92 82 99 16 12 1 34 22 68 130 58 108 77 56 36 55 33 133 28 19 44 31 10 98 18 32 51 17 113 49 59 97 70 112 67 127 90 104 65 73 71 47 24 39 76 80 96 15 132 110 91 74 123 109 14 42 38 124 93 20 79 105 102 78 94 86 117 69 52 75 5 118 72 30 27 66 131 128 129 53 25 2 106 125 64 134 84 43 6 23 119 63 122 9 35 103 11 13 8 26 45 114 21 37 3 41 116 101 85 95 62 50 40 107 87 46 48 60 89 54 29
101 128 20 47 13 113 94 44 25 4 26 123 97 16 132 122 112 29 52 41 74 35 108 8 98 121 90 96 76 95 73 11 68 32 57 71 50 111 31 72 64 30 18 62 99 110 83 17 107 5 130 117 105 86 84 60 37 79 89 93 109 28 10 15 131 87 1 14 54 55 78 2 133 33 92 118 115 91 134 126 22 82 65 88 45 23 85 70 40 106 9 6 7 66 38 42 119 3 104 12 124 56 46 36 24 103 27 49 75 116 51 53 48 39 58 19 34 77 43 81 21 114 125 135 102 63 80 120 127 59 61 100 129 67 69
46 73 100 127 93 58 39 124 105 84 106 68 42 96 77 67 57 109 132 121 19 115 53 88 43 66 35 41 21 40 18 91 13 112 2 16 130 56 111 17 9 110 98 7 44 55 28 97 52 85 75 62 50 31 29 5 117 24 34 38 81 135 90 95 76 32 108 94 134 27 23 82 78 113 37 63 60 36 79 71 102 54 10 33 125 103 30 15 120 51 89 86 87 11 118 122 64 83 49 92 69 1 126 116 104 48 107 129 20 61 131 133 128 119 3 99 114 22 123 26 101 59 70 80 47 8 25 65 72 4 6 45 74 12 14
44 71 98 125 91 56 37 122 103 82 104 66 40 94 75 65 55 134 130 119 17 113 51 86 41 64 33 39 19 38 16 89 11 110 27 14 128 81 109 15 7 135 96 5 42 80 53 95 50 83 73 60 48 29 54 3 115 22 32 36 79 133 88 93 74 30 106 92 132 25 21 107 76 111 35 61 58 34 77 69 100 52 8 31 123 101 28 13 118 49 87 84 85 9 116 120 62 108 47 90 67 26 124 114 102 46 105 127 18 59 129 131 126 117 1 97 112 20 121 24 99 57 68 78 45 6 23 63 70 2 4 43 72 10 12
32 59 86 113 106 71 52 110 91 97 92 81 28 82 63 80 70 122 118 134 5 128 39 101 29 79 48 54 7 53 4 104 26 125 15 2 116 69 124 3 22 123 84 20 30 68 41 83 38 98 61 75 36 44 42 18 130 10 47 51 67 121 103 108 62 45 94 107 120 13 9 95 64 126 50 76 73 49 65 57 88 40 23 46 111 89 43 1 133 37 102 99 100 24 131 135 77 96 35 105 55 14 112 129 90 34 93 115 6 74 117 119 114 132 16 85 127 8 109 12 87 72 56 66 33 21 11 78 58 17 19 31 60 25 27
77 104 131 23 124 89 70 20 109 115 110 99 73 127 108 98 88 5 1 17 50 11 57 119 74 97 66 72 52 71 49 122 44 8 33 47 26 87 7 48 40 6 129 38 75 86 59 128 56 116 106 93 81 62 60 36 13 28 65 69 85 4 121 126 107 63 112 125 3 31 54 113 82 9 68 94 91 67 83 102 133 58 41 64 21 134 61 46 16 55 120 117 118 42 14 18 95 114 80 123 100 32 22 12 135 79 111 25 51 92 27 2 24 15 34 130 10 53 19 30 132 90 101 84 78 39 29 96 103 35 37 76 105 43 45
60 87 114 6 134 99 80 3 119 125 120 82 56 110 91 108 98 15 11 27 33 21 67 129 57 107 76 55 35 81 32 132 54 18 43 30 9 97 17 31 50 16 112 48 58 96 69 111 66 126 89 103 64 72 70 46 23 38 75 79 95 14 131 109 90 73 122 135 13 41 37 123 92 19 78 104 101 77 93 85 116 68 51 74 4 117 71 29 26 65 130 127 128 52 24 1 105 124 63 133 83 42 5 22 118 62 121 8 34 102 10 12 7 25 44 113 20 36 2 40 115 100 84 94 61 49 39 106 86 45 47 59 88 53 28
124 16 43 70 36 1 117 67 48 54 49 11 120 39 20 10 27 79 75 64 97 58 131 31 121 9 113 119 99 118 96 34 91 55 107 94 73 26 81 95 87 80 41 85 122 25 133 40 130 28 18 5 128 109 134 83 60 102 112 116 24 78 33 38 19 110 51 37 77 105 101 52 21 56 115 6 3 114 22 14 45 132 88 111 68 46 135 93 63 129 32 29 30 89 61 65 7 53 127 35 12 106 69 59 47 126 50 72 98 4 74 76 71 62 108 42 57 100 66 104 44 2 13 23 125 86 103 8 15 82 84 123 17 90 92
135 27 54 81 47 12 128 78 32 38 33 22 131 50 4 21 11 63 59 75 108 69 115 42 132 20 124 130 83 129 107 45 102 66 91 105 57 10 65 106 98 64 52 96 133 9 117 51 114 39 2 16 112 120 118 94 71 86 123 127 8 62 44 49 3 121 35 48 61 89 85 36 5 67 126 17 14 125 6 25 29 116 99 122 79 30 119 104 74 113 43 40 41 100 72 76 18 37 111 46 23 90 80 70 31 110 34 56 82 15 58 60 55 73 92 53 68 84 77 88 28 13 24 7 109 97 87 19 26 93 95 134 1 101 103
53 80 107 134 100 65 46 131 85 91 86 75 49 103 57 74 64 116 112 128 26 122 33 95 50 73 42 48 1 47 25 98 20 119 9 23 110 63 118 24 16 117 105 14 51 62 35 104 32 92 55 69 30 38 36 12 124 4 41 45 61 115 97 102 56 39 88 101 114 7 3 89 58 120 44 70 67 43 59 78 82 34 17 40 132 83 37 22 127 31 96 93 94 18 125 129 71 90 29 99 76 8 133 123 84 28 87 109 27 68 111 113 135 126 10 106 121 2 130 6 108 66 77 60 54 15 5 72 79 11 13 52 81 19 21
24 51 78 105 71 36 17 102 56 62 57 46 20 74 28 45 35 87 83 99 132 93 4 66 21 44 13 19 134 18 131 69 126 90 115 129 108 34 89 130 122 88 76 120 22 33 6 75 3 63 53 40 1 9 7 118 95 110 12 16 32 86 68 73 54 10 59 72 85 113 109 60 29 91 15 41 38 14 30 49 80 5 123 11 103 81 8 128 98 2 67 64 65 124 96 100 42 61 27 70 47 114 104 94 55 26 58 107 133 39 82 84 106 97 116 77 92 135 101 112 79 37 48 31 25 121 111 43 50 117 119 23 52 125 127
14 41 68 95 61 53 7 92 73 79 74 36 10 64 45 35 52 104 100 89 122 83 21 56 11 34 3 9 124 8 121 59 116 107 132 119 98 51 106 120 112 105 66 110 12 50 23 65 20 80 43 30 18 26 24 135 85 127 2 6 49 103 58 63 44 27 76 62 102 130 126 77 46 108 5 31 28 4 47 39 70 22 113 1 93 71 25 118 88 19 57 81 55 114 86 90 32 78 17 60 37 131 94 84 72 16 75 97 123 29 99 101 96 87 133 67 82 125 91 129 69 54 38 48 15 111 128 33 40 134 109 13 42 115 117
15 42 69 96 62 54 8 93 74 80 75 37 11 65 46 36 53 105 101 90 123 84 22 57 12 35 4 10 125 9 122 60 117 108 133 120 99 52 107 121 113 106 67 111 13 51 24 66 21 81 44 31 19 27 25 109 86 128 3 7 50 104 59 64 45 1 77 63 103 131 127 78 47 82 6 32 29 5 48 40 71 23 114 2 94 72 26 119 89 20 58 55 56 115 87 91 33 79 18 61 38 132 95 85 73 17 76 98 124 30 100 102 97 88 134 68 83 126 92 130 70 28 39 49 16 112 129 34 41 135 110 14 43 116 118
119 11 38 65 31 23 112 62 43 49 44 6 115 34 15 5 22 74 70 59 92 80 126 53 116 4 135 114 94 113 91 29 86 77 102 89 68 21 76 90 82 75 36 107 117 20 128 35 125 50 13 27 123 131 129 105 55 97 134 111 19 73 28 33 14 132 46 32 72 100 96 47 16 78 110 1 25 109 17 9 40 127 83 133 63 41 130 88 58 124 54 51 52 84 56 60 2 48 122 30 7 101 64 81 42 121 45 67 93 26 69 71 66 57 103 37 79 95 61 99 39 24 8 18 120 108 98 3 10 104 106 118 12 85 87
43 70 97 124 90 55 36 121 102 108 103 65 39 93 74 64 81 133 129 118 16 112 50 85 40 63 32 38 18 37 15 88 10 109 26 13 127 80 135 14 6 134 95 4 41 79 52 94 49 82 72 59 47 28 53 2 114 21 31 35 78 132 87 92 73 29 105 91 131 24 20 106 75 110 34 60 57 33 76 68 99 51 7 30 122 100 54 12 117 48 86 83 84 8 115 119 61 107 46 89 66 25 123 113 101 45 104 126 17 58 128 130 125 116 27 96 111 19 120 23 98 56 67 77 44 5 22 62 69 1 3 42 71 9 11
125 17 44 71 37 2 118 68 49 28 50 12 121 40 21 11 1 80 76 65 98 59 132 32 122 10 114 120 100 119 97 35 92 56 108 95 74 27 55 96 88 81 42 86 123 26 134 41 131 29 19 6 129 110 135 84 61 103 113 117 25 79 34 39 20 111 52 38 78 106 102 53 22 57 116 7 4 115 23 15 46 133 89 112 69 47 109 94 64 130 33 30 31 90 62 66 8 54 128 36 13 107 70 60 48 127 51 73 99 5 75 77 72 63 82 43 58 101 67 105 45 3 14 24 126 87 104 9 16 83 85 124 18 91 93
17 44 71 98 64 29 10 95 76 55 77 39 13 67 48 38 28 107 103 92 125 86 24 59 14 37 6 12 127 11 124 62 119 83 135 122 101 54 82 123 115 108 69 113 15 53 26 68 23 56 46 33 21 2 27 111 88 130 5 9 52 106 61 66 47 3 79 65 105 133 129 80 49 84 8 34 31 7 50 42 73 25 116 4 96 74 1 121 91 22 60 57 58 117 89 93 35 81 20 63 40 134 97 87 75 19 78 100 126 32 102 104 99 90 109 70 85 128 94 132 72 30 41 51 18 114 131 36 43 110 112 16 45 118 120
78 105 132 24 125 90 71 21 110 116 111 100 74 128 82 99 89 6 2 18 51 12 58 120 75 98 67 73 53 72 50 123 45 9 34 48 27 88 8 49 41 7 130 39 76 87 60 129 57 117 107 94 55 63 61 37 14 29 66 70 86 5 122 127 108 64 113 126 4 32 28 114 83 10 69 95 92 68 84 103 134 59 42 65 22 135 62 47 17 56 121 118 119 43 15 19 96 115 81 124 101 33 23 13 109 80 112 26 52 93 1 3 25 16 35 131 11 54 20 31 133 91 102 85 79 40 30 97 104 36 38 77 106 44 46
