1 8 13 25 37 49 31 61 47 73 21 14 2 4 85 41 76 35 42 15 94 69 68 86 28 92 59 80 60 50 91 93 44 95 65 7 29 54 75 52 64 81 30 70 67 82 56 51 32 27 40 55 22 34 17 87 38 53 71 77 84 63 79 10 45 57 26 19 23 46 48 11 6 62 9 36 16 96 90 74 24 88 78 58 43 83 66 89 72 39 33 18 3 12 20 5
13 20 25 37 49 61 43 73 59 85 33 26 14 16 1 53 88 47 54 27 10 81 80 2 40 8 71 92 72 62 7 9 56 11 77 19 41 66 87 64 76 93 42 82 79 94 68 63 44 39 52 67 34 46 29 3 50 65 83 89 96 75 91 22 57 69 38 31 35 58 60 23 18 74 21 48 28 12 6 86 36 4 90 70 55 95 78 5 84 51 45 30 15 24 32 17
25 32 37 49 61 73 55 85 71 1 45 38 26 28 13 65 4 59 66 39 22 93 92 14 52 20 83 8 84 74 19 21 68 23 89 31 53 78 3 76 88 9 54 94 91 10 80 75 56 51 64 79 46 58 41 15 62 77 95 5 12 87 7 34 69 81 50 43 47 70 72 35 30 86 33 60 40 24 18 2 48 16 6 82 67 11 90 17 96 63 57 42 27 36 44 29
37 44 49 61 73 85 67 1 83 13 57 50 38 40 25 77 16 71 78 51 34 9 8 26 64 32 95 20 96 86 31 33 80 35 5 43 65 90 15 88 4 21 66 10 7 22 92 87 68 63 76 91 58 70 53 27 74 89 11 17 24 3 19 46 81 93 62 55 59 82 84 47 42 2 45 72 52 36 30 14 60 28 18 94 79 23 6 29 12 75 69 54 39 48 56 41
49 56 61 73 85 1 79 13 95 25 69 62 50 52 37 89 28 83 90 63 46 21 20 38 76 44 11 32 12 2 43 45 92 47 17 55 77 6 27 4 16 33 78 22 19 34 8 3 80 75 88 7 70 82 65 39 86 5 23 29 36 15 31 58 93 9 74 67 71 94 96 59 54 14 57 84 64 48 42 26 72 40 30 10 91 35 18 41 24 87 81 66 51 60 68 53
16 23 28 40 52 64 46 76 50 88 36 29 17 19 4 56 91 38 57 30 1 84 83 5 43 11 62 95 63 65 10 12 59 2 80 22 44 69 90 67 79 96 45 73 82 85 71 66 47 42 55 70 25 37 32 6 53 68 74 92 87 78 94 13 60 72 41 34 26 49 51 14 21 77 24 39 31 3 9 89 27 7 93 61 58 86 81 8 75 54 48 33 18 15 35 20
34 29 46 58 70 82 52 94 68 10 42 47 35 25 22 62 1 56 63 48 19 90 89 23 49 17 80 5 81 83 16 18 65 20 86 28 50 75 12 73 85 6 51 91 88 7 77 84 53 60 61 76 43 55 38 24 71 74 92 2 9 96 4 31 66 78 59 40 44 67 69 32 27 95 30 57 37 21 15 11 45 13 3 79 64 8 87 14 93 72 54 39 36 33 41 26
61 68 73 85 1 13 91 25 11 37 81 74 62 64 49 5 40 95 6 75 58 33 32 50 88 56 23 44 24 14 55 57 8 59 29 67 89 18 39 16 28 45 90 34 31 46 20 15 92 87 4 19 82 94 77 51 2 17 35 41 48 27 43 70 9 21 86 79 83 10 12 71 66 26 69 96 76 60 54 38 84 52 42 22 7 47 30 53 36 3 93 78 63 72 80 65
33 28 45 57 69 81 51 93 67 9 41 46 34 36 21 61 12 55 62 47 18 89 88 22 60 16 79 4 80 82 15 17 64 19 85 27 49 74 11 84 96 5 50 90 87 6 76 83 52 59 72 75 42 54 37 23 70 73 91 1 8 95 3 30 65 77 58 39 43 66 68 31 26 94 29 56 48 20 14 10 44 24 2 78 63 7 86 13 92 71 53 38 35 32 40 25
11 6 23 35 47 59 29 71 45 83 19 24 12 2 95 39 74 33 40 13 92 67 66 96 26 90 57 78 58 60 89 91 42 93 63 5 27 52 73 50 62 79 28 68 65 80 54 49 30 25 38 53 20 32 15 85 48 51 69 75 82 61 77 8 43 55 36 17 21 44 46 9 4 72 7 34 14 94 88 84 22 86 76 56 41 81 64 87 70 37 31 16 1 10 18 3
60 55 72 84 96 12 78 24 94 36 68 61 49 51 48 88 27 82 89 62 45 20 19 37 75 43 10 31 11 1 42 44 91 46 16 54 76 5 26 3 15 32 77 21 18 33 7 2 79 74 87 6 69 81 64 38 85 4 22 28 35 14 30 57 92 8 73 66 70 93 95 58 53 13 56 83 63 47 41 25 71 39 29 9 90 34 17 40 23 86 80 65 50 59 67 52
73 80 85 1 13 25 7 37 23 49 93 86 74 76 61 17 52 11 18 87 70 45 44 62 4 68 35 56 36 26 67 69 20 71 41 79 5 30 51 28 40 57 6 46 43 58 32 27 8 3 16 31 94 10 89 63 14 29 47 53 60 39 55 82 21 33 2 91 95 22 24 83 78 38 81 12 88 72 66 50 96 64 54 34 19 59 42 65 48 15 9 90 75 84 92 77
85 92 1 13 25 37 19 49 35 61 9 2 86 88 73 29 64 23 30 3 82 57 56 74 16 80 47 68 48 38 79 81 32 83 53 91 17 42 63 40 52 69 18 58 55 70 44 39 20 15 28 43 10 22 5 75 26 41 59 65 72 51 67 94 33 45 14 7 11 34 36 95 90 50 93 24 4 84 78 62 12 76 66 46 31 71 54 77 60 27 21 6 87 96 8 89
67 62 79 91 7 19 85 31 5 43 75 80 68 70 55 11 46 89 12 81 52 27 26 56 94 50 17 38 18 20 49 51 2 53 35 61 95 24 45 22 34 39 96 28 25 40 14 21 86 93 10 13 76 88 83 57 8 23 29 47 42 33 37 64 3 15 92 73 77 4 6 65 72 32 63 90 82 54 60 44 78 58 48 16 1 41 36 59 30 9 87 84 69 66 74 71
96 91 12 24 36 48 18 60 34 72 8 1 85 87 84 28 63 22 29 2 81 56 55 73 15 79 46 67 47 37 78 80 31 82 52 90 16 41 62 39 51 68 17 57 54 69 43 38 19 14 27 42 9 21 4 74 25 40 58 64 71 50 66 93 32 44 13 6 10 33 35 94 89 49 92 23 3 83 77 61 11 75 65 45 30 70 53 76 59 26 20 5 86 95 7 88
40 47 52 64 76 88 70 4 74 16 60 53 41 43 28 80 19 62 81 54 25 12 11 29 67 35 86 23 87 89 34 36 83 26 8 46 68 93 18 91 7 24 69 1 10 13 95 90 71 66 79 94 49 61 56 30 77 92 2 20 15 6 22 37 84 96 65 58 50 73 75 38 45 5 48 63 55 27 33 17 51 31 21 85 82 14 9 32 3 78 72 57 42 39 59 44
56 51 68 80 92 8 74 20 90 32 64 69 57 59 44 96 35 78 85 70 41 16 15 45 83 39 6 27 7 9 38 40 87 42 24 50 84 1 34 11 23 28 73 17 14 29 3 10 75 82 95 2 65 77 72 46 93 12 18 36 31 22 26 53 88 4 81 62 66 89 91 54 49 21 52 79 71 43 37 33 67 47 25 5 86 30 13 48 19 94 76 61 58 55 63 60
64 71 76 88 4 16 94 28 2 40 84 77 65 67 52 8 43 86 9 78 49 36 35 53 91 59 14 47 15 17 58 60 11 50 32 70 92 21 42 19 31 48 93 25 34 37 23 18 95 90 7 22 73 85 80 54 5 20 26 44 39 30 46 61 12 24 89 82 74 1 3 62 69 29 72 87 79 51 57 41 75 55 45 13 10 38 33 56 27 6 96 81 66 63 83 68
24 19 36 48 60 72 42 84 58 96 32 25 13 15 12 52 87 46 53 26 9 80 79 1 39 7 70 91 71 61 6 8 55 10 76 18 40 65 86 63 75 92 41 81 78 93 67 62 43 38 51 66 33 45 28 2 49 64 82 88 95 74 90 21 56 68 37 30 34 57 59 22 17 73 20 47 27 11 5 85 35 3 89 69 54 94 77 4 83 50 44 29 14 23 31 16
12 7 24 36 48 60 30 72 46 84 20 13 1 3 96 40 75 34 41 14 93 68 67 85 27 91 58 79 59 49 90 92 43 94 64 6 28 53 74 51 63 80 29 69 66 81 55 50 31 26 39 54 21 33 16 86 37 52 70 76 83 62 78 9 44 56 25 18 22 45 47 10 5 61 8 35 15 95 89 73 23 87 77 57 42 82 65 88 71 38 32 17 2 11 19 4
80 75 92 8 20 32 2 44 18 56 88 93 81 83 68 24 59 6 13 94 65 40 39 69 11 63 30 51 31 33 62 64 15 66 48 74 12 25 58 35 47 52 1 41 38 53 27 34 3 10 23 26 89 5 96 70 21 36 42 60 55 46 50 77 16 28 9 86 90 17 19 78 73 45 76 7 95 67 61 57 91 71 49 29 14 54 37 72 43 22 4 85 82 79 87 84
94 89 10 22 34 46 16 58 32 70 6 11 95 85 82 26 61 20 27 12 79 54 53 83 13 77 44 65 45 47 76 78 29 80 50 88 14 39 72 37 49 66 15 55 52 67 41 48 17 24 25 40 7 19 2 84 35 38 56 62 69 60 64 91 30 42 23 4 8 31 33 92 87 59 90 21 1 81 75 71 9 73 63 43 28 68 51 74 57 36 18 3 96 93 5 86
83 78 95 11 23 35 5 47 21 59 91 96 84 74 71 15 50 9 16 85 68 43 42 72 2 66 33 54 34 36 65 67 18 69 39 77 3 28 49 26 38 55 4 44 41 56 30 25 6 1 14 29 92 8 87 61 24 27 45 51 58 37 53 80 19 31 12 89 93 20 22 81 76 48 79 10 86 70 64 60 94 62 52 32 17 57 40 63 46 13 7 88 73 82 90 75
14 21 26 38 50 62 44 74 60 86 34 27 15 17 2 54 89 48 55 28 11 82 81 3 41 9 72 93 61 63 8 10 57 12 78 20 42 67 88 65 77 94 43 83 80 95 69 64 45 40 53 68 35 47 30 4 51 66 84 90 85 76 92 23 58 70 39 32 36 59 49 24 19 75 22 37 29 1 7 87 25 5 91 71 56 96 79 6 73 52 46 31 16 13 33 18
81 76 93 9 21 33 3 45 19 57 89 94 82 84 69 13 60 7 14 95 66 41 40 70 12 64 31 52 32 34 63 65 16 67 37 75 1 26 59 36 48 53 2 42 39 54 28 35 4 11 24 27 90 6 85 71 22 25 43 49 56 47 51 78 17 29 10 87 91 18 20 79 74 46 77 8 96 68 62 58 92 72 50 30 15 55 38 61 44 23 5 86 83 80 88 73
4 11 16 28 40 52 34 64 38 76 24 17 5 7 88 44 79 26 45 18 85 72 71 89 31 95 50 83 51 53 94 96 47 86 68 10 32 57 78 55 67 84 33 61 70 73 59 54 35 30 43 58 13 25 20 90 41 56 62 80 75 66 82 1 48 60 29 22 14 37 39 2 9 65 12 27 19 87 93 77 15 91 81 49 46 74 69 92 63 42 36 21 6 3 23 8
15 22 27 39 51 63 45 75 49 87 35 28 16 18 3 55 90 37 56 29 12 83 82 4 42 10 61 94 62 64 9 11 58 1 79 21 43 68 89 66 78 95 44 84 81 96 70 65 46 41 54 69 36 48 31 5 52 67 73 91 86 77 93 24 59 71 40 33 25 60 50 13 20 76 23 38 30 2 8 88 26 6 92 72 57 85 80 7 74 53 47 32 17 14 34 19
45 40 57 69 81 93 63 9 79 21 53 58 46 48 33 73 24 67 74 59 30 5 4 34 72 28 91 16 92 94 27 29 76 31 1 39 61 86 23 96 12 17 62 6 3 18 88 95 64 71 84 87 54 66 49 35 82 85 7 13 20 11 15 42 77 89 70 51 55 78 80 43 38 10 41 68 60 32 26 22 56 36 14 90 75 19 2 25 8 83 65 50 47 44 52 37
69 64 81 93 9 21 87 33 7 45 77 82 70 72 57 1 48 91 2 83 54 29 28 58 96 52 19 40 20 22 51 53 4 55 25 63 85 14 47 24 36 41 86 30 27 42 16 23 88 95 12 15 78 90 73 59 10 13 31 37 44 35 39 66 5 17 94 75 79 6 8 67 62 34 65 92 84 56 50 46 80 60 38 18 3 43 26 49 32 11 89 74 71 68 76 61
7 2 19 31 43 55 25 67 41 79 15 20 8 10 91 47 82 29 48 21 88 63 62 92 34 86 53 74 54 56 85 87 38 89 71 1 35 60 81 58 70 75 36 64 61 76 50 57 26 33 46 49 16 28 23 93 44 59 65 83 78 69 73 4 39 51 32 13 17 40 42 5 12 68 3 30 22 90 96 80 18 94 84 52 37 77 72 95 66 45 27 24 9 6 14 11
26 33 38 50 62 74 56 86 72 2 46 39 27 29 14 66 5 60 67 40 23 94 93 15 53 21 84 9 73 75 20 22 69 24 90 32 54 79 4 77 89 10 55 95 92 11 81 76 57 52 65 80 47 59 42 16 63 78 96 6 1 88 8 35 70 82 51 44 48 71 61 36 31 87 34 49 41 13 19 3 37 17 7 83 68 12 91 18 85 64 58 43 28 25 45 30
23 18 35 47 59 71 41 83 57 95 31 36 24 14 11 51 86 45 52 25 8 79 78 12 38 6 69 90 70 72 5 7 54 9 75 17 39 64 85 62 74 91 40 80 77 92 66 61 42 37 50 65 32 44 27 1 60 63 81 87 94 73 89 20 55 67 48 29 33 56 58 21 16 84 19 46 26 10 4 96 34 2 88 68 53 93 76 3 82 49 43 28 13 22 30 15
91 86 7 19 31 43 13 55 29 67 3 8 92 94 79 35 70 17 36 9 76 51 50 80 22 74 41 62 42 44 73 75 26 77 59 85 23 48 69 46 58 63 24 52 49 64 38 45 14 21 34 37 4 16 11 81 32 47 53 71 66 57 61 88 27 39 20 1 5 28 30 89 96 56 87 18 10 78 84 68 6 82 72 40 25 65 60 83 54 33 15 12 93 90 2 95
3 10 15 27 39 51 33 63 37 75 23 16 4 6 87 43 78 25 44 17 96 71 70 88 30 94 49 82 50 52 93 95 46 85 67 9 31 56 77 54 66 83 32 72 69 84 58 53 34 29 42 57 24 36 19 89 40 55 61 79 74 65 81 12 47 59 28 21 13 48 38 1 8 64 11 26 18 86 92 76 14 90 80 60 45 73 68 91 62 41 35 20 5 2 22 7
8 3 20 32 44 56 26 68 42 80 16 21 9 11 92 48 83 30 37 22 89 64 63 93 35 87 54 75 55 57 86 88 39 90 72 2 36 49 82 59 71 76 25 65 62 77 51 58 27 34 47 50 17 29 24 94 45 60 66 84 79 70 74 5 40 52 33 14 18 41 43 6 1 69 4 31 23 91 85 81 19 95 73 53 38 78 61 96 67 46 28 13 10 7 15 12
53 60 65 77 89 5 83 17 87 29 61 66 54 56 41 93 32 75 94 67 38 13 24 42 80 48 3 36 4 6 47 37 96 39 21 59 81 10 31 8 20 25 82 14 23 26 12 7 84 79 92 11 62 74 69 43 90 9 15 33 28 19 35 50 85 1 78 71 63 86 88 51 58 18 49 76 68 40 46 30 64 44 34 2 95 27 22 45 16 91 73 70 55 52 72 57
31 26 43 55 67 79 49 91 65 7 39 44 32 34 19 71 10 53 72 45 16 87 86 20 58 14 77 2 78 80 13 15 62 17 95 25 59 84 9 82 94 3 60 88 85 4 74 81 50 57 70 73 40 52 47 21 68 83 89 11 6 93 1 28 63 75 56 37 41 64 66 29 36 92 27 54 46 18 24 8 42 22 12 76 61 5 96 23 90 69 51 48 33 30 38 35
89 96 5 17 29 41 23 53 27 65 1 6 90 92 77 33 68 15 34 7 74 49 60 78 20 84 39 72 40 42 83 73 36 75 57 95 21 46 67 44 56 61 22 50 59 62 48 43 24 19 32 47 2 14 9 79 30 45 51 69 64 55 71 86 25 37 18 11 3 26 28 87 94 54 85 16 8 76 82 66 4 80 70 38 35 63 58 81 52 31 13 10 91 88 12 93
9 4 21 33 45 57 27 69 43 81 17 22 10 12 93 37 84 31 38 23 90 65 64 94 36 88 55 76 56 58 87 89 40 91 61 3 25 50 83 60 72 77 26 66 63 78 52 59 28 35 48 51 18 30 13 95 46 49 67 73 80 71 75 6 41 53 34 15 19 42 44 7 2 70 5 32 24 92 86 82 20 96 74 54 39 79 62 85 68 47 29 14 11 8 16 1
42 37 54 66 78 90 72 6 76 18 50 55 43 45 30 82 21 64 83 56 27 2 1 31 69 25 88 13 89 91 36 26 73 28 10 48 70 95 20 93 9 14 71 3 12 15 85 92 61 68 81 96 51 63 58 32 79 94 4 22 17 8 24 39 74 86 67 60 52 75 77 40 47 7 38 65 57 29 35 19 53 33 23 87 84 16 11 34 5 80 62 59 44 41 49 46
38 45 50 62 74 86 68 2 84 14 58 51 39 41 26 78 17 72 79 52 35 10 9 27 65 33 96 21 85 87 32 34 81 36 6 44 66 91 16 89 5 22 67 11 8 23 93 88 69 64 77 92 59 71 54 28 75 90 12 18 13 4 20 47 82 94 63 56 60 83 73 48 43 3 46 61 53 25 31 15 49 29 19 95 80 24 7 30 1 76 70 55 40 37 57 42
22 17 34 46 58 70 40 82 56 94 30 35 23 13 10 50 85 44 51 36 7 78 77 11 37 5 68 89 69 71 4 6 53 8 74 16 38 63 96 61 73 90 39 79 76 91 65 72 41 48 49 64 31 43 26 12 59 62 80 86 93 84 88 19 54 66 47 28 32 55 57 20 15 83 18 45 25 9 3 95 33 1 87 67 52 92 75 2 81 60 42 27 24 21 29 14
51 58 63 75 87 3 81 15 85 27 71 64 52 54 39 91 30 73 92 65 48 23 22 40 78 46 1 34 2 4 45 47 94 37 19 57 79 8 29 6 18 35 80 24 21 36 10 5 82 77 90 9 72 84 67 41 88 7 13 31 26 17 33 60 95 11 76 69 61 96 86 49 56 16 59 74 66 38 44 28 62 42 32 12 93 25 20 43 14 89 83 68 53 50 70 55
6 1 18 30 42 54 36 66 40 78 14 19 7 9 90 46 81 28 47 20 87 62 61 91 33 85 52 73 53 55 96 86 37 88 70 12 34 59 80 57 69 74 35 63 72 75 49 56 25 32 45 60 15 27 22 92 43 58 64 82 77 68 84 3 38 50 31 24 16 39 41 4 11 67 2 29 21 89 95 79 17 93 83 51 48 76 71 94 65 44 26 23 8 5 13 10
92 87 8 20 32 44 14 56 30 68 4 9 93 95 80 36 71 18 25 10 77 52 51 81 23 75 42 63 43 45 74 76 27 78 60 86 24 37 70 47 59 64 13 53 50 65 39 46 15 22 35 38 5 17 12 82 33 48 54 72 67 58 62 89 28 40 21 2 6 29 31 90 85 57 88 19 11 79 73 69 7 83 61 41 26 66 49 84 55 34 16 1 94 91 3 96
46 41 58 70 82 94 64 10 80 22 54 59 47 37 34 74 13 68 75 60 31 6 5 35 61 29 92 17 93 95 28 30 77 32 2 40 62 87 24 85 1 18 63 7 4 19 89 96 65 72 73 88 55 67 50 36 83 86 8 14 21 12 16 43 78 90 71 52 56 79 81 44 39 11 42 69 49 33 27 23 57 25 15 91 76 20 3 26 9 84 66 51 48 45 53 38
59 54 71 83 95 11 77 23 93 35 67 72 60 50 47 87 26 81 88 61 44 19 18 48 74 42 9 30 10 12 41 43 90 45 15 53 75 4 25 2 14 31 76 20 17 32 6 1 78 73 86 5 68 80 63 37 96 3 21 27 34 13 29 56 91 7 84 65 69 92 94 57 52 24 55 82 62 46 40 36 70 38 28 8 89 33 16 39 22 85 79 64 49 58 66 51
29 36 41 53 65 77 59 89 63 5 37 42 30 32 17 69 8 51 70 43 14 85 96 18 56 24 75 12 76 78 23 13 72 15 93 35 57 82 7 80 92 1 58 86 95 2 84 79 60 55 68 83 38 50 45 19 66 81 87 9 4 91 11 26 61 73 54 47 39 62 64 27 34 90 25 52 44 16 22 6 40 20 10 74 71 3 94 21 88 67 49 46 31 28 48 33
10 5 22 34 46 58 28 70 44 82 18 23 11 1 94 38 73 32 39 24 91 66 65 95 25 89 56 77 57 59 88 90 41 92 62 4 26 51 84 49 61 78 27 67 64 79 53 60 29 36 37 52 19 31 14 96 47 50 68 74 81 72 76 7 42 54 35 16 20 43 45 8 3 71 6 33 13 93 87 83 21 85 75 55 40 80 63 86 69 48 30 15 12 9 17 2
63 70 75 87 3 15 93 27 1 39 83 76 64 66 51 7 42 85 8 77 60 35 34 52 90 58 13 46 14 16 57 59 10 49 31 69 91 20 41 18 30 47 92 36 33 48 22 17 94 89 6 21 84 96 79 53 4 19 25 43 38 29 45 72 11 23 88 81 73 12 2 61 68 28 71 86 78 50 56 40 74 54 44 24 9 37 32 55 26 5 95 80 65 62 82 67
48 43 60 72 84 96 66 12 82 24 56 49 37 39 36 76 15 70 77 50 33 8 7 25 63 31 94 19 95 85 30 32 79 34 4 42 64 89 14 87 3 20 65 9 6 21 91 86 67 62 75 90 57 69 52 26 73 88 10 16 23 2 18 45 80 92 61 54 58 81 83 46 41 1 44 71 51 35 29 13 59 27 17 93 78 22 5 28 11 74 68 53 38 47 55 40
17 24 29 41 53 65 47 77 51 89 25 30 18 20 5 57 92 39 58 31 2 73 84 6 44 12 63 96 64 66 11 1 60 3 81 23 45 70 91 68 80 85 46 74 83 86 72 67 48 43 56 71 26 38 33 7 54 69 75 93 88 79 95 14 49 61 42 35 27 50 52 15 22 78 13 40 32 4 10 90 28 8 94 62 59 87 82 9 76 55 37 34 19 16 36 21
77 84 89 5 17 29 11 41 15 53 85 90 78 80 65 21 56 3 22 91 62 37 48 66 8 72 27 60 28 30 71 61 24 63 45 83 9 34 55 32 44 49 10 38 47 50 36 31 12 7 20 35 86 2 93 67 18 33 39 57 52 43 59 74 13 25 6 95 87 14 16 75 82 42 73 4 92 64 70 54 88 68 58 26 23 51 46 69 40 19 1 94 79 76 96 81
35 30 47 59 71 83 53 95 69 11 43 48 36 26 23 63 2 57 64 37 20 91 90 24 50 18 81 6 82 84 17 19 66 21 87 29 51 76 1 74 86 7 52 92 89 8 78 73 54 49 62 77 44 56 39 13 72 75 93 3 10 85 5 32 67 79 60 41 45 68 70 33 28 96 31 58 38 22 16 12 46 14 4 80 65 9 88 15 94 61 55 40 25 34 42 27
47 42 59 71 83 95 65 11 81 23 55 60 48 38 35 75 14 69 76 49 32 7 6 36 62 30 93 18 94 96 29 31 78 33 3 41 63 88 13 86 2 19 64 8 5 20 90 85 66 61 74 89 56 68 51 25 84 87 9 15 22 1 17 44 79 91 72 53 57 80 82 45 40 12 43 70 50 34 28 24 58 26 16 92 77 21 4 27 10 73 67 52 37 46 54 39
87 94 3 15 27 39 21 51 25 63 11 4 88 90 75 31 66 13 32 5 84 59 58 76 18 82 37 70 38 40 81 83 34 73 55 93 19 44 65 42 54 71 20 60 57 72 46 41 22 17 30 45 12 24 7 77 28 43 49 67 62 53 69 96 35 47 16 9 1 36 26 85 92 52 95 14 6 74 80 64 2 78 68 48 33 61 56 79 50 29 23 8 89 86 10 91
2 9 14 26 38 50 32 62 48 74 22 15 3 5 86 42 77 36 43 16 95 70 69 87 29 93 60 81 49 51 92 94 45 96 66 8 30 55 76 53 65 82 31 71 68 83 57 52 33 28 41 56 23 35 18 88 39 54 72 78 73 64 80 11 46 58 27 20 24 47 37 12 7 63 10 25 17 85 91 75 13 89 79 59 44 84 67 90 61 40 34 19 4 1 21 6
86 93 2 14 26 38 20 50 36 62 10 3 87 89 74 30 65 24 31 4 83 58 57 75 17 81 48 69 37 39 80 82 33 84 54 92 18 43 64 41 53 70 19 59 56 71 45 40 21 16 29 44 11 23 6 76 27 42 60 66 61 52 68 95 34 46 15 8 12 35 25 96 91 51 94 13 5 73 79 63 1 77 67 47 32 72 55 78 49 28 22 7 88 85 9 90
65 72 77 89 5 17 95 29 3 41 73 78 66 68 53 9 44 87 10 79 50 25 36 54 92 60 15 48 16 18 59 49 12 51 33 71 93 22 43 20 32 37 94 26 35 38 24 19 96 91 8 23 74 86 81 55 6 21 27 45 40 31 47 62 1 13 90 83 75 2 4 63 70 30 61 88 80 52 58 42 76 56 46 14 11 39 34 57 28 7 85 82 67 64 84 69
28 35 40 52 64 76 58 88 62 4 48 41 29 31 16 68 7 50 69 42 13 96 95 17 55 23 74 11 75 77 22 24 71 14 92 34 56 81 6 79 91 12 57 85 94 1 83 78 59 54 67 82 37 49 44 18 65 80 86 8 3 90 10 25 72 84 53 46 38 61 63 26 33 89 36 51 43 15 21 5 39 19 9 73 70 2 93 20 87 66 60 45 30 27 47 32
21 16 33 45 57 69 39 81 55 93 29 34 22 24 9 49 96 43 50 35 6 77 76 10 48 4 67 88 68 70 3 5 52 7 73 15 37 62 95 72 84 89 38 78 75 90 64 71 40 47 60 63 30 42 25 11 58 61 79 85 92 83 87 18 53 65 46 27 31 54 56 19 14 82 17 44 36 8 2 94 32 12 86 66 51 91 74 1 80 59 41 26 23 20 28 13
55 50 67 79 91 7 73 19 89 31 63 68 56 58 43 95 34 77 96 69 40 15 14 44 82 38 5 26 6 8 37 39 86 41 23 49 83 12 33 10 22 27 84 16 13 28 2 9 74 81 94 1 64 76 71 45 92 11 17 35 30 21 25 52 87 3 80 61 65 88 90 53 60 20 51 78 70 42 48 32 66 46 36 4 85 29 24 47 18 93 75 72 57 54 62 59
62 69 74 86 2 14 92 26 12 38 82 75 63 65 50 6 41 96 7 76 59 34 33 51 89 57 24 45 13 15 56 58 9 60 30 68 90 19 40 17 29 46 91 35 32 47 21 16 93 88 5 20 83 95 78 52 3 18 36 42 37 28 44 71 10 22 87 80 84 11 1 72 67 27 70 85 77 49 55 39 73 53 43 23 8 48 31 54 25 4 94 79 64 61 81 66
32 27 44 56 68 80 50 92 66 8 40 45 33 35 20 72 11 54 61 46 17 88 87 21 59 15 78 3 79 81 14 16 63 18 96 26 60 73 10 83 95 4 49 89 86 5 75 82 51 58 71 74 41 53 48 22 69 84 90 12 7 94 2 29 64 76 57 38 42 65 67 30 25 93 28 55 47 19 13 9 43 23 1 77 62 6 85 24 91 70 52 37 34 31 39 36
88 95 4 16 28 40 22 52 26 64 12 5 89 91 76 32 67 14 33 6 73 60 59 77 19 83 38 71 39 41 82 84 35 74 56 94 20 45 66 43 55 72 21 49 58 61 47 42 23 18 31 46 1 13 8 78 29 44 50 68 63 54 70 85 36 48 17 10 2 25 27 86 93 53 96 15 7 75 81 65 3 79 69 37 34 62 57 80 51 30 24 9 90 87 11 92
68 63 80 92 8 20 86 32 6 44 76 81 69 71 56 12 47 90 1 82 53 28 27 57 95 51 18 39 19 21 50 52 3 54 36 62 96 13 46 23 35 40 85 29 26 41 15 22 87 94 11 14 77 89 84 58 9 24 30 48 43 34 38 65 4 16 93 74 78 5 7 66 61 33 64 91 83 55 49 45 79 59 37 17 2 42 25 60 31 10 88 73 70 67 75 72
70 65 82 94 10 22 88 34 8 46 78 83 71 61 58 2 37 92 3 84 55 30 29 59 85 53 20 41 21 23 52 54 5 56 26 64 86 15 48 13 25 42 87 31 28 43 17 24 89 96 1 16 79 91 74 60 11 14 32 38 45 36 40 67 6 18 95 76 80 7 9 68 63 35 66 93 73 57 51 47 81 49 39 19 4 44 27 50 33 12 90 75 72 69 77 62
95 90 11 23 35 47 17 59 33 71 7 12 96 86 83 27 62 21 28 1 80 55 54 84 14 78 45 66 46 48 77 79 30 81 51 89 15 40 61 38 50 67 16 56 53 68 42 37 18 13 26 41 8 20 3 73 36 39 57 63 70 49 65 92 31 43 24 5 9 32 34 93 88 60 91 22 2 82 76 72 10 74 64 44 29 69 52 75 58 25 19 4 85 94 6 87
19 14 31 43 55 67 37 79 53 91 27 32 20 22 7 59 94 41 60 33 4 75 74 8 46 2 65 86 66 68 1 3 50 5 83 13 47 72 93 70 82 87 48 76 73 88 62 69 38 45 58 61 28 40 35 9 56 71 77 95 90 81 85 16 51 63 44 25 29 52 54 17 24 80 15 42 34 6 12 92 30 10 96 64 49 89 84 11 78 57 39 36 21 18 26 23
27 34 39 51 63 75 57 87 61 3 47 40 28 30 15 67 6 49 68 41 24 95 94 16 54 22 73 10 74 76 21 23 70 13 91 33 55 80 5 78 90 11 56 96 93 12 82 77 58 53 66 81 48 60 43 17 64 79 85 7 2 89 9 36 71 83 52 45 37 72 62 25 32 88 35 50 42 14 20 4 38 18 8 84 69 1 92 19 86 65 59 44 29 26 46 31
93 88 9 21 33 45 15 57 31 69 5 10 94 96 81 25 72 19 26 11 78 53 52 82 24 76 43 64 44 46 75 77 28 79 49 87 13 38 71 48 60 65 14 54 51 66 40 47 16 23 36 39 6 18 1 83 34 37 55 61 68 59 63 90 29 41 22 3 7 30 32 91 86 58 89 20 12 80 74 70 8 84 62 42 27 67 50 73 56 35 17 2 95 92 4 85
5 12 17 29 41 53 35 65 39 77 13 18 6 8 89 45 80 27 46 19 86 61 72 90 32 96 51 84 52 54 95 85 48 87 69 11 33 58 79 56 68 73 34 62 71 74 60 55 36 31 44 59 14 26 21 91 42 57 63 81 76 67 83 2 37 49 30 23 15 38 40 3 10 66 1 28 20 88 94 78 16 92 82 50 47 75 70 93 64 43 25 22 7 4 24 9
54 49 66 78 90 6 84 18 88 30 62 67 55 57 42 94 33 76 95 68 39 14 13 43 81 37 4 25 5 7 48 38 85 40 22 60 82 11 32 9 21 26 83 15 24 27 1 8 73 80 93 12 63 75 70 44 91 10 16 34 29 20 36 51 86 2 79 72 64 87 89 52 59 19 50 77 69 41 47 31 65 45 35 3 96 28 23 46 17 92 74 71 56 53 61 58
36 31 48 60 72 84 54 96 70 12 44 37 25 27 24 64 3 58 65 38 21 92 91 13 51 19 82 7 83 73 18 20 67 22 88 30 52 77 2 75 87 8 53 93 90 9 79 74 55 50 63 78 45 57 40 14 61 76 94 4 11 86 6 33 68 80 49 42 46 69 71 34 29 85 32 59 39 23 17 1 47 15 5 81 66 10 89 16 95 62 56 41 26 35 43 28
74 81 86 2 14 26 8 38 24 50 94 87 75 77 62 18 53 12 19 88 71 46 45 63 5 69 36 57 25 27 68 70 21 72 42 80 6 31 52 29 41 58 7 47 44 59 33 28 9 4 17 32 95 11 90 64 15 30 48 54 49 40 56 83 22 34 3 92 96 23 13 84 79 39 82 1 89 61 67 51 85 65 55 35 20 60 43 66 37 16 10 91 76 73 93 78
76 83 88 4 16 28 10 40 14 52 96 89 77 79 64 20 55 2 21 90 61 48 47 65 7 71 26 59 27 29 70 72 23 62 44 82 8 33 54 31 43 60 9 37 46 49 35 30 11 6 19 34 85 1 92 66 17 32 38 56 51 42 58 73 24 36 5 94 86 13 15 74 81 41 84 3 91 63 69 53 87 67 57 25 22 50 45 68 39 18 12 93 78 75 95 80
82 77 94 10 22 34 4 46 20 58 90 95 83 73 70 14 49 8 15 96 67 42 41 71 1 65 32 53 33 35 64 66 17 68 38 76 2 27 60 25 37 54 3 43 40 55 29 36 5 12 13 28 91 7 86 72 23 26 44 50 57 48 52 79 18 30 11 88 92 19 21 80 75 47 78 9 85 69 63 59 93 61 51 31 16 56 39 62 45 24 6 87 84 81 89 74
66 61 78 90 6 18 96 30 4 42 74 79 67 69 54 10 45 88 11 80 51 26 25 55 93 49 16 37 17 19 60 50 1 52 34 72 94 23 44 21 33 38 95 27 36 39 13 20 85 92 9 24 75 87 82 56 7 22 28 46 41 32 48 63 2 14 91 84 76 3 5 64 71 31 62 89 81 53 59 43 77 57 47 15 12 40 35 58 29 8 86 83 68 65 73 70
43 38 55 67 79 91 61 7 77 19 51 56 44 46 31 83 22 65 84 57 28 3 2 32 70 26 89 14 90 92 25 27 74 29 11 37 71 96 21 94 10 15 72 4 1 16 86 93 62 69 82 85 52 64 59 33 80 95 5 23 18 9 13 40 75 87 68 49 53 76 78 41 48 8 39 66 58 30 36 20 54 34 24 88 73 17 12 35 6 81 63 60 45 42 50 47
84 79 96 12 24 36 6 48 22 60 92 85 73 75 72 16 51 10 17 86 69 44 43 61 3 67 34 55 35 25 66 68 19 70 40 78 4 29 50 27 39 56 5 45 42 57 31 26 7 2 15 30 93 9 88 62 13 28 46 52 59 38 54 81 20 32 1 90 94 21 23 82 77 37 80 11 87 71 65 49 95 63 53 33 18 58 41 64 47 14 8 89 74 83 91 76
52 59 64 76 88 4 82 16 86 28 72 65 53 55 40 92 31 74 93 66 37 24 23 41 79 47 2 35 3 5 46 48 95 38 20 58 80 9 30 7 19 36 81 13 22 25 11 6 83 78 91 10 61 73 68 42 89 8 14 32 27 18 34 49 96 12 77 70 62 85 87 50 57 17 60 75 67 39 45 29 63 43 33 1 94 26 21 44 15 90 84 69 54 51 71 56
41 48 53 65 77 89 71 5 75 17 49 54 42 44 29 81 20 63 82 55 26 1 12 30 68 36 87 24 88 90 35 25 84 27 9 47 69 94 19 92 8 13 70 2 11 14 96 91 72 67 80 95 50 62 57 31 78 93 3 21 16 7 23 38 73 85 66 59 51 74 76 39 46 6 37 64 56 28 34 18 52 32 22 86 83 15 10 33 4 79 61 58 43 40 60 45
90 85 6 18 30 42 24 54 28 66 2 7 91 93 78 34 69 16 35 8 75 50 49 79 21 73 40 61 41 43 84 74 25 76 58 96 22 47 68 45 57 62 23 51 60 63 37 44 13 20 33 48 3 15 10 80 31 46 52 70 65 56 72 87 26 38 19 12 4 27 29 88 95 55 86 17 9 77 83 67 5 81 71 39 36 64 59 82 53 32 14 11 92 89 1 94
72 67 84 96 12 24 90 36 10 48 80 73 61 63 60 4 39 94 5 74 57 32 31 49 87 55 22 43 23 13 54 56 7 58 28 66 88 17 38 15 27 44 89 33 30 45 19 14 91 86 3 18 81 93 76 50 1 16 34 40 47 26 42 69 8 20 85 78 82 9 11 70 65 25 68 95 75 59 53 37 83 51 41 21 6 46 29 52 35 2 92 77 62 71 79 64
30 25 42 54 66 78 60 90 64 6 38 43 31 33 18 70 9 52 71 44 15 86 85 19 57 13 76 1 77 79 24 14 61 16 94 36 58 83 8 81 93 2 59 87 96 3 73 80 49 56 69 84 39 51 46 20 67 82 88 10 5 92 12 27 62 74 55 48 40 63 65 28 35 91 26 53 45 17 23 7 41 21 11 75 72 4 95 22 89 68 50 47 32 29 37 34
20 15 32 44 56 68 38 80 54 92 28 33 21 23 8 60 95 42 49 34 5 76 75 9 47 3 66 87 67 69 2 4 51 6 84 14 48 61 94 71 83 88 37 77 74 89 63 70 39 46 59 62 29 41 36 10 57 72 78 96 91 82 86 17 52 64 45 26 30 53 55 18 13 81 16 43 35 7 1 93 31 11 85 65 50 90 73 12 79 58 40 25 22 19 27 24
57 52 69 81 93 9 75 21 91 33 65 70 58 60 45 85 36 79 86 71 42 17 16 46 84 40 7 28 8 10 39 41 88 43 13 51 73 2 35 12 24 29 74 18 15 30 4 11 76 83 96 3 66 78 61 47 94 1 19 25 32 23 27 54 89 5 82 63 67 90 92 55 50 22 53 80 72 44 38 34 68 48 26 6 87 31 14 37 20 95 77 62 59 56 64 49
78 73 90 6 18 30 12 42 16 54 86 91 79 81 66 22 57 4 23 92 63 38 37 67 9 61 28 49 29 31 72 62 13 64 46 84 10 35 56 33 45 50 11 39 48 51 25 32 1 8 21 36 87 3 94 68 19 34 40 58 53 44 60 75 14 26 7 96 88 15 17 76 83 43 74 5 93 65 71 55 89 69 59 27 24 52 47 70 41 20 2 95 80 77 85 82
44 39 56 68 80 92 62 8 78 20 52 57 45 47 32 84 23 66 73 58 29 4 3 33 71 27 90 15 91 93 26 28 75 30 12 38 72 85 22 95 11 16 61 5 2 17 87 94 63 70 83 86 53 65 60 34 81 96 6 24 19 10 14 41 76 88 69 50 54 77 79 42 37 9 40 67 59 31 25 21 55 35 13 89 74 18 1 36 7 82 64 49 46 43 51 48
50 57 62 74 86 2 80 14 96 26 70 63 51 53 38 90 29 84 91 64 47 22 21 39 77 45 12 33 1 3 44 46 93 48 18 56 78 7 28 5 17 34 79 23 20 35 9 4 81 76 89 8 71 83 66 40 87 6 24 30 25 16 32 59 94 10 75 68 72 95 85 60 55 15 58 73 65 37 43 27 61 41 31 11 92 36 19 42 13 88 82 67 52 49 69 54
71 66 83 95 11 23 89 35 9 47 79 84 72 62 59 3 38 93 4 73 56 31 30 60 86 54 21 42 22 24 53 55 6 57 27 65 87 16 37 14 26 43 88 32 29 44 18 13 90 85 2 17 80 92 75 49 12 15 33 39 46 25 41 68 7 19 96 77 81 8 10 69 64 36 67 94 74 58 52 48 82 50 40 20 5 45 28 51 34 1 91 76 61 70 78 63
79 74 91 7 19 31 1 43 17 55 87 92 80 82 67 23 58 5 24 93 64 39 38 68 10 62 29 50 30 32 61 63 14 65 47 73 11 36 57 34 46 51 12 40 37 52 26 33 2 9 22 25 88 4 95 69 20 35 41 59 54 45 49 76 15 27 8 85 89 16 18 77 84 44 75 6 94 66 72 56 90 70 60 28 13 53 48 71 42 21 3 96 81 78 86 83
39 46 51 63 75 87 69 3 73 15 59 52 40 42 27 79 18 61 80 53 36 11 10 28 66 34 85 22 86 88 33 35 82 25 7 45 67 92 17 90 6 23 68 12 9 24 94 89 70 65 78 93 60 72 55 29 76 91 1 19 14 5 21 48 83 95 64 57 49 84 74 37 44 4 47 62 54 26 32 16 50 30 20 96 81 13 8 31 2 77 71 56 41 38 58 43
75 82 87 3 15 27 9 39 13 51 95 88 76 78 63 19 54 1 20 89 72 47 46 64 6 70 25 58 26 28 69 71 22 61 43 81 7 32 53 30 42 59 8 48 45 60 34 29 10 5 18 33 96 12 91 65 16 31 37 55 50 41 57 84 23 35 4 93 85 24 14 73 80 40 83 2 90 62 68 52 86 66 56 36 21 49 44 67 38 17 11 92 77 74 94 79
58 53 70 82 94 10 76 22 92 34 66 71 59 49 46 86 25 80 87 72 43 18 17 47 73 41 8 29 9 11 40 42 89 44 14 52 74 3 36 1 13 30 75 19 16 31 5 12 77 84 85 4 67 79 62 48 95 2 20 26 33 24 28 55 90 6 83 64 68 91 93 56 51 23 54 81 61 45 39 35 69 37 27 7 88 32 15 38 21 96 78 63 60 57 65 50
18 13 30 42 54 66 48 78 52 90 26 31 19 21 6 58 93 40 59 32 3 74 73 7 45 1 64 85 65 67 12 2 49 4 82 24 46 71 92 69 81 86 47 75 84 87 61 68 37 44 57 72 27 39 34 8 55 70 76 94 89 80 96 15 50 62 43 36 28 51 53 16 23 79 14 41 33 5 11 91 29 9 95 63 60 88 83 10 77 56 38 35 20 17 25 22
