1 28 55 82 109 27 54 81 108 135 26 53 80 107 134 25 52 79 106 133 24 51 78 105 132 23 50 77 104 131 22 49 76 103 130 21 48 75 102 129 20 47 74 101 128 19 46 73 100 127 18 45 72 99 126 17 44 71 98 125 16 43 70 97 124 15 42 69 96 123 14 41 68 95 122 13 40 67 94 121 12 39 66 93 120 11 38 65 92 119 10 37 64 91 118 9 36 63 90 117 8 35 62 89 116 7 34 61 88 115 6 33 60 87 114 5 32 59 86 113 4 31 58 85 112 3 30 57 84 111 2 29 56 83 110
28 55 82 109 1 54 81 108 135 27 53 80 107 134 26 52 79 106 133 25 51 78 105 132 24 50 77 104 131 23 49 76 103 130 22 48 75 102 129 21 47 74 101 128 20 46 73 100 127 19 45 72 99 126 18 44 71 98 125 17 43 70 97 124 16 42 69 96 123 15 41 68 95 122 14 40 67 94 121 13 39 66 93 120 12 38 65 92 119 11 37 64 91 118 10 36 63 90 117 9 35 62 89 116 8 34 61 88 115 7 33 60 87 114 6 32 59 86 113 5 31 58 85 112 4 30 57 84 111 3 29 56 83 110 2
55 82 109 1 28 81 108 135 27 54 80 107 134 26 53 79 106 133 25 52 78 105 132 24 51 77 104 131 23 50 76 103 130 22 49 75 102 129 21 48 74 101 128 20 47 73 100 127 19 46 72 99 126 18 45 71 98 125 17 44 70 97 124 16 43 69 96 123 15 42 68 95 122 14 41 67 94 121 13 40 66 93 120 12 39 65 92 119 11 38 64 91 118 10 37 63 90 117 9 36 62 89 116 8 35 61 88 115 7 34 60 87 114 6 33 59 86 113 5 32 58 85 112 4 31 57 84 111 3 30 56 83 110 2 29
82 109 1 28 55 108 135 27 54 81 107 134 26 53 80 106 133 25 52 79 105 132 24 51 78 104 131 23 50 77 103 130 22 49 76 102 129 21 48 75 101 128 20 47 74 100 127 19 46 73 99 126 18 45 72 98 125 17 44 71 97 124 16 43 70 96 123 15 42 69 95 122 14 41 68 94 121 13 40 67 93 120 12 39 66 92 119 11 38 65 91 118 10 37 64 90 117 9 36 63 89 116 8 35 62 88 115 7 34 61 87 114 6 33 60 86 113 5 32 59 85 112 4 31 58 84 111 3 30 57 83 110 2 29 56
109 1 28 55 82 135 27 54 81 108 134 26 53 80 107 133 25 52 79 106 132 24 51 78 105 131 23 50 77 104 130 22 49 76 103 129 21 48 75 102 128 20 47 74 101 127 19 46 73 100 126 18 45 72 99 125 17 44 71 98 124 16 43 70 97 123 15 42 69 96 122 14 41 68 95 121 13 40 67 94 120 12 39 66 93 119 11 38 65 92 118 10 37 64 91 117 9 36 63 90 116 8 35 62 89 115 7 34 61 88 114 6 33 60 87 113 5 32 59 86 112 4 31 58 85 111 3 30 57 84 110 2 29 56 83
2 29 56 83 110 1 28 55 82 109 27 54 81 108 135 26 53 80 107 134 25 52 79 106 133 24 51 78 105 132 23 50 77 104 131 22 49 76 103 130 21 48 75 102 129 20 47 74 101 128 19 46 73 100 127 18 45 72 99 126 17 44 71 98 125 16 43 70 97 124 15 42 69 96 123 14 41 68 95 122 13 40 67 94 121 12 39 66 93 120 11 38 65 92 119 10 37 64 91 118 9 36 63 90 117 8 35 62 89 116 7 34 61 88 115 6 33 60 87 114 5 32 59 86 113 4 31 58 85 112 3 30 57 84 111
29 56 83 110 2 28 55 82 109 1 54 81 108 135 27 53 80 107 134 26 52 79 106 133 25 51 78 105 132 24 50 77 104 131 23 49 76 103 130 22 48 75 102 129 21 47 74 101 128 20 46 73 100 127 19 45 72 99 126 18 44 71 98 125 17 43 70 97 124 16 42 69 96 123 15 41 68 95 122 14 40 67 94 121 13 39 66 93 120 12 38 65 92 119 11 37 64 91 118 10 36 63 90 117 9 35 62 89 116 8 34 61 88 115 7 33 60 87 114 6 32 59 86 113 5 31 58 85 112 4 30 57 84 111 3
56 83 110 2 29 55 82 109 1 28 81 108 135 27 54 80 107 134 26 53 79 106 133 25 52 78 105 132 24 51 77 104 131 23 50 76 103 130 22 49 75 102 129 21 48 74 101 128 20 47 73 100 127 19 46 72 99 126 18 45 71 98 125 17 44 70 97 124 16 43 69 96 123 15 42 68 95 122 14 41 67 94 121 13 40 66 93 120 12 39 65 92 119 11 38 64 91 118 10 37 63 90 117 9 36 62 89 116 8 35 61 88 115 7 34 60 87 114 6 33 59 86 113 5 32 58 85 112 4 31 57 84 111 3 30
83 110 2 29 56 82 109 1 28 55 108 135 27 54 81 107 134 26 53 80 106 133 25 52 79 105 132 24 51 78 104 131 23 50 77 103 130 22 49 76 102 129 21 48 75 101 128 20 47 74 100 127 19 46 73 99 126 18 45 72 98 125 17 44 71 97 124 16 43 70 96 123 15 42 69 95 122 14 41 68 94 121 13 40 67 93 120 12 39 66 92 119 11 38 65 91 118 10 37 64 90 117 9 36 63 89 116 8 35 62 88 115 7 34 61 87 114 6 33 60 86 113 5 32 59 85 112 4 31 58 84 111 3 30 57
110 2 29 56 83 109 1 28 55 82 135 27 54 81 108 134 26 53 80 107 133 25 52 79 106 132 24 51 78 105 131 23 50 77 104 130 22 49 76 103 129 21 48 75 102 128 20 47 74 101 127 19 46 73 100 126 18 45 72 99 125 17 44 71 98 124 16 43 70 97 123 15 42 69 96 122 14 41 68 95 121 13 40 67 94 120 12 39 66 93 119 11 38 65 92 118 10 37 64 91 117 9 36 63 90 116 8 35 62 89 115 7 34 61 88 114 6 33 60 87 113 5 32 59 86 112 4 31 58 85 111 3 30 57 84
3 30 57 84 111 2 29 56 83 110 1 28 55 82 109 27 54 81 108 135 26 53 80 107 134 25 52 79 106 133 24 51 78 105 132 23 50 77 104 131 22 49 76 103 130 21 48 75 102 129 20 47 74 101 128 19 46 73 100 127 18 45 72 99 126 17 44 71 98 125 16 43 70 97 124 15 42 69 96 123 14 41 68 95 122 13 40 67 94 121 12 39 66 93 120 11 38 65 92 119 10 37 64 91 118 9 36 63 90 117 8 35 62 89 116 7 34 61 88 115 6 33 60 87 114 5 32 59 86 113 4 31 58 85 112
30 57 84 111 3 29 56 83 110 2 28 55 82 109 1 54 81 108 135 27 53 80 107 134 26 52 79 106 133 25 51 78 105 132 24 50 77 104 131 23 49 76 103 130 22 48 75 102 129 21 47 74 101 128 20 46 73 100 127 19 45 72 99 126 18 44 71 98 125 17 43 70 97 124 16 42 69 96 123 15 41 68 95 122 14 40 67 94 121 13 39 66 93 120 12 38 65 92 119 11 37 64 91 118 10 36 63 90 117 9 35 62 89 116 8 34 61 88 115 7 33 60 87 114 6 32 59 86 113 5 31 58 85 112 4
57 84 111 3 30 56 83 110 2 29 55 82 109 1 28 81 108 135 27 54 80 107 134 26 53 79 106 133 25 52 78 105 132 24 51 77 104 131 23 50 76 103 130 22 49 75 102 129 21 48 74 101 128 20 47 73 100 127 19 46 72 99 126 18 45 71 98 125 17 44 70 97 124 16 43 69 96 123 15 42 68 95 122 14 41 67 94 121 13 40 66 93 120 12 39 65 92 119 11 38 64 91 118 10 37 63 90 117 9 36 62 89 116 8 35 61 88 115 7 34 60 87 114 6 33 59 86 113 5 32 58 85 112 4 31
84 111 3 30 57 83 110 2 29 56 82 109 1 28 55 108 135 27 54 81 107 134 26 53 80 106 133 25 52 79 105 132 24 51 78 104 131 23 50 77 103 130 22 49 76 102 129 21 48 75 101 128 20 47 74 100 127 19 46 73 99 126 18 45 72 98 125 17 44 71 97 124 16 43 70 96 123 15 42 69 95 122 14 41 68 94 121 13 40 67 93 120 12 39 66 92 119 11 38 65 91 118 10 37 64 90 117 9 36 63 89 116 8 35 62 88 115 7 34 61 87 114 6 33 60 86 113 5 32 59 85 112 4 31 58
111 3 30 57 84 110 2 29 56 83 109 1 28 55 82 135 27 54 81 108 134 26 53 80 107 133 25 52 79 106 132 24 51 78 105 131 23 50 77 104 130 22 49 76 103 129 21 48 75 102 128 20 47 74 101 127 19 46 73 100 126 18 45 72 99 125 17 44 71 98 124 16 43 70 97 123 15 42 69 96 122 14 41 68 95 121 13 40 67 94 120 12 39 66 93 119 11 38 65 92 118 10 37 64 91 117 9 36 63 90 116 8 35 62 89 115 7 34 61 88 114 6 33 60 87 113 5 32 59 86 112 4 31 58 85
4 31 58 85 112 3 30 57 84 111 2 29 56 83 110 1 28 55 82 109 27 54 81 108 135 26 53 80 107 134 25 52 79 106 133 24 51 78 105 132 23 50 77 104 131 22 49 76 103 130 21 48 75 102 129 20 47 74 101 128 19 46 73 100 127 18 45 72 99 126 17 44 71 98 125 16 43 70 97 124 15 42 69 96 123 14 41 68 95 122 13 40 67 94 121 12 39 66 93 120 11 38 65 92 119 10 37 64 91 118 9 36 63 90 117 8 35 62 89 116 7 34 61 88 115 6 33 60 87 114 5 32 59 86 113
31 58 85 112 4 30 57 84 111 3 29 56 83 110 2 28 55 82 109 1 54 81 108 135 27 53 80 107 134 26 52 79 106 133 25 51 78 105 132 24 50 77 104 131 23 49 76 103 130 22 48 75 102 129 21 47 74 101 128 20 46 73 100 127 19 45 72 99 126 18 44 71 98 125 17 43 70 97 124 16 42 69 96 123 15 41 68 95 122 14 40 67 94 121 13 39 66 93 120 12 38 65 92 119 11 37 64 91 118 10 36 63 90 117 9 35 62 89 116 8 34 61 88 115 7 33 60 87 114 6 32 59 86 113 5
58 85 112 4 31 57 84 111 3 30 56 83 110 2 29 55 82 109 1 28 81 108 135 27 54 80 107 134 26 53 79 106 133 25 52 78 105 132 24 51 77 104 131 23 50 76 103 130 22 49 75 102 129 21 48 74 101 128 20 47 73 100 127 19 46 72 99 126 18 45 71 98 125 17 44 70 97 124 16 43 69 96 123 15 42 68 95 122 14 41 67 94 121 13 40 66 93 120 12 39 65 92 119 11 38 64 91 118 10 37 63 90 117 9 36 62 89 116 8 35 61 88 115 7 34 60 87 114 6 33 59 86 113 5 32
85 112 4 31 58 84 111 3 30 57 83 110 2 29 56 82 109 1 28 55 108 135 27 54 81 107 134 26 53 80 106 133 25 52 79 105 132 24 51 78 104 131 23 50 77 103 130 22 49 76 102 129 21 48 75 101 128 20 47 74 100 127 19 46 73 99 126 18 45 72 98 125 17 44 71 97 124 16 43 70 96 123 15 42 69 95 122 14 41 68 94 121 13 40 67 93 120 12 39 66 92 119 11 38 65 91 118 10 37 64 90 117 9 36 63 89 116 8 35 62 88 115 7 34 61 87 114 6 33 60 86 113 5 32 59
112 4 31 58 85 111 3 30 57 84 110 2 29 56 83 109 1 28 55 82 135 27 54 81 108 134 26 53 80 107 133 25 52 79 106 132 24 51 78 105 131 23 50 77 104 130 22 49 76 103 129 21 48 75 102 128 20 47 74 101 127 19 46 73 100 126 18 45 72 99 125 17 44 71 98 124 16 43 70 97 123 15 42 69 96 122 14 41 68 95 121 13 40 67 94 120 12 39 66 93 119 11 38 65 92 118 10 37 64 91 117 9 36 63 90 116 8 35 62 89 115 7 34 61 88 114 6 33 60 87 113 5 32 59 86
5 32 59 86 113 4 31 58 85 112 3 30 57 84 111 2 29 56 83 110 1 28 55 82 109 27 54 81 108 135 26 53 80 107 134 25 52 79 106 133 24 51 78 105 132 23 50 77 104 131 22 49 76 103 130 21 48 75 102 129 20 47 74 101 128 19 46 73 100 127 18 45 72 99 126 17 44 71 98 125 16 43 70 97 124 15 42 69 96 123 14 41 68 95 122 13 40 67 94 121 12 39 66 93 120 11 38 65 92 119 10 37 64 91 118 9 36 63 90 117 8 35 62 89 116 7 34 61 88 115 6 33 60 87 114
32 59 86 113 5 31 58 85 112 4 30 57 84 111 3 29 56 83 110 2 28 55 82 109 1 54 81 108 135 27 53 80 107 134 26 52 79 106 133 25 51 78 105 132 24 50 77 104 131 23 49 76 103 130 22 48 75 102 129 21 47 74 101 128 20 46 73 100 127 19 45 72 99 126 18 44 71 98 125 17 43 70 97 124 16 42 69 96 123 15 41 68 95 122 14 40 67 94 121 13 39 66 93 120 12 38 65 92 119 11 37 64 91 118 10 36 63 90 117 9 35 62 89 116 8 34 61 88 115 7 33 60 87 114 6
59 86 113 5 32 58 85 112 4 31 57 84 111 3 30 56 83 110 2 29 55 82 109 1 28 81 108 135 27 54 80 107 134 26 53 79 106 133 25 52 78 105 132 24 51 77 104 131 23 50 76 103 130 22 49 75 102 129 21 48 74 101 128 20 47 73 100 127 19 46 72 99 126 18 45 71 98 125 17 44 70 97 124 16 43 69 96 123 15 42 68 95 122 14 41 67 94 121 13 40 66 93 120 12 39 65 92 119 11 38 64 91 118 10 37 63 90 117 9 36 62 89 116 8 35 61 88 115 7 34 60 87 114 6 33
86 113 5 32 59 85 112 4 31 58 84 111 3 30 57 83 110 2 29 56 82 109 1 28 55 108 135 27 54 81 107 134 26 53 80 106 133 25 52 79 105 132 24 51 78 104 131 23 50 77 103 130 22 49 76 102 129 21 48 75 101 128 20 47 74 100 127 19 46 73 99 126 18 45 72 98 125 17 44 71 97 124 16 43 70 96 123 15 42 69 95 122 14 41 68 94 121 13 40 67 93 120 12 39 66 92 119 11 38 65 91 118 10 37 64 90 117 9 36 63 89 116 8 35 62 88 115 7 34 61 87 114 6 33 60
113 5 32 59 86 112 4 31 58 85 111 3 30 57 84 110 2 29 56 83 109 1 28 55 82 135 27 54 81 108 134 26 53 80 107 133 25 52 79 106 132 24 51 78 105 131 23 50 77 104 130 22 49 76 103 129 21 48 75 102 128 20 47 74 101 127 19 46 73 100 126 18 45 72 99 125 17 44 71 98 124 16 43 70 97 123 15 42 69 96 122 14 41 68 95 121 13 40 67 94 120 12 39 66 93 119 11 38 65 92 118 10 37 64 91 117 9 36 63 90 116 8 35 62 89 115 7 34 61 88 114 6 33 60 87
6 33 60 87 114 5 32 59 86 113 4 31 58 85 112 3 30 57 84 111 2 29 56 83 110 1 28 55 82 109 27 54 81 108 135 26 53 80 107 134 25 52 79 106 133 24 51 78 105 132 23 50 77 104 131 22 49 76 103 130 21 48 75 102 129 20 47 74 101 128 19 46 73 100 127 18 45 72 99 126 17 44 71 98 125 16 43 70 97 124 15 42 69 96 123 14 41 68 95 122 13 40 67 94 121 12 39 66 93 120 11 38 65 92 119 10 37 64 91 118 9 36 63 90 117 8 35 62 89 116 7 34 61 88 115
33 60 87 114 6 32 59 86 113 5 31 58 85 112 4 30 57 84 111 3 29 56 83 110 2 28 55 82 109 1 54 81 108 135 27 53 80 107 134 26 52 79 106 133 25 51 78 105 132 24 50 77 104 131 23 49 76 103 130 22 48 75 102 129 21 47 74 101 128 20 46 73 100 127 19 45 72 99 126 18 44 71 98 125 17 43 70 97 124 16 42 69 96 123 15 41 68 95 122 14 40 67 94 121 13 39 66 93 120 12 38 65 92 119 11 37 64 91 118 10 36 63 90 117 9 35 62 89 116 8 34 61 88 115 7
60 87 114 6 33 59 86 113 5 32 58 85 112 4 31 57 84 111 3 30 56 83 110 2 29 55 82 109 1 28 81 108 135 27 54 80 107 134 26 53 79 106 133 25 52 78 105 132 24 51 77 104 131 23 50 76 103 130 22 49 75 102 129 21 48 74 101 128 20 47 73 100 127 19 46 72 99 126 18 45 71 98 125 17 44 70 97 124 16 43 69 96 123 15 42 68 95 122 14 41 67 94 121 13 40 66 93 120 12 39 65 92 119 11 38 64 91 118 10 37 63 90 117 9 36 62 89 116 8 35 61 88 115 7 34
87 114 6 33 60 86 113 5 32 59 85 112 4 31 58 84 111 3 30 57 83 110 2 29 56 82 109 1 28 55 108 135 27 54 81 107 134 26 53 80 106 133 25 52 79 105 132 24 51 78 104 131 23 50 77 103 130 22 49 76 102 129 21 48 75 101 128 20 47 74 100 127 19 46 73 99 126 18 45 72 98 125 17 44 71 97 124 16 43 70 96 123 15 42 69 95 122 14 41 68 94 121 13 40 67 93 120 12 39 66 92 119 11 38 65 91 118 10 37 64 90 117 9 36 63 89 116 8 35 62 88 115 7 34 61
114 6 33 60 87 113 5 32 59 86 112 4 31 58 85 111 3 30 57 84 110 2 29 56 83 109 1 28 55 82 135 27 54 81 108 134 26 53 80 107 133 25 52 79 106 132 24 51 78 105 131 23 50 77 104 130 22 49 76 103 129 21 48 75 102 128 20 47 74 101 127 19 46 73 100 126 18 45 72 99 125 17 44 71 98 124 16 43 70 97 123 15 42 69 96 122 14 41 68 95 121 13 40 67 94 120 12 39 66 93 119 11 38 65 92 118 10 37 64 91 117 9 36 63 90 116 8 35 62 89 115 7 34 61 88
7 34 61 88 115 6 33 60 87 114 5 32 59 86 113 4 31 58 85 112 3 30 57 84 111 2 29 56 83 110 1 28 55 82 109 27 54 81 108 135 26 53 80 107 134 25 52 79 106 133 24 51 78 105 132 23 50 77 104 131 22 49 76 103 130 21 48 75 102 129 20 47 74 101 128 19 46 73 100 127 18 45 72 99 126 17 44 71 98 125 16 43 70 97 124 15 42 69 96 123 14 41 68 95 122 13 40 67 94 121 12 39 66 93 120 11 38 65 92 119 10 37 64 91 118 9 36 63 90 117 8 35 62 89 116
34 61 88 115 7 33 60 87 114 6 32 59 86 113 5 31 58 85 112 4 30 57 84 111 3 29 56 83 110 2 28 55 82 109 1 54 81 108 135 27 53 80 107 134 26 52 79 106 133 25 51 78 105 132 24 50 77 104 131 23 49 76 103 130 22 48 75 102 129 21 47 74 101 128 20 46 73 100 127 19 45 72 99 126 18 44 71 98 125 17 43 70 97 124 16 42 69 96 123 15 41 68 95 122 14 40 67 94 121 13 39 66 93 120 12 38 65 92 119 11 37 64 91 118 10 36 63 90 117 9 35 62 89 116 8
61 88 115 7 34 60 87 114 6 33 59 86 113 5 32 58 85 112 4 31 57 84 111 3 30 56 83 110 2 29 55 82 109 1 28 81 108 135 27 54 80 107 134 26 53 79 106 133 25 52 78 105 132 24 51 77 104 131 23 50 76 103 130 22 49 75 102 129 21 48 74 101 128 20 47 73 100 127 19 46 72 99 126 18 45 71 98 125 17 44 70 97 124 16 43 69 96 123 15 42 68 95 122 14 41 67 94 121 13 40 66 93 120 12 39 65 92 119 11 38 64 91 118 10 37 63 90 117 9 36 62 89 116 8 35
88 115 7 34 61 87 114 6 33 60 86 113 5 32 59 85 112 4 31 58 84 111 3 30 57 83 110 2 29 56 82 109 1 28 55 108 135 27 54 81 107 134 26 53 80 106 133 25 52 79 105 132 24 51 78 104 131 23 50 77 103 130 22 49 76 102 129 21 48 75 101 128 20 47 74 100 127 19 46 73 99 126 18 45 72 98 125 17 44 71 97 124 16 43 70 96 123 15 42 69 95 122 14 41 68 94 121 13 40 67 93 120 12 39 66 92 119 11 38 65 91 118 10 37 64 90 117 9 36 63 89 116 8 35 62
115 7 34 61 88 114 6 33 60 87 113 5 32 59 86 112 4 31 58 85 111 3 30 57 84 110 2 29 56 83 109 1 28 55 82 135 27 54 81 108 134 26 53 80 107 133 25 52 79 106 132 24 51 78 105 131 23 50 77 104 130 22 49 76 103 129 21 48 75 102 128 20 47 74 101 127 19 46 73 100 126 18 45 72 99 125 17 44 71 98 124 16 43 70 97 123 15 42 69 96 122 14 41 68 95 121 13 40 67 94 120 12 39 66 93 119 11 38 65 92 118 10 37 64 91 117 9 36 63 90 116 8 35 62 89
8 35 62 89 116 7 34 61 88 115 6 33 60 87 114 5 32 59 86 113 4 31 58 85 112 3 30 57 84 111 2 29 56 83 110 1 28 55 82 109 27 54 81 108 135 26 53 80 107 134 25 52 79 106 133 24 51 78 105 132 23 50 77 104 131 22 49 76 103 130 21 48 75 102 129 20 47 74 101 128 19 46 73 100 127 18 45 72 99 126 17 44 71 98 125 16 43 70 97 124 15 42 69 96 123 14 41 68 95 122 13 40 67 94 121 12 39 66 93 120 11 38 65 92 119 10 37 64 91 118 9 36 63 90 117
35 62 89 116 8 34 61 88 115 7 33 60 87 114 6 32 59 86 113 5 31 58 85 112 4 30 57 84 111 3 29 56 83 110 2 28 55 82 109 1 54 81 108 135 27 53 80 107 134 26 52 79 106 133 25 51 78 105 132 24 50 77 104 131 23 49 76 103 130 22 48 75 102 129 21 47 74 101 128 20 46 73 100 127 19 45 72 99 126 18 44 71 98 125 17 43 70 97 124 16 42 69 96 123 15 41 68 95 122 14 40 67 94 121 13 39 66 93 120 12 38 65 92 119 11 37 64 91 118 10 36 63 90 117 9
62 89 116 8 35 61 88 115 7 34 60 87 114 6 33 59 86 113 5 32 58 85 112 4 31 57 84 111 3 30 56 83 110 2 29 55 82 109 1 28 81 108 135 27 54 80 107 134 26 53 79 106 133 25 52 78 105 132 24 51 77 104 131 23 50 76 103 130 22 49 75 102 129 21 48 74 101 128 20 47 73 100 127 19 46 72 99 126 18 45 71 98 125 17 44 70 97 124 16 43 69 96 123 15 42 68 95 122 14 41 67 94 121 13 40 66 93 120 12 39 65 92 119 11 38 64 91 118 10 37 63 90 117 9 36
89 116 8 35 62 88 115 7 34 61 87 114 6 33 60 86 113 5 32 59 85 112 4 31 58 84 111 3 30 57 83 110 2 29 56 82 109 1 28 55 108 135 27 54 81 107 134 26 53 80 106 133 25 52 79 105 132 24 51 78 104 131 23 50 77 103 130 22 49 76 102 129 21 48 75 101 128 20 47 74 100 127 19 46 73 99 126 18 45 72 98 125 17 44 71 97 124 16 43 70 96 123 15 42 69 95 122 14 41 68 94 121 13 40 67 93 120 12 39 66 92 119 11 38 65 91 118 10 37 64 90 117 9 36 63
116 8 35 62 89 115 7 34 61 88 114 6 33 60 87 113 5 32 59 86 112 4 31 58 85 111 3 30 57 84 110 2 29 56 83 109 1 28 55 82 135 27 54 81 108 134 26 53 80 107 133 25 52 79 106 132 24 51 78 105 131 23 50 77 104 130 22 49 76 103 129 21 48 75 102 128 20 47 74 101 127 19 46 73 100 126 18 45 72 99 125 17 44 71 98 124 16 43 70 97 123 15 42 69 96 122 14 41 68 95 121 13 40 67 94 120 12 39 66 93 119 11 38 65 92 118 10 37 64 91 117 9 36 63 90
9 36 63 90 117 8 35 62 89 116 7 34 61 88 115 6 33 60 87 114 5 32 59 86 113 4 31 58 85 112 3 30 57 84 111 2 29 56 83 110 1 28 55 82 109 27 54 81 108 135 26 53 80 107 134 25 52 79 106 133 24 51 78 105 132 23 50 77 104 131 22 49 76 103 130 21 48 75 102 129 20 47 74 101 128 19 46 73 100 127 18 45 72 99 126 17 44 71 98 125 16 43 70 97 124 15 42 69 96 123 14 41 68 95 122 13 40 67 94 121 12 39 66 93 120 11 38 65 92 119 10 37 64 91 118
36 63 90 117 9 35 62 89 116 8 34 61 88 115 7 33 60 87 114 6 32 59 86 113 5 31 58 85 112 4 30 57 84 111 3 29 56 83 110 2 28 55 82 109 1 54 81 108 135 27 53 80 107 134 26 52 79 106 133 25 51 78 105 132 24 50 77 104 131 23 49 76 103 130 22 48 75 102 129 21 47 74 101 128 20 46 73 100 127 19 45 72 99 126 18 44 71 98 125 17 43 70 97 124 16 42 69 96 123 15 41 68 95 122 14 40 67 94 121 13 39 66 93 120 12 38 65 92 119 11 37 64 91 118 10
63 90 117 9 36 62 89 116 8 35 61 88 115 7 34 60 87 114 6 33 59 86 113 5 32 58 85 112 4 31 57 84 111 3 30 56 83 110 2 29 55 82 109 1 28 81 108 135 27 54 80 107 134 26 53 79 106 133 25 52 78 105 132 24 51 77 104 131 23 50 76 103 130 22 49 75 102 129 21 48 74 101 128 20 47 73 100 127 19 46 72 99 126 18 45 71 98 125 17 44 70 97 124 16 43 69 96 123 15 42 68 95 122 14 41 67 94 121 13 40 66 93 120 12 39 65 92 119 11 38 64 91 118 10 37
90 117 9 36 63 89 116 8 35 62 88 115 7 34 61 87 114 6 33 60 86 113 5 32 59 85 112 4 31 58 84 111 3 30 57 83 110 2 29 56 82 109 1 28 55 108 135 27 54 81 107 134 26 53 80 106 133 25 52 79 105 132 24 51 78 104 131 23 50 77 103 130 22 49 76 102 129 21 48 75 101 128 20 47 74 100 127 19 46 73 99 126 18 45 72 98 125 17 44 71 97 124 16 43 70 96 123 15 42 69 95 122 14 41 68 94 121 13 40 67 93 120 12 39 66 92 119 11 38 65 91 118 10 37 64
117 9 36 63 90 116 8 35 62 89 115 7 34 61 88 114 6 33 60 87 113 5 32 59 86 112 4 31 58 85 111 3 30 57 84 110 2 29 56 83 109 1 28 55 82 135 27 54 81 108 134 26 53 80 107 133 25 52 79 106 132 24 51 78 105 131 23 50 77 104 130 22 49 76 103 129 21 48 75 102 128 20 47 74 101 127 19 46 73 100 126 18 45 72 99 125 17 44 71 98 124 16 43 70 97 123 15 42 69 96 122 14 41 68 95 121 13 40 67 94 120 12 39 66 93 119 11 38 65 92 118 10 37 64 91
10 37 64 91 118 9 36 63 90 117 8 35 62 89 116 7 34 61 88 115 6 33 60 87 114 5 32 59 86 113 4 31 58 85 112 3 30 57 84 111 2 29 56 83 110 1 28 55 82 109 27 54 81 108 135 26 53 80 107 134 25 52 79 106 133 24 51 78 105 132 23 50 77 104 131 22 49 76 103 130 21 48 75 102 129 20 47 74 101 128 19 46 73 100 127 18 45 72 99 126 17 44 71 98 125 16 43 70 97 124 15 42 69 96 123 14 41 68 95 122 13 40 67 94 121 12 39 66 93 120 11 38 65 92 119
37 64 91 118 10 36 63 90 117 9 35 62 89 116 8 34 61 88 115 7 33 60 87 114 6 32 59 86 113 5 31 58 85 112 4 30 57 84 111 3 29 56 83 110 2 28 55 82 109 1 54 81 108 135 27 53 80 107 134 26 52 79 106 133 25 51 78 105 132 24 50 77 104 131 23 49 76 103 130 22 48 75 102 129 21 47 74 101 128 20 46 73 100 127 19 45 72 99 126 18 44 71 98 125 17 43 70 97 124 16 42 69 96 123 15 41 68 95 122 14 40 67 94 121 13 39 66 93 120 12 38 65 92 119 11
64 91 118 10 37 63 90 117 9 36 62 89 116 8 35 61 88 115 7 34 60 87 114 6 33 59 86 113 5 32 58 85 112 4 31 57 84 111 3 30 56 83 110 2 29 55 82 109 1 28 81 108 135 27 54 80 107 134 26 53 79 106 133 25 52 78 105 132 24 51 77 104 131 23 50 76 103 130 22 49 75 102 129 21 48 74 101 128 20 47 73 100 127 19 46 72 99 126 18 45 71 98 125 17 44 70 97 124 16 43 69 96 123 15 42 68 95 122 14 41 67 94 121 13 40 66 93 120 12 39 65 92 119 11 38
91 118 10 37 64 90 117 9 36 63 89 116 8 35 62 88 115 7 34 61 87 114 6 33 60 86 113 5 32 59 85 112 4 31 58 84 111 3 30 57 83 110 2 29 56 82 109 1 28 55 108 135 27 54 81 107 134 26 53 80 106 133 25 52 79 105 132 24 51 78 104 131 23 50 77 103 130 22 49 76 102 129 21 48 75 101 128 20 47 74 100 127 19 46 73 99 126 18 45 72 98 125 17 44 71 97 124 16 43 70 96 123 15 42 69 95 122 14 41 68 94 121 13 40 67 93 120 12 39 66 92 119 11 38 65
118 10 37 64 91 117 9 36 63 90 116 8 35 62 89 115 7 34 61 88 114 6 33 60 87 113 5 32 59 86 112 4 31 58 85 111 3 30 57 84 110 2 29 56 83 109 1 28 55 82 135 27 54 81 108 134 26 53 80 107 133 25 52 79 106 132 24 51 78 105 131 23 50 77 104 130 22 49 76 103 129 21 48 75 102 128 20 47 74 101 127 19 46 73 100 126 18 45 72 99 125 17 44 71 98 124 16 43 70 97 123 15 42 69 96 122 14 41 68 95 121 13 40 67 94 120 12 39 66 93 119 11 38 65 92
11 38 65 92 119 10 37 64 91 118 9 36 63 90 117 8 35 62 89 116 7 34 61 88 115 6 33 60 87 114 5 32 59 86 113 4 31 58 85 112 3 30 57 84 111 2 29 56 83 110 1 28 55 82 109 27 54 81 108 135 26 53 80 107 134 25 52 79 106 133 24 51 78 105 132 23 50 77 104 131 22 49 76 103 130 21 48 75 102 129 20 47 74 101 128 19 46 73 100 127 18 45 72 99 126 17 44 71 98 125 16 43 70 97 124 15 42 69 96 123 14 41 68 95 122 13 40 67 94 121 12 39 66 93 120
38 65 92 119 11 37 64 91 118 10 36 63 90 117 9 35 62 89 116 8 34 61 88 115 7 33 60 87 114 6 32 59 86 113 5 31 58 85 112 4 30 57 84 111 3 29 56 83 110 2 28 55 82 109 1 54 81 108 135 27 53 80 107 134 26 52 79 106 133 25 51 78 105 132 24 50 77 104 131 23 49 76 103 130 22 48 75 102 129 21 47 74 101 128 20 46 73 100 127 19 45 72 99 126 18 44 71 98 125 17 43 70 97 124 16 42 69 96 123 15 41 68 95 122 14 40 67 94 121 13 39 66 93 120 12
65 92 119 11 38 64 91 118 10 37 63 90 117 9 36 62 89 116 8 35 61 88 115 7 34 60 87 114 6 33 59 86 113 5 32 58 85 112 4 31 57 84 111 3 30 56 83 110 2 29 55 82 109 1 28 81 108 135 27 54 80 107 134 26 53 79 106 133 25 52 78 105 132 24 51 77 104 131 23 50 76 103 130 22 49 75 102 129 21 48 74 101 128 20 47 73 100 127 19 46 72 99 126 18 45 71 98 125 17 44 70 97 124 16 43 69 96 123 15 42 68 95 122 14 41 67 94 121 13 40 66 93 120 12 39
92 119 11 38 65 91 118 10 37 64 90 117 9 36 63 89 116 8 35 62 88 115 7 34 61 87 114 6 33 60 86 113 5 32 59 85 112 4 31 58 84 111 3 30 57 83 110 2 29 56 82 109 1 28 55 108 135 27 54 81 107 134 26 53 80 106 133 25 52 79 105 132 24 51 78 104 131 23 50 77 103 130 22 49 76 102 129 21 48 75 101 128 20 47 74 100 127 19 46 73 99 126 18 45 72 98 125 17 44 71 97 124 16 43 70 96 123 15 42 69 95 122 14 41 68 94 121 13 40 67 93 120 12 39 66
119 11 38 65 92 118 10 37 64 91 117 9 36 63 90 116 8 35 62 89 115 7 34 61 88 114 6 33 60 87 113 5 32 59 86 112 4 31 58 85 111 3 30 57 84 110 2 29 56 83 109 1 28 55 82 135 27 54 81 108 134 26 53 80 107 133 25 52 79 106 132 24 51 78 105 131 23 50 77 104 130 22 49 76 103 129 21 48 75 102 128 20 47 74 101 127 19 46 73 100 126 18 45 72 99 125 17 44 71 98 124 16 43 70 97 123 15 42 69 96 122 14 41 68 95 121 13 40 67 94 120 12 39 66 93
12 39 66 93 120 11 38 65 92 119 10 37 64 91 118 9 36 63 90 117 8 35 62 89 116 7 34 61 88 115 6 33 60 87 114 5 32 59 86 113 4 31 58 85 112 3 30 57 84 111 2 29 56 83 110 1 28 55 82 109 27 54 81 108 135 26 53 80 107 134 25 52 79 106 133 24 51 78 105 132 23 50 77 104 131 22 49 76 103 130 21 48 75 102 129 20 47 74 101 128 19 46 73 100 127 18 45 72 99 126 17 44 71 98 125 16 43 70 97 124 15 42 69 96 123 14 41 68 95 122 13 40 67 94 121
39 66 93 120 12 38 65 92 119 11 37 64 91 118 10 36 63 90 117 9 35 62 89 116 8 34 61 88 115 7 33 60 87 114 6 32 59 86 113 5 31 58 85 112 4 30 57 84 111 3 29 56 83 110 2 28 55 82 109 1 54 81 108 135 27 53 80 107 134 26 52 79 106 133 25 51 78 105 132 24 50 77 104 131 23 49 76 103 130 22 48 75 102 129 21 47 74 101 128 20 46 73 100 127 19 45 72 99 126 18 44 71 98 125 17 43 70 97 124 16 42 69 96 123 15 41 68 95 122 14 40 67 94 121 13
66 93 120 12 39 65 92 119 11 38 64 91 118 10 37 63 90 117 9 36 62 89 116 8 35 61 88 115 7 34 60 87 114 6 33 59 86 113 5 32 58 85 112 4 31 57 84 111 3 30 56 83 110 2 29 55 82 109 1 28 81 108 135 27 54 80 107 134 26 53 79 106 133 25 52 78 105 132 24 51 77 104 131 23 50 76 103 130 22 49 75 102 129 21 48 74 101 128 20 47 73 100 127 19 46 72 99 126 18 45 71 98 125 17 44 70 97 124 16 43 69 96 123 15 42 68 95 122 14 41 67 94 121 13 40
93 120 12 39 66 92 119 11 38 65 91 118 10 37 64 90 117 9 36 63 89 116 8 35 62 88 115 7 34 61 87 114 6 33 60 86 113 5 32 59 85 112 4 31 58 84 111 3 30 57 83 110 2 29 56 82 109 1 28 55 108 135 27 54 81 107 134 26 53 80 106 133 25 52 79 105 132 24 51 78 104 131 23 50 77 103 130 22 49 76 102 129 21 48 75 101 128 20 47 74 100 127 19 46 73 99 126 18 45 72 98 125 17 44 71 97 124 16 43 70 96 123 15 42 69 95 122 14 41 68 94 121 13 40 67
120 12 39 66 93 119 11 38 65 92 118 10 37 64 91 117 9 36 63 90 116 8 35 62 89 115 7 34 61 88 114 6 33 60 87 113 5 32 59 86 112 4 31 58 85 111 3 30 57 84 110 2 29 56 83 109 1 28 55 82 135 27 54 81 108 134 26 53 80 107 133 25 52 79 106 132 24 51 78 105 131 23 50 77 104 130 22 49 76 103 129 21 48 75 102 128 20 47 74 101 127 19 46 73 100 126 18 45 72 99 125 17 44 71 98 124 16 43 70 97 123 15 42 69 96 122 14 41 68 95 121 13 40 67 94
13 40 67 94 121 12 39 66 93 120 11 38 65 92 119 10 37 64 91 118 9 36 63 90 117 8 35 62 89 116 7 34 61 88 115 6 33 60 87 114 5 32 59 86 113 4 31 58 85 112 3 30 57 84 111 2 29 56 83 110 1 28 55 82 109 27 54 81 108 135 26 53 80 107 134 25 52 79 106 133 24 51 78 105 132 23 50 77 104 131 22 49 76 103 130 21 48 75 102 129 20 47 74 101 128 19 46 73 100 127 18 45 72 99 126 17 44 71 98 125 16 43 70 97 124 15 42 69 96 123 14 41 68 95 122
40 67 94 121 13 39 66 93 120 12 38 65 92 119 11 37 64 91 118 10 36 63 90 117 9 35 62 89 116 8 34 61 88 115 7 33 60 87 114 6 32 59 86 113 5 31 58 85 112 4 30 57 84 111 3 29 56 83 110 2 28 55 82 109 1 54 81 108 135 27 53 80 107 134 26 52 79 106 133 25 51 78 105 132 24 50 77 104 131 23 49 76 103 130 22 48 75 102 129 21 47 74 101 128 20 46 73 100 127 19 45 72 99 126 18 44 71 98 125 17 43 70 97 124 16 42 69 96 123 15 41 68 95 122 14
67 94 121 13 40 66 93 120 12 39 65 92 119 11 38 64 91 118 10 37 63 90 117 9 36 62 89 116 8 35 61 88 115 7 34 60 87 114 6 33 59 86 113 5 32 58 85 112 4 31 57 84 111 3 30 56 83 110 2 29 55 82 109 1 28 81 108 135 27 54 80 107 134 26 53 79 106 133 25 52 78 105 132 24 51 77 104 131 23 50 76 103 130 22 49 75 102 129 21 48 74 101 128 20 47 73 100 127 19 46 72 99 126 18 45 71 98 125 17 44 70 97 124 16 43 69 96 123 15 42 68 95 122 14 41
94 121 13 40 67 93 120 12 39 66 92 119 11 38 65 91 118 10 37 64 90 117 9 36 63 89 116 8 35 62 88 115 7 34 61 87 114 6 33 60 86 113 5 32 59 85 112 4 31 58 84 111 3 30 57 83 110 2 29 56 82 109 1 28 55 108 135 27 54 81 107 134 26 53 80 106 133 25 52 79 105 132 24 51 78 104 131 23 50 77 103 130 22 49 76 102 129 21 48 75 101 128 20 47 74 100 127 19 46 73 99 126 18 45 72 98 125 17 44 71 97 124 16 43 70 96 123 15 42 69 95 122 14 41 68
121 13 40 67 94 120 12 39 66 93 119 11 38 65 92 118 10 37 64 91 117 9 36 63 90 116 8 35 62 89 115 7 34 61 88 114 6 33 60 87 113 5 32 59 86 112 4 31 58 85 111 3 30 57 84 110 2 29 56 83 109 1 28 55 82 135 27 54 81 108 134 26 53 80 107 133 25 52 79 106 132 24 51 78 105 131 23 50 77 104 130 22 49 76 103 129 21 48 75 102 128 20 47 74 101 127 19 46 73 100 126 18 45 72 99 125 17 44 71 98 124 16 43 70 97 123 15 42 69 96 122 14 41 68 95
14 41 68 95 122 13 40 67 94 121 12 39 66 93 120 11 38 65 92 119 10 37 64 91 118 9 36 63 90 117 8 35 62 89 116 7 34 61 88 115 6 33 60 87 114 5 32 59 86 113 4 31 58 85 112 3 30 57 84 111 2 29 56 83 110 1 28 55 82 109 27 54 81 108 135 26 53 80 107 134 25 52 79 106 133 24 51 78 105 132 23 50 77 104 131 22 49 76 103 130 21 48 75 102 129 20 47 74 101 128 19 46 73 100 127 18 45 72 99 126 17 44 71 98 125 16 43 70 97 124 15 42 69 96 123
41 68 95 122 14 40 67 94 121 13 39 66 93 120 12 38 65 92 119 11 37 64 91 118 10 36 63 90 117 9 35 62 89 116 8 34 61 88 115 7 33 60 87 114 6 32 59 86 113 5 31 58 85 112 4 30 57 84 111 3 29 56 83 110 2 28 55 82 109 1 54 81 108 135 27 53 80 107 134 26 52 79 106 133 25 51 78 105 132 24 50 77 104 131 23 49 76 103 130 22 48 75 102 129 21 47 74 101 128 20 46 73 100 127 19 45 72 99 126 18 44 71 98 125 17 43 70 97 124 16 42 69 96 123 15
68 95 122 14 41 67 94 121 13 40 66 93 120 12 39 65 92 119 11 38 64 91 118 10 37 63 90 117 9 36 62 89 116 8 35 61 88 115 7 34 60 87 114 6 33 59 86 113 5 32 58 85 112 4 31 57 84 111 3 30 56 83 110 2 29 55 82 109 1 28 81 108 135 27 54 80 107 134 26 53 79 106 133 25 52 78 105 132 24 51 77 104 131 23 50 76 103 130 22 49 75 102 129 21 48 74 101 128 20 47 73 100 127 19 46 72 99 126 18 45 71 98 125 17 44 70 97 124 16 43 69 96 123 15 42
95 122 14 41 68 94 121 13 40 67 93 120 12 39 66 92 119 11 38 65 91 118 10 37 64 90 117 9 36 63 89 116 8 35 62 88 115 7 34 61 87 114 6 33 60 86 113 5 32 59 85 112 4 31 58 84 111 3 30 57 83 110 2 29 56 82 109 1 28 55 108 135 27 54 81 107 134 26 53 80 106 133 25 52 79 105 132 24 51 78 104 131 23 50 77 103 130 22 49 76 102 129 21 48 75 101 128 20 47 74 100 127 19 46 73 99 126 18 45 72 98 125 17 44 71 97 124 16 43 70 96 123 15 42 69
122 14 41 68 95 121 13 40 67 94 120 12 39 66 93 119 11 38 65 92 118 10 37 64 91 117 9 36 63 90 116 8 35 62 89 115 7 34 61 88 114 6 33 60 87 113 5 32 59 86 112 4 31 58 85 111 3 30 57 84 110 2 29 56 83 109 1 28 55 82 135 27 54 81 108 134 26 53 80 107 133 25 52 79 106 132 24 51 78 105 131 23 50 77 104 130 22 49 76 103 129 21 48 75 102 128 20 47 74 101 127 19 46 73 100 126 18 45 72 99 125 17 44 71 98 124 16 43 70 97 123 15 42 69 96
15 42 69 96 123 14 41 68 95 122 13 40 67 94 121 12 39 66 93 120 11 38 65 92 119 10 37 64 91 118 9 36 63 90 117 8 35 62 89 116 7 34 61 88 115 6 33 60 87 114 5 32 59 86 113 4 31 58 85 112 3 30 57 84 111 2 29 56 83 110 1 28 55 82 109 27 54 81 108 135 26 53 80 107 134 25 52 79 106 133 24 51 78 105 132 23 50 77 104 131 22 49 76 103 130 21 48 75 102 129 20 47 74 101 128 19 46 73 100 127 18 45 72 99 126 17 44 71 98 125 16 43 70 97 124
42 69 96 123 15 41 68 95 122 14 40 67 94 121 13 39 66 93 120 12 38 65 92 119 11 37 64 91 118 10 36 63 90 117 9 35 62 89 116 8 34 61 88 115 7 33 60 87 114 6 32 59 86 113 5 31 58 85 112 4 30 57 84 111 3 29 56 83 110 2 28 55 82 109 1 54 81 108 135 27 53 80 107 134 26 52 79 106 133 25 51 78 105 132 24 50 77 104 131 23 49 76 103 130 22 48 75 102 129 21 47 74 101 128 20 46 73 100 127 19 45 72 99 126 18 44 71 98 125 17 43 70 97 124 16
69 96 123 15 42 68 95 122 14 41 67 94 121 13 40 66 93 120 12 39 65 92 119 11 38 64 91 118 10 37 63 90 117 9 36 62 89 116 8 35 61 88 115 7 34 60 87 114 6 33 59 86 113 5 32 58 85 112 4 31 57 84 111 3 30 56 83 110 2 29 55 82 109 1 28 81 108 135 27 54 80 107 134 26 53 79 106 133 25 52 78 105 132 24 51 77 104 131 23 50 76 103 130 22 49 75 102 129 21 48 74 101 128 20 47 73 100 127 19 46 72 99 126 18 45 71 98 125 17 44 70 97 124 16 43
96 123 15 42 69 95 122 14 41 68 94 121 13 40 67 93 120 12 39 66 92 119 11 38 65 91 118 10 37 64 90 117 9 36 63 89 116 8 35 62 88 115 7 34 61 87 114 6 33 60 86 113 5 32 59 85 112 4 31 58 84 111 3 30 57 83 110 2 29 56 82 109 1 28 55 108 135 27 54 81 107 134 26 53 80 106 133 25 52 79 105 132 24 51 78 104 131 23 50 77 103 130 22 49 76 102 129 21 48 75 101 128 20 47 74 100 127 19 46 73 99 126 18 45 72 98 125 17 44 71 97 124 16 43 70
123 15 42 69 96 122 14 41 68 95 121 13 40 67 94 120 12 39 66 93 119 11 38 65 92 118 10 37 64 91 117 9 36 63 90 116 8 35 62 89 115 7 34 61 88 114 6 33 60 87 113 5 32 59 86 112 4 31 58 85 111 3 30 57 84 110 2 29 56 83 109 1 28 55 82 135 27 54 81 108 134 26 53 80 107 133 25 52 79 106 132 24 51 78 105 131 23 50 77 104 130 22 49 76 103 129 21 48 75 102 128 20 47 74 101 127 19 46 73 100 126 18 45 72 99 125 17 44 71 98 124 16 43 70 97
16 43 70 97 124 15 42 69 96 123 14 41 68 95 122 13 40 67 94 121 12 39 66 93 120 11 38 65 92 119 10 37 64 91 118 9 36 63 90 117 8 35 62 89 116 7 34 61 88 115 6 33 60 87 114 5 32 59 86 113 4 31 58 85 112 3 30 57 84 111 2 29 56 83 110 1 28 55 82 109 27 54 81 108 135 26 53 80 107 134 25 52 79 106 133 24 51 78 105 132 23 50 77 104 131 22 49 76 103 130 21 48 75 102 129 20 47 74 101 128 19 46 73 100 127 18 45 72 99 126 17 44 71 98 125
43 70 97 124 16 42 69 96 123 15 41 68 95 122 14 40 67 94 121 13 39 66 93 120 12 38 65 92 119 11 37 64 91 118 10 36 63 90 117 9 35 62 89 116 8 34 61 88 115 7 33 60 87 114 6 32 59 86 113 5 31 58 85 112 4 30 57 84 111 3 29 56 83 110 2 28 55 82 109 1 54 81 108 135 27 53 80 107 134 26 52 79 106 133 25 51 78 105 132 24 50 77 104 131 23 49 76 103 130 22 48 75 102 129 21 47 74 101 128 20 46 73 100 127 19 45 72 99 126 18 44 71 98 125 17
70 97 124 16 43 69 96 123 15 42 68 95 122 14 41 67 94 121 13 40 66 93 120 12 39 65 92 119 11 38 64 91 118 10 37 63 90 117 9 36 62 89 116 8 35 61 88 115 7 34 60 87 114 6 33 59 86 113 5 32 58 85 112 4 31 57 84 111 3 30 56 83 110 2 29 55 82 109 1 28 81 108 135 27 54 80 107 134 26 53 79 106 133 25 52 78 105 132 24 51 77 104 131 23 50 76 103 130 22 49 75 102 129 21 48 74 101 128 20 47 73 100 127 19 46 72 99 126 18 45 71 98 125 17 44
97 124 16 43 70 96 123 15 42 69 95 122 14 41 68 94 121 13 40 67 93 120 12 39 66 92 119 11 38 65 91 118 10 37 64 90 117 9 36 63 89 116 8 35 62 88 115 7 34 61 87 114 6 33 60 86 113 5 32 59 85 112 4 31 58 84 111 3 30 57 83 110 2 29 56 82 109 1 28 55 108 135 27 54 81 107 134 26 53 80 106 133 25 52 79 105 132 24 51 78 104 131 23 50 77 103 130 22 49 76 102 129 21 48 75 101 128 20 47 74 100 127 19 46 73 99 126 18 45 72 98 125 17 44 71
124 16 43 70 97 123 15 42 69 96 122 14 41 68 95 121 13 40 67 94 120 12 39 66 93 119 11 38 65 92 118 10 37 64 91 117 9 36 63 90 116 8 35 62 89 115 7 34 61 88 114 6 33 60 87 113 5 32 59 86 112 4 31 58 85 111 3 30 57 84 110 2 29 56 83 109 1 28 55 82 135 27 54 81 108 134 26 53 80 107 133 25 52 79 106 132 24 51 78 105 131 23 50 77 104 130 22 49 76 103 129 21 48 75 102 128 20 47 74 101 127 19 46 73 100 126 18 45 72 99 125 17 44 71 98
17 44 71 98 125 16 43 70 97 124 15 42 69 96 123 14 41 68 95 122 13 40 67 94 121 12 39 66 93 120 11 38 65 92 119 10 37 64 91 118 9 36 63 90 117 8 35 62 89 116 7 34 61 88 115 6 33 60 87 114 5 32 59 86 113 4 31 58 85 112 3 30 57 84 111 2 29 56 83 110 1 28 55 82 109 27 54 81 108 135 26 53 80 107 134 25 52 79 106 133 24 51 78 105 132 23 50 77 104 131 22 49 76 103 130 21 48 75 102 129 20 47 74 101 128 19 46 73 100 127 18 45 72 99 126
44 71 98 125 17 43 70 97 124 16 42 69 96 123 15 41 68 95 122 14 40 67 94 121 13 39 66 93 120 12 38 65 92 119 11 37 64 91 118 10 36 63 90 117 9 35 62 89 116 8 34 61 88 115 7 33 60 87 114 6 32 59 86 113 5 31 58 85 112 4 30 57 84 111 3 29 56 83 110 2 28 55 82 109 1 54 81 108 135 27 53 80 107 134 26 52 79 106 133 25 51 78 105 132 24 50 77 104 131 23 49 76 103 130 22 48 75 102 129 21 47 74 101 128 20 46 73 100 127 19 45 72 99 126 18
71 98 125 17 44 70 97 124 16 43 69 96 123 15 42 68 95 122 14 41 67 94 121 13 40 66 93 120 12 39 65 92 119 11 38 64 91 118 10 37 63 90 117 9 36 62 89 116 8 35 61 88 115 7 34 60 87 114 6 33 59 86 113 5 32 58 85 112 4 31 57 84 111 3 30 56 83 110 2 29 55 82 109 1 28 81 108 135 27 54 80 107 134 26 53 79 106 133 25 52 78 105 132 24 51 77 104 131 23 50 76 103 130 22 49 75 102 129 21 48 74 101 128 20 47 73 100 127 19 46 72 99 126 18 45
98 125 17 44 71 97 124 16 43 70 96 123 15 42 69 95 122 14 41 68 94 121 13 40 67 93 120 12 39 66 92 119 11 38 65 91 118 10 37 64 90 117 9 36 63 89 116 8 35 62 88 115 7 34 61 87 114 6 33 60 86 113 5 32 59 85 112 4 31 58 84 111 3 30 57 83 110 2 29 56 82 109 1 28 55 108 135 27 54 81 107 134 26 53 80 106 133 25 52 79 105 132 24 51 78 104 131 23 50 77 103 130 22 49 76 102 129 21 48 75 101 128 20 47 74 100 127 19 46 73 99 126 18 45 72
125 17 44 71 98 124 16 43 70 97 123 15 42 69 96 122 14 41 68 95 121 13 40 67 94 120 12 39 66 93 119 11 38 65 92 118 10 37 64 91 117 9 36 63 90 116 8 35 62 89 115 7 34 61 88 114 6 33 60 87 113 5 32 59 86 112 4 31 58 85 111 3 30 57 84 110 2 29 56 83 109 1 28 55 82 135 27 54 81 108 134 26 53 80 107 133 25 52 79 106 132 24 51 78 105 131 23 50 77 104 130 22 49 76 103 129 21 48 75 102 128 20 47 74 101 127 19 46 73 100 126 18 45 72 99
18 45 72 99 126 17 44 71 98 125 16 43 70 97 124 15 42 69 96 123 14 41 68 95 122 13 40 67 94 121 12 39 66 93 120 11 38 65 92 119 10 37 64 91 118 9 36 63 90 117 8 35 62 89 116 7 34 61 88 115 6 33 60 87 114 5 32 59 86 113 4 31 58 85 112 3 30 57 84 111 2 29 56 83 110 1 28 55 82 109 27 54 81 108 135 26 53 80 107 134 25 52 79 106 133 24 51 78 105 132 23 50 77 104 131 22 49 76 103 130 21 48 75 102 129 20 47 74 101 128 19 46 73 100 127
45 72 99 126 18 44 71 98 125 17 43 70 97 124 16 42 69 96 123 15 41 68 95 122 14 40 67 94 121 13 39 66 93 120 12 38 65 92 119 11 37 64 91 118 10 36 63 90 117 9 35 62 89 116 8 34 61 88 115 7 33 60 87 114 6 32 59 86 113 5 31 58 85 112 4 30 57 84 111 3 29 56 83 110 2 28 55 82 109 1 54 81 108 135 27 53 80 107 134 26 52 79 106 133 25 51 78 105 132 24 50 77 104 131 23 49 76 103 130 22 48 75 102 129 21 47 74 101 128 20 46 73 100 127 19
72 99 126 18 45 71 98 125 17 44 70 97 124 16 43 69 96 123 15 42 68 95 122 14 41 67 94 121 13 40 66 93 120 12 39 65 92 119 11 38 64 91 118 10 37 63 90 117 9 36 62 89 116 8 35 61 88 115 7 34 60 87 114 6 33 59 86 113 5 32 58 85 112 4 31 57 84 111 3 30 56 83 110 2 29 55 82 109 1 28 81 108 135 27 54 80 107 134 26 53 79 106 133 25 52 78 105 132 24 51 77 104 131 23 50 76 103 130 22 49 75 102 129 21 48 74 101 128 20 47 73 100 127 19 46
99 126 18 45 72 98 125 17 44 71 97 124 16 43 70 96 123 15 42 69 95 122 14 41 68 94 121 13 40 67 93 120 12 39 66 92 119 11 38 65 91 118 10 37 64 90 117 9 36 63 89 116 8 35 62 88 115 7 34 61 87 114 6 33 60 86 113 5 32 59 85 112 4 31 58 84 111 3 30 57 83 110 2 29 56 82 109 1 28 55 108 135 27 54 81 107 134 26 53 80 106 133 25 52 79 105 132 24 51 78 104 131 23 50 77 103 130 22 49 76 102 129 21 48 75 101 128 20 47 74 100 127 19 46 73
126 18 45 72 99 125 17 44 71 98 124 16 43 70 97 123 15 42 69 96 122 14 41 68 95 121 13 40 67 94 120 12 39 66 93 119 11 38 65 92 118 10 37 64 91 117 9 36 63 90 116 8 35 62 89 115 7 34 61 88 114 6 33 60 87 113 5 32 59 86 112 4 31 58 85 111 3 30 57 84 110 2 29 56 83 109 1 28 55 82 135 27 54 81 108 134 26 53 80 107 133 25 52 79 106 132 24 51 78 105 131 23 50 77 104 130 22 49 76 103 129 21 48 75 102 128 20 47 74 101 127 19 46 73 100
19 46 73 100 127 18 45 72 99 126 17 44 71 98 125 16 43 70 97 124 15 42 69 96 123 14 41 68 95 122 13 40 67 94 121 12 39 66 93 120 11 38 65 92 119 10 37 64 91 118 9 36 63 90 117 8 35 62 89 116 7 34 61 88 115 6 33 60 87 114 5 32 59 86 113 4 31 58 85 112 3 30 57 84 111 2 29 56 83 110 1 28 55 82 109 27 54 81 108 135 26 53 80 107 134 25 52 79 106 133 24 51 78 105 132 23 50 77 104 131 22 49 76 103 130 21 48 75 102 129 20 47 74 101 128
46 73 100 127 19 45 72 99 126 18 44 71 98 125 17 43 70 97 124 16 42 69 96 123 15 41 68 95 122 14 40 67 94 121 13 39 66 93 120 12 38 65 92 119 11 37 64 91 118 10 36 63 90 117 9 35 62 89 116 8 34 61 88 115 7 33 60 87 114 6 32 59 86 113 5 31 58 85 112 4 30 57 84 111 3 29 56 83 110 2 28 55 82 109 1 54 81 108 135 27 53 80 107 134 26 52 79 106 133 25 51 78 105 132 24 50 77 104 131 23 49 76 103 130 22 48 75 102 129 21 47 74 101 128 20
73 100 127 19 46 72 99 126 18 45 71 98 125 17 44 70 97 124 16 43 69 96 123 15 42 68 95 122 14 41 67 94 121 13 40 66 93 120 12 39 65 92 119 11 38 64 91 118 10 37 63 90 117 9 36 62 89 116 8 35 61 88 115 7 34 60 87 114 6 33 59 86 113 5 32 58 85 112 4 31 57 84 111 3 30 56 83 110 2 29 55 82 109 1 28 81 108 135 27 54 80 107 134 26 53 79 106 133 25 52 78 105 132 24 51 77 104 131 23 50 76 103 130 22 49 75 102 129 21 48 74 101 128 20 47
100 127 19 46 73 99 126 18 45 72 98 125 17 44 71 97 124 16 43 70 96 123 15 42 69 95 122 14 41 68 94 121 13 40 67 93 120 12 39 66 92 119 11 38 65 91 118 10 37 64 90 117 9 36 63 89 116 8 35 62 88 115 7 34 61 87 114 6 33 60 86 113 5 32 59 85 112 4 31 58 84 111 3 30 57 83 110 2 29 56 82 109 1 28 55 108 135 27 54 81 107 134 26 53 80 106 133 25 52 79 105 132 24 51 78 104 131 23 50 77 103 130 22 49 76 102 129 21 48 75 101 128 20 47 74
127 19 46 73 100 126 18 45 72 99 125 17 44 71 98 124 16 43 70 97 123 15 42 69 96 122 14 41 68 95 121 13 40 67 94 120 12 39 66 93 119 11 38 65 92 118 10 37 64 91 117 9 36 63 90 116 8 35 62 89 115 7 34 61 88 114 6 33 60 87 113 5 32 59 86 112 4 31 58 85 111 3 30 57 84 110 2 29 56 83 109 1 28 55 82 135 27 54 81 108 134 26 53 80 107 133 25 52 79 106 132 24 51 78 105 131 23 50 77 104 130 22 49 76 103 129 21 48 75 102 128 20 47 74 101
20 47 74 101 128 19 46 73 100 127 18 45 72 99 126 17 44 71 98 125 16 43 70 97 124 15 42 69 96 123 14 41 68 95 122 13 40 67 94 121 12 39 66 93 120 11 38 65 92 119 10 37 64 91 118 9 36 63 90 117 8 35 62 89 116 7 34 61 88 115 6 33 60 87 114 5 32 59 86 113 4 31 58 85 112 3 30 57 84 111 2 29 56 83 110 1 28 55 82 109 27 54 81 108 135 26 53 80 107 134 25 52 79 106 133 24 51 78 105 132 23 50 77 104 131 22 49 76 103 130 21 48 75 102 129
47 74 101 128 20 46 73 100 127 19 45 72 99 126 18 44 71 98 125 17 43 70 97 124 16 42 69 96 123 15 41 68 95 122 14 40 67 94 121 13 39 66 93 120 12 38 65 92 119 11 37 64 91 118 10 36 63 90 117 9 35 62 89 116 8 34 61 88 115 7 33 60 87 114 6 32 59 86 113 5 31 58 85 112 4 30 57 84 111 3 29 56 83 110 2 28 55 82 109 1 54 81 108 135 27 53 80 107 134 26 52 79 106 133 25 51 78 105 132 24 50 77 104 131 23 49 76 103 130 22 48 75 102 129 21
74 101 128 20 47 73 100 127 19 46 72 99 126 18 45 71 98 125 17 44 70 97 124 16 43 69 96 123 15 42 68 95 122 14 41 67 94 121 13 40 66 93 120 12 39 65 92 119 11 38 64 91 118 10 37 63 90 117 9 36 62 89 116 8 35 61 88 115 7 34 60 87 114 6 33 59 86 113 5 32 58 85 112 4 31 57 84 111 3 30 56 83 110 2 29 55 82 109 1 28 81 108 135 27 54 80 107 134 26 53 79 106 133 25 52 78 105 132 24 51 77 104 131 23 50 76 103 130 22 49 75 102 129 21 48
101 128 20 47 74 100 127 19 46 73 99 126 18 45 72 98 125 17 44 71 97 124 16 43 70 96 123 15 42 69 95 122 14 41 68 94 121 13 40 67 93 120 12 39 66 92 119 11 38 65 91 118 10 37 64 90 117 9 36 63 89 116 8 35 62 88 115 7 34 61 87 114 6 33 60 86 113 5 32 59 85 112 4 31 58 84 111 3 30 57 83 110 2 29 56 82 109 1 28 55 108 135 27 54 81 107 134 26 53 80 106 133 25 52 79 105 132 24 51 78 104 131 23 50 77 103 130 22 49 76 102 129 21 48 75
128 20 47 74 101 127 19 46 73 100 126 18 45 72 99 125 17 44 71 98 124 16 43 70 97 123 15 42 69 96 122 14 41 68 95 121 13 40 67 94 120 12 39 66 93 119 11 38 65 92 118 10 37 64 91 117 9 36 63 90 116 8 35 62 89 115 7 34 61 88 114 6 33 60 87 113 5 32 59 86 112 4 31 58 85 111 3 30 57 84 110 2 29 56 83 109 1 28 55 82 135 27 54 81 108 134 26 53 80 107 133 25 52 79 106 132 24 51 78 105 131 23 50 77 104 130 22 49 76 103 129 21 48 75 102
21 48 75 102 129 20 47 74 101 128 19 46 73 100 127 18 45 72 99 126 17 44 71 98 125 16 43 70 97 124 15 42 69 96 123 14 41 68 95 122 13 40 67 94 121 12 39 66 93 120 11 38 65 92 119 10 37 64 91 118 9 36 63 90 117 8 35 62 89 116 7 34 61 88 115 6 33 60 87 114 5 32 59 86 113 4 31 58 85 112 3 30 57 84 111 2 29 56 83 110 1 28 55 82 109 27 54 81 108 135 26 53 80 107 134 25 52 79 106 133 24 51 78 105 132 23 50 77 104 131 22 49 76 103 130
48 75 102 129 21 47 74 101 128 20 46 73 100 127 19 45 72 99 126 18 44 71 98 125 17 43 70 97 124 16 42 69 96 123 15 41 68 95 122 14 40 67 94 121 13 39 66 93 120 12 38 65 92 119 11 37 64 91 118 10 36 63 90 117 9 35 62 89 116 8 34 61 88 115 7 33 60 87 114 6 32 59 86 113 5 31 58 85 112 4 30 57 84 111 3 29 56 83 110 2 28 55 82 109 1 54 81 108 135 27 53 80 107 134 26 52 79 106 133 25 51 78 105 132 24 50 77 104 131 23 49 76 103 130 22
75 102 129 21 48 74 101 128 20 47 73 100 127 19 46 72 99 126 18 45 71 98 125 17 44 70 97 124 16 43 69 96 123 15 42 68 95 122 14 41 67 94 121 13 40 66 93 120 12 39 65 92 119 11 38 64 91 118 10 37 63 90 117 9 36 62 89 116 8 35 61 88 115 7 34 60 87 114 6 33 59 86 113 5 32 58 85 112 4 31 57 84 111 3 30 56 83 110 2 29 55 82 109 1 28 81 108 135 27 54 80 107 134 26 53 79 106 133 25 52 78 105 132 24 51 77 104 131 23 50 76 103 130 22 49
102 129 21 48 75 101 128 20 47 74 100 127 19 46 73 99 126 18 45 72 98 125 17 44 71 97 124 16 43 70 96 123 15 42 69 95 122 14 41 68 94 121 13 40 67 93 120 12 39 66 92 119 11 38 65 91 118 10 37 64 90 117 9 36 63 89 116 8 35 62 88 115 7 34 61 87 114 6 33 60 86 113 5 32 59 85 112 4 31 58 84 111 3 30 57 83 110 2 29 56 82 109 1 28 55 108 135 27 54 81 107 134 26 53 80 106 133 25 52 79 105 132 24 51 78 104 131 23 50 77 103 130 22 49 76
129 21 48 75 102 128 20 47 74 101 127 19 46 73 100 126 18 45 72 99 125 17 44 71 98 124 16 43 70 97 123 15 42 69 96 122 14 41 68 95 121 13 40 67 94 120 12 39 66 93 119 11 38 65 92 118 10 37 64 91 117 9 36 63 90 116 8 35 62 89 115 7 34 61 88 114 6 33 60 87 113 5 32 59 86 112 4 31 58 85 111 3 30 57 84 110 2 29 56 83 109 1 28 55 82 135 27 54 81 108 134 26 53 80 107 133 25 52 79 106 132 24 51 78 105 131 23 50 77 104 130 22 49 76 103
22 49 76 103 130 21 48 75 102 129 20 47 74 101 128 19 46 73 100 127 18 45 72 99 126 17 44 71 98 125 16 43 70 97 124 15 42 69 96 123 14 41 68 95 122 13 40 67 94 121 12 39 66 93 120 11 38 65 92 119 10 37 64 91 118 9 36 63 90 117 8 35 62 89 116 7 34 61 88 115 6 33 60 87 114 5 32 59 86 113 4 31 58 85 112 3 30 57 84 111 2 29 56 83 110 1 28 55 82 109 27 54 81 108 135 26 53 80 107 134 25 52 79 106 133 24 51 78 105 132 23 50 77 104 131
49 76 103 130 22 48 75 102 129 21 47 74 101 128 20 46 73 100 127 19 45 72 99 126 18 44 71 98 125 17 43 70 97 124 16 42 69 96 123 15 41 68 95 122 14 40 67 94 121 13 39 66 93 120 12 38 65 92 119 11 37 64 91 118 10 36 63 90 117 9 35 62 89 116 8 34 61 88 115 7 33 60 87 114 6 32 59 86 113 5 31 58 85 112 4 30 57 84 111 3 29 56 83 110 2 28 55 82 109 1 54 81 108 135 27 53 80 107 134 26 52 79 106 133 25 51 78 105 132 24 50 77 104 131 23
76 103 130 22 49 75 102 129 21 48 74 101 128 20 47 73 100 127 19 46 72 99 126 18 45 71 98 125 17 44 70 97 124 16 43 69 96 123 15 42 68 95 122 14 41 67 94 121 13 40 66 93 120 12 39 65 92 119 11 38 64 91 118 10 37 63 90 117 9 36 62 89 116 8 35 61 88 115 7 34 60 87 114 6 33 59 86 113 5 32 58 85 112 4 31 57 84 111 3 30 56 83 110 2 29 55 82 109 1 28 81 108 135 27 54 80 107 134 26 53 79 106 133 25 52 78 105 132 24 51 77 104 131 23 50
103 130 22 49 76 102 129 21 48 75 101 128 20 47 74 100 127 19 46 73 99 126 18 45 72 98 125 17 44 71 97 124 16 43 70 96 123 15 42 69 95 122 14 41 68 94 121 13 40 67 93 120 12 39 66 92 119 11 38 65 91 118 10 37 64 90 117 9 36 63 89 116 8 35 62 88 115 7 34 61 87 114 6 33 60 86 113 5 32 59 85 112 4 31 58 84 111 3 30 57 83 110 2 29 56 82 109 1 28 55 108 135 27 54 81 107 134 26 53 80 106 133 25 52 79 105 132 24 51 78 104 131 23 50 77
130 22 49 76 103 129 21 48 75 102 128 20 47 74 101 127 19 46 73 100 126 18 45 72 99 125 17 44 71 98 124 16 43 70 97 123 15 42 69 96 122 14 41 68 95 121 13 40 67 94 120 12 39 66 93 119 11 38 65 92 118 10 37 64 91 117 9 36 63 90 116 8 35 62 89 115 7 34 61 88 114 6 33 60 87 113 5 32 59 86 112 4 31 58 85 111 3 30 57 84 110 2 29 56 83 109 1 28 55 82 135 27 54 81 108 134 26 53 80 107 133 25 52 79 106 132 24 51 78 105 131 23 50 77 104
23 50 77 104 131 22 49 76 103 130 21 48 75 102 129 20 47 74 101 128 19 46 73 100 127 18 45 72 99 126 17 44 71 98 125 16 43 70 97 124 15 42 69 96 123 14 41 68 95 122 13 40 67 94 121 12 39 66 93 120 11 38 65 92 119 10 37 64 91 118 9 36 63 90 117 8 35 62 89 116 7 34 61 88 115 6 33 60 87 114 5 32 59 86 113 4 31 58 85 112 3 30 57 84 111 2 29 56 83 110 1 28 55 82 109 27 54 81 108 135 26 53 80 107 134 25 52 79 106 133 24 51 78 105 132
50 77 104 131 23 49 76 103 130 22 48 75 102 129 21 47 74 101 128 20 46 73 100 127 19 45 72 99 126 18 44 71 98 125 17 43 70 97 124 16 42 69 96 123 15 41 68 95 122 14 40 67 94 121 13 39 66 93 120 12 38 65 92 119 11 37 64 91 118 10 36 63 90 117 9 35 62 89 116 8 34 61 88 115 7 33 60 87 114 6 32 59 86 113 5 31 58 85 112 4 30 57 84 111 3 29 56 83 110 2 28 55 82 109 1 54 81 108 135 27 53 80 107 134 26 52 79 106 133 25 51 78 105 132 24
77 104 131 23 50 76 103 130 22 49 75 102 129 21 48 74 101 128 20 47 73 100 127 19 46 72 99 126 18 45 71 98 125 17 44 70 97 124 16 43 69 96 123 15 42 68 95 122 14 41 67 94 121 13 40 66 93 120 12 39 65 92 119 11 38 64 91 118 10 37 63 90 117 9 36 62 89 116 8 35 61 88 115 7 34 60 87 114 6 33 59 86 113 5 32 58 85 112 4 31 57 84 111 3 30 56 83 110 2 29 55 82 109 1 28 81 108 135 27 54 80 107 134 26 53 79 106 133 25 52 78 105 132 24 51
104 131 23 50 77 103 130 22 49 76 102 129 21 48 75 101 128 20 47 74 100 127 19 46 73 99 126 18 45 72 98 125 17 44 71 97 124 16 43 70 96 123 15 42 69 95 122 14 41 68 94 121 13 40 67 93 120 12 39 66 92 119 11 38 65 91 118 10 37 64 90 117 9 36 63 89 116 8 35 62 88 115 7 34 61 87 114 6 33 60 86 113 5 32 59 85 112 4 31 58 84 111 3 30 57 83 110 2 29 56 82 109 1 28 55 108 135 27 54 81 107 134 26 53 80 106 133 25 52 79 105 132 24 51 78
131 23 50 77 104 130 22 49 76 103 129 21 48 75 102 128 20 47 74 101 127 19 46 73 100 126 18 45 72 99 125 17 44 71 98 124 16 43 70 97 123 15 42 69 96 122 14 41 68 95 121 13 40 67 94 120 12 39 66 93 119 11 38 65 92 118 10 37 64 91 117 9 36 63 90 116 8 35 62 89 115 7 34 61 88 114 6 33 60 87 113 5 32 59 86 112 4 31 58 85 111 3 30 57 84 110 2 29 56 83 109 1 28 55 82 135 27 54 81 108 134 26 53 80 107 133 25 52 79 106 132 24 51 78 105
24 51 78 105 132 23 50 77 104 131 22 49 76 103 130 21 48 75 102 129 20 47 74 101 128 19 46 73 100 127 18 45 72 99 126 17 44 71 98 125 16 43 70 97 124 15 42 69 96 123 14 41 68 95 122 13 40 67 94 121 12 39 66 93 120 11 38 65 92 119 10 37 64 91 118 9 36 63 90 117 8 35 62 89 116 7 34 61 88 115 6 33 60 87 114 5 32 59 86 113 4 31 58 85 112 3 30 57 84 111 2 29 56 83 110 1 28 55 82 109 27 54 81 108 135 26 53 80 107 134 25 52 79 106 133
51 78 105 132 24 50 77 104 131 23 49 76 103 130 22 48 75 102 129 21 47 74 101 128 20 46 73 100 127 19 45 72 99 126 18 44 71 98 125 17 43 70 97 124 16 42 69 96 123 15 41 68 95 122 14 40 67 94 121 13 39 66 93 120 12 38 65 92 119 11 37 64 91 118 10 36 63 90 117 9 35 62 89 116 8 34 61 88 115 7 33 60 87 114 6 32 59 86 113 5 31 58 85 112 4 30 57 84 111 3 29 56 83 110 2 28 55 82 109 1 54 81 108 135 27 53 80 107 134 26 52 79 106 133 25
78 105 132 24 51 77 104 131 23 50 76 103 130 22 49 75 102 129 21 48 74 101 128 20 47 73 100 127 19 46 72 99 126 18 45 71 98 125 17 44 70 97 124 16 43 69 96 123 15 42 68 95 122 14 41 67 94 121 13 40 66 93 120 12 39 65 92 119 11 38 64 91 118 10 37 63 90 117 9 36 62 89 116 8 35 61 88 115 7 34 60 87 114 6 33 59 86 113 5 32 58 85 112 4 31 57 84 111 3 30 56 83 110 2 29 55 82 109 1 28 81 108 135 27 54 80 107 134 26 53 79 106 133 25 52
105 132 24 51 78 104 131 23 50 77 103 130 22 49 76 102 129 21 48 75 101 128 20 47 74 100 127 19 46 73 99 126 18 45 72 98 125 17 44 71 97 124 16 43 70 96 123 15 42 69 95 122 14 41 68 94 121 13 40 67 93 120 12 39 66 92 119 11 38 65 91 118 10 37 64 90 117 9 36 63 89 116 8 35 62 88 115 7 34 61 87 114 6 33 60 86 113 5 32 59 85 112 4 31 58 84 111 3 30 57 83 110 2 29 56 82 109 1 28 55 108 135 27 54 81 107 134 26 53 80 106 133 25 52 79
132 24 51 78 105 131 23 50 77 104 130 22 49 76 103 129 21 48 75 102 128 20 47 74 101 127 19 46 73 100 126 18 45 72 99 125 17 44 71 98 124 16 43 70 97 123 15 42 69 96 122 14 41 68 95 121 13 40 67 94 120 12 39 66 93 119 11 38 65 92 118 10 37 64 91 117 9 36 63 90 116 8 35 62 89 115 7 34 61 88 114 6 33 60 87 113 5 32 59 86 112 4 31 58 85 111 3 30 57 84 110 2 29 56 83 109 1 28 55 82 135 27 54 81 108 134 26 53 80 107 133 25 52 79 106
25 52 79 106 133 24 51 78 105 132 23 50 77 104 131 22 49 76 103 130 21 48 75 102 129 20 47 74 101 128 19 46 73 100 127 18 45 72 99 126 17 44 71 98 125 16 43 70 97 124 15 42 69 96 123 14 41 68 95 122 13 40 67 94 121 12 39 66 93 120 11 38 65 92 119 10 37 64 91 118 9 36 63 90 117 8 35 62 89 116 7 34 61 88 115 6 33 60 87 114 5 32 59 86 113 4 31 58 85 112 3 30 57 84 111 2 29 56 83 110 1 28 55 82 109 27 54 81 108 135 26 53 80 107 134
52 79 106 133 25 51 78 105 132 24 50 77 104 131 23 49 76 103 130 22 48 75 102 129 21 47 74 101 128 20 46 73 100 127 19 45 72 99 126 18 44 71 98 125 17 43 70 97 124 16 42 69 96 123 15 41 68 95 122 14 40 67 94 121 13 39 66 93 120 12 38 65 92 119 11 37 64 91 118 10 36 63 90 117 9 35 62 89 116 8 34 61 88 115 7 33 60 87 114 6 32 59 86 113 5 31 58 85 112 4 30 57 84 111 3 29 56 83 110 2 28 55 82 109 1 54 81 108 135 27 53 80 107 134 26
79 106 133 25 52 78 105 132 24 51 77 104 131 23 50 76 103 130 22 49 75 102 129 21 48 74 101 128 20 47 73 100 127 19 46 72 99 126 18 45 71 98 125 17 44 70 97 124 16 43 69 96 123 15 42 68 95 122 14 41 67 94 121 13 40 66 93 120 12 39 65 92 119 11 38 64 91 118 10 37 63 90 117 9 36 62 89 116 8 35 61 88 115 7 34 60 87 114 6 33 59 86 113 5 32 58 85 112 4 31 57 84 111 3 30 56 83 110 2 29 55 82 109 1 28 81 108 135 27 54 80 107 134 26 53
106 133 25 52 79 105 132 24 51 78 104 131 23 50 77 103 130 22 49 76 102 129 21 48 75 101 128 20 47 74 100 127 19 46 73 99 126 18 45 72 98 125 17 44 71 97 124 16 43 70 96 123 15 42 69 95 122 14 41 68 94 121 13 40 67 93 120 12 39 66 92 119 11 38 65 91 118 10 37 64 90 117 9 36 63 89 116 8 35 62 88 115 7 34 61 87 114 6 33 60 86 113 5 32 59 85 112 4 31 58 84 111 3 30 57 83 110 2 29 56 82 109 1 28 55 108 135 27 54 81 107 134 26 53 80
133 25 52 79 106 132 24 51 78 105 131 23 50 77 104 130 22 49 76 103 129 21 48 75 102 128 20 47 74 101 127 19 46 73 100 126 18 45 72 99 125 17 44 71 98 124 16 43 70 97 123 15 42 69 96 122 14 41 68 95 121 13 40 67 94 120 12 39 66 93 119 11 38 65 92 118 10 37 64 91 117 9 36 63 90 116 8 35 62 89 115 7 34 61 88 114 6 33 60 87 113 5 32 59 86 112 4 31 58 85 111 3 30 57 84 110 2 29 56 83 109 1 28 55 82 135 27 54 81 108 134 26 53 80 107
26 53 80 107 134 25 52 79 106 133 24 51 78 105 132 23 50 77 104 131 22 49 76 103 130 21 48 75 102 129 20 47 74 101 128 19 46 73 100 127 18 45 72 99 126 17 44 71 98 125 16 43 70 97 124 15 42 69 96 123 14 41 68 95 122 13 40 67 94 121 12 39 66 93 120 11 38 65 92 119 10 37 64 91 118 9 36 63 90 117 8 35 62 89 116 7 34 61 88 115 6 33 60 87 114 5 32 59 86 113 4 31 58 85 112 3 30 57 84 111 2 29 56 83 110 1 28 55 82 109 27 54 81 108 135
53 80 107 134 26 52 79 106 133 25 51 78 105 132 24 50 77 104 131 23 49 76 103 130 22 48 75 102 129 21 47 74 101 128 20 46 73 100 127 19 45 72 99 126 18 44 71 98 125 17 43 70 97 124 16 42 69 96 123 15 41 68 95 122 14 40 67 94 121 13 39 66 93 120 12 38 65 92 119 11 37 64 91 118 10 36 63 90 117 9 35 62 89 116 8 34 61 88 115 7 33 60 87 114 6 32 59 86 113 5 31 58 85 112 4 30 57 84 111 3 29 56 83 110 2 28 55 82 109 1 54 81 108 135 27
80 107 134 26 53 79 106 133 25 52 78 105 132 24 51 77 104 131 23 50 76 103 130 22 49 75 102 129 21 48 74 101 128 20 47 73 100 127 19 46 72 99 126 18 45 71 98 125 17 44 70 97 124 16 43 69 96 123 15 42 68 95 122 14 41 67 94 121 13 40 66 93 120 12 39 65 92 119 11 38 64 91 118 10 37 63 90 117 9 36 62 89 116 8 35 61 88 115 7 34 60 87 114 6 33 59 86 113 5 32 58 85 112 4 31 57 84 111 3 30 56 83 110 2 29 55 82 109 1 28 81 108 135 27 54
107 134 26 53 80 106 133 25 52 79 105 132 24 51 78 104 131 23 50 77 103 130 22 49 76 102 129 21 48 75 101 128 20 47 74 100 127 19 46 73 99 126 18 45 72 98 125 17 44 71 97 124 16 43 70 96 123 15 42 69 95 122 14 41 68 94 121 13 40 67 93 120 12 39 66 92 119 11 38 65 91 118 10 37 64 90 117 9 36 63 89 116 8 35 62 88 115 7 34 61 87 114 6 33 60 86 113 5 32 59 85 112 4 31 58 84 111 3 30 57 83 110 2 29 56 82 109 1 28 55 108 135 27 54 81
134 26 53 80 107 133 25 52 79 106 132 24 51 78 105 131 23 50 77 104 130 22 49 76 103 129 21 48 75 102 128 20 47 74 101 127 19 46 73 100 126 18 45 72 99 125 17 44 71 98 124 16 43 70 97 123 15 42 69 96 122 14 41 68 95 121 13 40 67 94 120 12 39 66 93 119 11 38 65 92 118 10 37 64 91 117 9 36 63 90 116 8 35 62 89 115 7 34 61 88 114 6 33 60 87 113 5 32 59 86 112 4 31 58 85 111 3 30 57 84 110 2 29 56 83 109 1 28 55 82 135 27 54 81 108
27 54 81 108 135 26 53 80 107 134 25 52 79 106 133 24 51 78 105 132 23 50 77 104 131 22 49 76 103 130 21 48 75 102 129 20 47 74 101 128 19 46 73 100 127 18 45 72 99 126 17 44 71 98 125 16 43 70 97 124 15 42 69 96 123 14 41 68 95 122 13 40 67 94 121 12 39 66 93 120 11 38 65 92 119 10 37 64 91 118 9 36 63 90 117 8 35 62 89 116 7 34 61 88 115 6 33 60 87 114 5 32 59 86 113 4 31 58 85 112 3 30 57 84 111 2 29 56 83 110 1 28 55 82 109
54 81 108 135 27 53 80 107 134 26 52 79 106 133 25 51 78 105 132 24 50 77 104 131 23 49 76 103 130 22 48 75 102 129 21 47 74 101 128 20 46 73 100 127 19 45 72 99 126 18 44 71 98 125 17 43 70 97 124 16 42 69 96 123 15 41 68 95 122 14 40 67 94 121 13 39 66 93 120 12 38 65 92 119 11 37 64 91 118 10 36 63 90 117 9 35 62 89 116 8 34 61 88 115 7 33 60 87 114 6 32 59 86 113 5 31 58 85 112 4 30 57 84 111 3 29 56 83 110 2 28 55 82 109 1
81 108 135 27 54 80 107 134 26 53 79 106 133 25 52 78 105 132 24 51 77 104 131 23 50 76 103 130 22 49 75 102 129 21 48 74 101 128 20 47 73 100 127 19 46 72 99 126 18 45 71 98 125 17 44 70 97 124 16 43 69 96 123 15 42 68 95 122 14 41 67 94 121 13 40 66 93 120 12 39 65 92 119 11 38 64 91 118 10 37 63 90 117 9 36 62 89 116 8 35 61 88 115 7 34 60 87 114 6 33 59 86 113 5 32 58 85 112 4 31 57 84 111 3 30 56 83 110 2 29 55 82 109 1 28
108 135 27 54 81 107 134 26 53 80 106 133 25 52 79 105 132 24 51 78 104 131 23 50 77 103 130 22 49 76 102 129 21 48 75 101 128 20 47 74 100 127 19 46 73 99 126 18 45 72 98 125 17 44 71 97 124 16 43 70 96 123 15 42 69 95 122 14 41 68 94 121 13 40 67 93 120 12 39 66 92 119 11 38 65 91 118 10 37 64 90 117 9 36 63 89 116 8 35 62 88 115 7 34 61 87 114 6 33 60 86 113 5 32 59 85 112 4 31 58 84 111 3 30 57 83 110 2 29 56 82 109 1 28 55
135 27 54 81 108 134 26 53 80 107 133 25 52 79 106 132 24 51 78 105 131 23 50 77 104 130 22 49 76 103 129 21 48 75 102 128 20 47 74 101 127 19 46 73 100 126 18 45 72 99 125 17 44 71 98 124 16 43 70 97 123 15 42 69 96 122 14 41 68 95 121 13 40 67 94 120 12 39 66 93 119 11 38 65 92 118 10 37 64 91 117 9 36 63 90 116 8 35 62 89 115 7 34 61 88 114 6 33 60 87 113 5 32 59 86 112 4 31 58 85 111 3 30 57 84 110 2 29 56 83 109 1 28 55 82
