1 10 19 28 37 46 55 64 2 11 20 29 38 47 56 65 3 12 21 30 39 48 57 66 4 13 22 31 40 49 58 67 5 14 23 32 41 50 59 68 6 15 24 33 42 51 60 69 7 16 25 34 43 52 61 70 8 17 26 35 44 53 62 71 9 18 27 36 45 54 63 72
10 19 28 37 46 55 64 1 11 20 29 38 47 56 65 2 12 21 30 39 48 57 66 3 13 22 31 40 49 58 67 4 14 23 32 41 50 59 68 5 15 24 33 42 51 60 69 6 16 25 34 43 52 61 70 7 17 26 35 44 53 62 71 8 18 27 36 45 54 63 72 9
19 28 37 46 55 64 1 10 20 29 38 47 56 65 2 11 21 30 39 48 57 66 3 12 22 31 40 49 58 67 4 13 23 32 41 50 59 68 5 14 24 33 42 51 60 69 6 15 25 34 43 52 61 70 7 16 26 35 44 53 62 71 8 17 27 36 45 54 63 72 9 18
28 37 46 55 64 1 10 19 29 38 47 56 65 2 11 20 30 39 48 57 66 3 12 21 31 40 49 58 67 4 13 22 32 41 50 59 68 5 14 23 33 42 51 60 69 6 15 24 34 43 52 61 70 7 16 25 35 44 53 62 71 8 17 26 36 45 54 63 72 9 18 27
37 46 55 64 1 10 19 28 38 47 56 65 2 11 20 29 39 48 57 66 3 12 21 30 40 49 58 67 4 13 22 31 41 50 59 68 5 14 23 32 42 51 60 69 6 15 24 33 43 52 61 70 7 16 25 34 44 53 62 71 8 17 26 35 45 54 63 72 9 18 27 36
46 55 64 1 10 19 28 37 47 56 65 2 11 20 29 38 48 57 66 3 12 21 30 39 49 58 67 4 13 22 31 40 50 59 68 5 14 23 32 41 51 60 69 6 15 24 33 42 52 61 70 7 16 25 34 43 53 62 71 8 17 26 35 44 54 63 72 9 18 27 36 45
55 64 1 10 19 28 37 46 56 65 2 11 20 29 38 47 57 66 3 12 21 30 39 48 58 67 4 13 22 31 40 49 59 68 5 14 23 32 41 50 60 69 6 15 24 33 42 51 61 70 7 16 25 34 43 52 62 71 8 17 26 35 44 53 63 72 9 18 27 36 45 54
64 1 10 19 28 37 46 55 65 2 11 20 29 38 47 56 66 3 12 21 30 39 48 57 67 4 13 22 31 40 49 58 68 5 14 23 32 41 50 59 69 6 15 24 33 42 51 60 70 7 16 25 34 43 52 61 71 8 17 26 35 44 53 62 72 9 18 27 36 45 54 63
9 18 27 36 45 54 63 72 1 10 19 28 37 46 55 64 2 11 20 29 38 47 56 65 3 12 21 30 39 48 57 66 4 13 22 31 40 49 58 67 5 14 23 32 41 50 59 68 6 15 24 33 42 51 60 69 7 16 25 34 43 52 61 70 8 17 26 35 44 53 62 71
18 27 36 45 54 63 72 9 10 19 28 37 46 55 64 1 11 20 29 38 47 56 65 2 12 21 30 39 48 57 66 3 13 22 31 40 49 58 67 4 14 23 32 41 50 59 68 5 15 24 33 42 51 60 69 6 16 25 34 43 52 61 70 7 17 26 35 44 53 62 71 8
27 36 45 54 63 72 9 18 19 28 37 46 55 64 1 10 20 29 38 47 56 65 2 11 21 30 39 48 57 66 3 12 22 31 40 49 58 67 4 13 23 32 41 50 59 68 5 14 24 33 42 51 60 69 6 15 25 34 43 52 61 70 7 16 26 35 44 53 62 71 8 17
36 45 54 63 72 9 18 27 28 37 46 55 64 1 10 19 29 38 47 56 65 2 11 20 30 39 48 57 66 3 12 21 31 40 49 58 67 4 13 22 32 41 50 59 68 5 14 23 33 42 51 60 69 6 15 24 34 43 52 61 70 7 16 25 35 44 53 62 71 8 17 26
45 54 63 72 9 18 27 36 37 46 55 64 1 10 19 28 38 47 56 65 2 11 20 29 39 48 57 66 3 12 21 30 40 49 58 67 4 13 22 31 41 50 59 68 5 14 23 32 42 51 60 69 6 15 24 33 43 52 61 70 7 16 25 34 44 53 62 71 8 17 26 35
54 63 72 9 18 27 36 45 46 55 64 1 10 19 28 37 47 56 65 2 11 20 29 38 48 57 66 3 12 21 30 39 49 58 67 4 13 22 31 40 50 59 68 5 14 23 32 41 51 60 69 6 15 24 33 42 52 61 70 7 16 25 34 43 53 62 71 8 17 26 35 44
63 72 9 18 27 36 45 54 55 64 1 10 19 28 37 46 56 65 2 11 20 29 38 47 57 66 3 12 21 30 39 48 58 67 4 13 22 31 40 49 59 68 5 14 23 32 41 50 60 69 6 15 24 33 42 51 61 70 7 16 25 34 43 52 62 71 8 17 26 35 44 53
72 9 18 27 36 45 54 63 64 1 10 19 28 37 46 55 65 2 11 20 29 38 47 56 66 3 12 21 30 39 48 57 67 4 13 22 31 40 49 58 68 5 14 23 32 41 50 59 69 6 15 24 33 42 51 60 70 7 16 25 34 43 52 61 71 8 17 26 35 44 53 62
8 17 26 35 44 53 62 71 9 18 27 36 45 54 63 72 1 10 19 28 37 46 55 64 2 11 20 29 38 47 56 65 3 12 21 30 39 48 57 66 4 13 22 31 40 49 58 67 5 14 23 32 41 50 59 68 6 15 24 33 42 51 60 69 7 16 25 34 43 52 61 70
17 26 35 44 53 62 71 8 18 27 36 45 54 63 72 9 10 19 28 37 46 55 64 1 11 20 29 38 47 56 65 2 12 21 30 39 48 57 66 3 13 22 31 40 49 58 67 4 14 23 32 41 50 59 68 5 15 24 33 42 51 60 69 6 16 25 34 43 52 61 70 7
26 35 44 53 62 71 8 17 27 36 45 54 63 72 9 18 19 28 37 46 55 64 1 10 20 29 38 47 56 65 2 11 21 30 39 48 57 66 3 12 22 31 40 49 58 67 4 13 23 32 41 50 59 68 5 14 24 33 42 51 60 69 6 15 25 34 43 52 61 70 7 16
35 44 53 62 71 8 17 26 36 45 54 63 72 9 18 27 28 37 46 55 64 1 10 19 29 38 47 56 65 2 11 20 30 39 48 57 66 3 12 21 31 40 49 58 67 4 13 22 32 41 50 59 68 5 14 23 33 42 51 60 69 6 15 24 34 43 52 61 70 7 16 25
44 53 62 71 8 17 26 35 45 54 63 72 9 18 27 36 37 46 55 64 1 10 19 28 38 47 56 65 2 11 20 29 39 48 57 66 3 12 21 30 40 49 58 67 4 13 22 31 41 50 59 68 5 14 23 32 42 51 60 69 6 15 24 33 43 52 61 70 7 16 25 34
53 62 71 8 17 26 35 44 54 63 72 9 18 27 36 45 46 55 64 1 10 19 28 37 47 56 65 2 11 20 29 38 48 57 66 3 12 21 30 39 49 58 67 4 13 22 31 40 50 59 68 5 14 23 32 41 51 60 69 6 15 24 33 42 52 61 70 7 16 25 34 43
62 71 8 17 26 35 44 53 63 72 9 18 27 36 45 54 55 64 1 10 19 28 37 46 56 65 2 11 20 29 38 47 57 66 3 12 21 30 39 48 58 67 4 13 22 31 40 49 59 68 5 14 23 32 41 50 60 69 6 15 24 33 42 51 61 70 7 16 25 34 43 52
71 8 17 26 35 44 53 62 72 9 18 27 36 45 54 63 64 1 10 19 28 37 46 55 65 2 11 20 29 38 47 56 66 3 12 21 30 39 48 57 67 4 13 22 31 40 49 58 68 5 14 23 32 41 50 59 69 6 15 24 33 42 51 60 70 7 16 25 34 43 52 61
7 16 25 34 43 52 61 70 8 17 26 35 44 53 62 71 9 18 27 36 45 54 63 72 1 10 19 28 37 46 55 64 2 11 20 29 38 47 56 65 3 12 21 30 39 48 57 66 4 13 22 31 40 49 58 67 5 14 23 32 41 50 59 68 6 15 24 33 42 51 60 69
16 25 34 43 52 61 70 7 17 26 35 44 53 62 71 8 18 27 36 45 54 63 72 9 10 19 28 37 46 55 64 1 11 20 29 38 47 56 65 2 12 21 30 39 48 57 66 3 13 22 31 40 49 58 67 4 14 23 32 41 50 59 68 5 15 24 33 42 51 60 69 6
25 34 43 52 61 70 7 16 26 35 44 53 62 71 8 17 27 36 45 54 63 72 9 18 19 28 37 46 55 64 1 10 20 29 38 47 56 65 2 11 21 30 39 48 57 66 3 12 22 31 40 49 58 67 4 13 23 32 41 50 59 68 5 14 24 33 42 51 60 69 6 15
34 43 52 61 70 7 16 25 35 44 53 62 71 8 17 26 36 45 54 63 72 9 18 27 28 37 46 55 64 1 10 19 29 38 47 56 65 2 11 20 30 39 48 57 66 3 12 21 31 40 49 58 67 4 13 22 32 41 50 59 68 5 14 23 33 42 51 60 69 6 15 24
43 52 61 70 7 16 25 34 44 53 62 71 8 17 26 35 45 54 63 72 9 18 27 36 37 46 55 64 1 10 19 28 38 47 56 65 2 11 20 29 39 48 57 66 3 12 21 30 40 49 58 67 4 13 22 31 41 50 59 68 5 14 23 32 42 51 60 69 6 15 24 33
52 61 70 7 16 25 34 43 53 62 71 8 17 26 35 44 54 63 72 9 18 27 36 45 46 55 64 1 10 19 28 37 47 56 65 2 11 20 29 38 48 57 66 3 12 21 30 39 49 58 67 4 13 22 31 40 50 59 68 5 14 23 32 41 51 60 69 6 15 24 33 42
61 70 7 16 25 34 43 52 62 71 8 17 26 35 44 53 63 72 9 18 27 36 45 54 55 64 1 10 19 28 37 46 56 65 2 11 20 29 38 47 57 66 3 12 21 30 39 48 58 67 4 13 22 31 40 49 59 68 5 14 23 32 41 50 60 69 6 15 24 33 42 51
70 7 16 25 34 43 52 61 71 8 17 26 35 44 53 62 72 9 18 27 36 45 54 63 64 1 10 19 28 37 46 55 65 2 11 20 29 38 47 56 66 3 12 21 30 39 48 57 67 4 13 22 31 40 49 58 68 5 14 23 32 41 50 59 69 6 15 24 33 42 51 60
6 15 24 33 42 51 60 69 7 16 25 34 43 52 61 70 8 17 26 35 44 53 62 71 9 18 27 36 45 54 63 72 1 10 19 28 37 46 55 64 2 11 20 29 38 47 56 65 3 12 21 30 39 48 57 66 4 13 22 31 40 49 58 67 5 14 23 32 41 50 59 68
15 24 33 42 51 60 69 6 16 25 34 43 52 61 70 7 17 26 35 44 53 62 71 8 18 27 36 45 54 63 72 9 10 19 28 37 46 55 64 1 11 20 29 38 47 56 65 2 12 21 30 39 48 57 66 3 13 22 31 40 49 58 67 4 14 23 32 41 50 59 68 5
24 33 42 51 60 69 6 15 25 34 43 52 61 70 7 16 26 35 44 53 62 71 8 17 27 36 45 54 63 72 9 18 19 28 37 46 55 64 1 10 20 29 38 47 56 65 2 11 21 30 39 48 57 66 3 12 22 31 40 49 58 67 4 13 23 32 41 50 59 68 5 14
33 42 51 60 69 6 15 24 34 43 52 61 70 7 16 25 35 44 53 62 71 8 17 26 36 45 54 63 72 9 18 27 28 37 46 55 64 1 10 19 29 38 47 56 65 2 11 20 30 39 48 57 66 3 12 21 31 40 49 58 67 4 13 22 32 41 50 59 68 5 14 23
42 51 60 69 6 15 24 33 43 52 61 70 7 16 25 34 44 53 62 71 8 17 26 35 45 54 63 72 9 18 27 36 37 46 55 64 1 10 19 28 38 47 56 65 2 11 20 29 39 48 57 66 3 12 21 30 40 49 58 67 4 13 22 31 41 50 59 68 5 14 23 32
51 60 69 6 15 24 33 42 52 61 70 7 16 25 34 43 53 62 71 8 17 26 35 44 54 63 72 9 18 27 36 45 46 55 64 1 10 19 28 37 47 56 65 2 11 20 29 38 48 57 66 3 12 21 30 39 49 58 67 4 13 22 31 40 50 59 68 5 14 23 32 41
60 69 6 15 24 33 42 51 61 70 7 16 25 34 43 52 62 71 8 17 26 35 44 53 63 72 9 18 27 36 45 54 55 64 1 10 19 28 37 46 56 65 2 11 20 29 38 47 57 66 3 12 21 30 39 48 58 67 4 13 22 31 40 49 59 68 5 14 23 32 41 50
69 6 15 24 33 42 51 60 70 7 16 25 34 43 52 61 71 8 17 26 35 44 53 62 72 9 18 27 36 45 54 63 64 1 10 19 28 37 46 55 65 2 11 20 29 38 47 56 66 3 12 21 30 39 48 57 67 4 13 22 31 40 49 58 68 5 14 23 32 41 50 59
5 14 23 32 41 50 59 68 6 15 24 33 42 51 60 69 7 16 25 34 43 52 61 70 8 17 26 35 44 53 62 71 9 18 27 36 45 54 63 72 1 10 19 28 37 46 55 64 2 11 20 29 38 47 56 65 3 12 21 30 39 48 57 66 4 13 22 31 40 49 58 67
14 23 32 41 50 59 68 5 15 24 33 42 51 60 69 6 16 25 34 43 52 61 70 7 17 26 35 44 53 62 71 8 18 27 36 45 54 63 72 9 10 19 28 37 46 55 64 1 11 20 29 38 47 56 65 2 12 21 30 39 48 57 66 3 13 22 31 40 49 58 67 4
23 32 41 50 59 68 5 14 24 33 42 51 60 69 6 15 25 34 43 52 61 70 7 16 26 35 44 53 62 71 8 17 27 36 45 54 63 72 9 18 19 28 37 46 55 64 1 10 20 29 38 47 56 65 2 11 21 30 39 48 57 66 3 12 22 31 40 49 58 67 4 13
32 41 50 59 68 5 14 23 33 42 51 60 69 6 15 24 34 43 52 61 70 7 16 25 35 44 53 62 71 8 17 26 36 45 54 63 72 9 18 27 28 37 46 55 64 1 10 19 29 38 47 56 65 2 11 20 30 39 48 57 66 3 12 21 31 40 49 58 67 4 13 22
41 50 59 68 5 14 23 32 42 51 60 69 6 15 24 33 43 52 61 70 7 16 25 34 44 53 62 71 8 17 26 35 45 54 63 72 9 18 27 36 37 46 55 64 1 10 19 28 38 47 56 65 2 11 20 29 39 48 57 66 3 12 21 30 40 49 58 67 4 13 22 31
50 59 68 5 14 23 32 41 51 60 69 6 15 24 33 42 52 61 70 7 16 25 34 43 53 62 71 8 17 26 35 44 54 63 72 9 18 27 36 45 46 55 64 1 10 19 28 37 47 56 65 2 11 20 29 38 48 57 66 3 12 21 30 39 49 58 67 4 13 22 31 40
59 68 5 14 23 32 41 50 60 69 6 15 24 33 42 51 61 70 7 16 25 34 43 52 62 71 8 17 26 35 44 53 63 72 9 18 27 36 45 54 55 64 1 10 19 28 37 46 56 65 2 11 20 29 38 47 57 66 3 12 21 30 39 48 58 67 4 13 22 31 40 49
68 5 14 23 32 41 50 59 69 6 15 24 33 42 51 60 70 7 16 25 34 43 52 61 71 8 17 26 35 44 53 62 72 9 18 27 36 45 54 63 64 1 10 19 28 37 46 55 65 2 11 20 29 38 47 56 66 3 12 21 30 39 48 57 67 4 13 22 31 40 49 58
4 13 22 31 40 49 58 67 5 14 23 32 41 50 59 68 6 15 24 33 42 51 60 69 7 16 25 34 43 52 61 70 8 17 26 35 44 53 62 71 9 18 27 36 45 54 63 72 1 10 19 28 37 46 55 64 2 11 20 29 38 47 56 65 3 12 21 30 39 48 57 66
13 22 31 40 49 58 67 4 14 23 32 41 50 59 68 5 15 24 33 42 51 60 69 6 16 25 34 43 52 61 70 7 17 26 35 44 53 62 71 8 18 27 36 45 54 63 72 9 10 19 28 37 46 55 64 1 11 20 29 38 47 56 65 2 12 21 30 39 48 57 66 3
22 31 40 49 58 67 4 13 23 32 41 50 59 68 5 14 24 33 42 51 60 69 6 15 25 34 43 52 61 70 7 16 26 35 44 53 62 71 8 17 27 36 45 54 63 72 9 18 19 28 37 46 55 64 1 10 20 29 38 47 56 65 2 11 21 30 39 48 57 66 3 12
31 40 49 58 67 4 13 22 32 41 50 59 68 5 14 23 33 42 51 60 69 6 15 24 34 43 52 61 70 7 16 25 35 44 53 62 71 8 17 26 36 45 54 63 72 9 18 27 28 37 46 55 64 1 10 19 29 38 47 56 65 2 11 20 30 39 48 57 66 3 12 21
40 49 58 67 4 13 22 31 41 50 59 68 5 14 23 32 42 51 60 69 6 15 24 33 43 52 61 70 7 16 25 34 44 53 62 71 8 17 26 35 45 54 63 72 9 18 27 36 37 46 55 64 1 10 19 28 38 47 56 65 2 11 20 29 39 48 57 66 3 12 21 30
49 58 67 4 13 22 31 40 50 59 68 5 14 23 32 41 51 60 69 6 15 24 33 42 52 61 70 7 16 25 34 43 53 62 71 8 17 26 35 44 54 63 72 9 18 27 36 45 46 55 64 1 10 19 28 37 47 56 65 2 11 20 29 38 48 57 66 3 12 21 30 39
58 67 4 13 22 31 40 49 59 68 5 14 23 32 41 50 60 69 6 15 24 33 42 51 61 70 7 16 25 34 43 52 62 71 8 17 26 35 44 53 63 72 9 18 27 36 45 54 55 64 1 10 19 28 37 46 56 65 2 11 20 29 38 47 57 66 3 12 21 30 39 48
67 4 13 22 31 40 49 58 68 5 14 23 32 41 50 59 69 6 15 24 33 42 51 60 70 7 16 25 34 43 52 61 71 8 17 26 35 44 53 62 72 9 18 27 36 45 54 63 64 1 10 19 28 37 46 55 65 2 11 20 29 38 47 56 66 3 12 21 30 39 48 57
3 12 21 30 39 48 57 66 4 13 22 31 40 49 58 67 5 14 23 32 41 50 59 68 6 15 24 33 42 51 60 69 7 16 25 34 43 52 61 70 8 17 26 35 44 53 62 71 9 18 27 36 45 54 63 72 1 10 19 28 37 46 55 64 2 11 20 29 38 47 56 65
12 21 30 39 48 57 66 3 13 22 31 40 49 58 67 4 14 23 32 41 50 59 68 5 15 24 33 42 51 60 69 6 16 25 34 43 52 61 70 7 17 26 35 44 53 62 71 8 18 27 36 45 54 63 72 9 10 19 28 37 46 55 64 1 11 20 29 38 47 56 65 2
21 30 39 48 57 66 3 12 22 31 40 49 58 67 4 13 23 32 41 50 59 68 5 14 24 33 42 51 60 69 6 15 25 34 43 52 61 70 7 16 26 35 44 53 62 71 8 17 27 36 45 54 63 72 9 18 19 28 37 46 55 64 1 10 20 29 38 47 56 65 2 11
30 39 48 57 66 3 12 21 31 40 49 58 67 4 13 22 32 41 50 59 68 5 14 23 33 42 51 60 69 6 15 24 34 43 52 61 70 7 16 25 35 44 53 62 71 8 17 26 36 45 54 63 72 9 18 27 28 37 46 55 64 1 10 19 29 38 47 56 65 2 11 20
39 48 57 66 3 12 21 30 40 49 58 67 4 13 22 31 41 50 59 68 5 14 23 32 42 51 60 69 6 15 24 33 43 52 61 70 7 16 25 34 44 53 62 71 8 17 26 35 45 54 63 72 9 18 27 36 37 46 55 64 1 10 19 28 38 47 56 65 2 11 20 29
48 57 66 3 12 21 30 39 49 58 67 4 13 22 31 40 50 59 68 5 14 23 32 41 51 60 69 6 15 24 33 42 52 61 70 7 16 25 34 43 53 62 71 8 17 26 35 44 54 63 72 9 18 27 36 45 46 55 64 1 10 19 28 37 47 56 65 2 11 20 29 38
57 66 3 12 21 30 39 48 58 67 4 13 22 31 40 49 59 68 5 14 23 32 41 50 60 69 6 15 24 33 42 51 61 70 7 16 25 34 43 52 62 71 8 17 26 35 44 53 63 72 9 18 27 36 45 54 55 64 1 10 19 28 37 46 56 65 2 11 20 29 38 47
66 3 12 21 30 39 48 57 67 4 13 22 31 40 49 58 68 5 14 23 32 41 50 59 69 6 15 24 33 42 51 60 70 7 16 25 34 43 52 61 71 8 17 26 35 44 53 62 72 9 18 27 36 45 54 63 64 1 10 19 28 37 46 55 65 2 11 20 29 38 47 56
2 11 20 29 38 47 56 65 3 12 21 30 39 48 57 66 4 13 22 31 40 49 58 67 5 14 23 32 41 50 59 68 6 15 24 33 42 51 60 69 7 16 25 34 43 52 61 70 8 17 26 35 44 53 62 71 9 18 27 36 45 54 63 72 1 10 19 28 37 46 55 64
11 20 29 38 47 56 65 2 12 21 30 39 48 57 66 3 13 22 31 40 49 58 67 4 14 23 32 41 50 59 68 5 15 24 33 42 51 60 69 6 16 25 34 43 52 61 70 7 17 26 35 44 53 62 71 8 18 27 36 45 54 63 72 9 10 19 28 37 46 55 64 1
20 29 38 47 56 65 2 11 21 30 39 48 57 66 3 12 22 31 40 49 58 67 4 13 23 32 41 50 59 68 5 14 24 33 42 51 60 69 6 15 25 34 43 52 61 70 7 16 26 35 44 53 62 71 8 17 27 36 45 54 63 72 9 18 19 28 37 46 55 64 1 10
29 38 47 56 65 2 11 20 30 39 48 57 66 3 12 21 31 40 49 58 67 4 13 22 32 41 50 59 68 5 14 23 33 42 51 60 69 6 15 24 34 43 52 61 70 7 16 25 35 44 53 62 71 8 17 26 36 45 54 63 72 9 18 27 28 37 46 55 64 1 10 19
38 47 56 65 2 11 20 29 39 48 57 66 3 12 21 30 40 49 58 67 4 13 22 31 41 50 59 68 5 14 23 32 42 51 60 69 6 15 24 33 43 52 61 70 7 16 25 34 44 53 62 71 8 17 26 35 45 54 63 72 9 18 27 36 37 46 55 64 1 10 19 28
47 56 65 2 11 20 29 38 48 57 66 3 12 21 30 39 49 58 67 4 13 22 31 40 50 59 68 5 14 23 32 41 51 60 69 6 15 24 33 42 52 61 70 7 16 25 34 43 53 62 71 8 17 26 35 44 54 63 72 9 18 27 36 45 46 55 64 1 10 19 28 37
56 65 2 11 20 29 38 47 57 66 3 12 21 30 39 48 58 67 4 13 22 31 40 49 59 68 5 14 23 32 41 50 60 69 6 15 24 33 42 51 61 70 7 16 25 34 43 52 62 71 8 17 26 35 44 53 63 72 9 18 27 36 45 54 55 64 1 10 19 28 37 46
65 2 11 20 29 38 47 56 66 3 12 21 30 39 48 57 67 4 13 22 31 40 49 58 68 5 14 23 32 41 50 59 69 6 15 24 33 42 51 60 70 7 16 25 34 43 52 61 71 8 17 26 35 44 53 62 72 9 18 27 36 45 54 63 64 1 10 19 28 37 46 55
