1 17 33 49 16 32 48 64 15 31 47 63 14 30 46 62 13 29 45 61 12 28 44 60 11 27 43 59 10 26 42 58 9 25 41 57 8 24 40 56 7 23 39 55 6 22 38 54 5 21 37 53 4 20 36 52 3 19 35 51 2 18 34 50
17 33 49 1 32 48 64 16 31 47 63 15 30 46 62 14 29 45 61 13 28 44 60 12 27 43 59 11 26 42 58 10 25 41 57 9 24 40 56 8 23 39 55 7 22 38 54 6 21 37 53 5 20 36 52 4 19 35 51 3 18 34 50 2
33 49 1 17 48 64 16 32 47 63 15 31 46 62 14 30 45 61 13 29 44 60 12 28 43 59 11 27 42 58 10 26 41 57 9 25 40 56 8 24 39 55 7 23 38 54 6 22 37 53 5 21 36 52 4 20 35 51 3 19 34 50 2 18
49 1 17 33 64 16 32 48 63 15 31 47 62 14 30 46 61 13 29 45 60 12 28 44 59 11 27 43 58 10 26 42 57 9 25 41 56 8 24 40 55 7 23 39 54 6 22 38 53 5 21 37 52 4 20 36 51 3 19 35 50 2 18 34
2 18 34 50 1 17 33 49 16 32 48 64 15 31 47 63 14 30 46 62 13 29 45 61 12 28 44 60 11 27 43 59 10 26 42 58 9 25 41 57 8 24 40 56 7 23 39 55 6 22 38 54 5 21 37 53 4 20 36 52 3 19 35 51
18 34 50 2 17 33 49 1 32 48 64 16 31 47 63 15 30 46 62 14 29 45 61 13 28 44 60 12 27 43 59 11 26 42 58 10 25 41 57 9 24 40 56 8 23 39 55 7 22 38 54 6 21 37 53 5 20 36 52 4 19 35 51 3
34 50 2 18 33 49 1 17 48 64 16 32 47 63 15 31 46 62 14 30 45 61 13 29 44 60 12 28 43 59 11 27 42 58 10 26 41 57 9 25 40 56 8 24 39 55 7 23 38 54 6 22 37 53 5 21 36 52 4 20 35 51 3 19
50 2 18 34 49 1 17 33 64 16 32 48 63 15 31 47 62 14 30 46 61 13 29 45 60 12 28 44 59 11 27 43 58 10 26 42 57 9 25 41 56 8 24 40 55 7 23 39 54 6 22 38 53 5 21 37 52 4 20 36 51 3 19 35
3 19 35 51 2 18 34 50 1 17 33 49 16 32 48 64 15 31 47 63 14 30 46 62 13 29 45 61 12 28 44 60 11 27 43 59 10 26 42 58 9 25 41 57 8 24 40 56 7 23 39 55 6 22 38 54 5 21 37 53 4 20 36 52
19 35 51 3 18 34 50 2 17 33 49 1 32 48 64 16 31 47 63 15 30 46 62 14 29 45 61 13 28 44 60 12 27 43 59 11 26 42 58 10 25 41 57 9 24 40 56 8 23 39 55 7 22 38 54 6 21 37 53 5 20 36 52 4
35 51 3 19 34 50 2 18 33 49 1 17 48 64 16 32 47 63 15 31 46 62 14 30 45 61 13 29 44 60 12 28 43 59 11 27 42 58 10 26 41 57 9 25 40 56 8 24 39 55 7 23 38 54 6 22 37 53 5 21 36 52 4 20
51 3 19 35 50 2 18 34 49 1 17 33 64 16 32 48 63 15 31 47 62 14 30 46 61 13 29 45 60 12 28 44 59 11 27 43 58 10 26 42 57 9 25 41 56 8 24 40 55 7 23 39 54 6 22 38 53 5 21 37 52 4 20 36
4 20 36 52 3 19 35 51 2 18 34 50 1 17 33 49 16 32 48 64 15 31 47 63 14 30 46 62 13 29 45 61 12 28 44 60 11 27 43 59 10 26 42 58 9 25 41 57 8 24 40 56 7 23 39 55 6 22 38 54 5 21 37 53
20 36 52 4 19 35 51 3 18 34 50 2 17 33 49 1 32 48 64 16 31 47 63 15 30 46 62 14 29 45 61 13 28 44 60 12 27 43 59 11 26 42 58 10 25 41 57 9 24 40 56 8 23 39 55 7 22 38 54 6 21 37 53 5
36 52 4 20 35 51 3 19 34 50 2 18 33 49 1 17 48 64 16 32 47 63 15 31 46 62 14 30 45 61 13 29 44 60 12 28 43 59 11 27 42 58 10 26 41 57 9 25 40 56 8 24 39 55 7 23 38 54 6 22 37 53 5 21
52 4 20 36 51 3 19 35 50 2 18 34 49 1 17 33 64 16 32 48 63 15 31 47 62 14 30 46 61 13 29 45 60 12 28 44 59 11 27 43 58 10 26 42 57 9 25 41 56 8 24 40 55 7 23 39 54 6 22 38 53 5 21 37
5 21 37 53 4 20 36 52 3 19 35 51 2 18 34 50 1 17 33 49 16 32 48 64 15 31 47 63 14 30 46 62 13 29 45 61 12 28 44 60 11 27 43 59 10 26 42 58 9 25 41 57 8 24 40 56 7 23 39 55 6 22 38 54
21 37 53 5 20 36 52 4 19 35 51 3 18 34 50 2 17 33 49 1 32 48 64 16 31 47 63 15 30 46 62 14 29 45 61 13 28 44 60 12 27 43 59 11 26 42 58 10 25 41 57 9 24 40 56 8 23 39 55 7 22 38 54 6
37 53 5 21 36 52 4 20 35 51 3 19 34 50 2 18 33 49 1 17 48 64 16 32 47 63 15 31 46 62 14 30 45 61 13 29 44 60 12 28 43 59 11 27 42 58 10 26 41 57 9 25 40 56 8 24 39 55 7 23 38 54 6 22
53 5 21 37 52 4 20 36 51 3 19 35 50 2 18 34 49 1 17 33 64 16 32 48 63 15 31 47 62 14 30 46 61 13 29 45 60 12 28 44 59 11 27 43 58 10 26 42 57 9 25 41 56 8 24 40 55 7 23 39 54 6 22 38
6 22 38 54 5 21 37 53 4 20 36 52 3 19 35 51 2 18 34 50 1 17 33 49 16 32 48 64 15 31 47 63 14 30 46 62 13 29 45 61 12 28 44 60 11 27 43 59 10 26 42 58 9 25 41 57 8 24 40 56 7 23 39 55
22 38 54 6 21 37 53 5 20 36 52 4 19 35 51 3 18 34 50 2 17 33 49 1 32 48 64 16 31 47 63 15 30 46 62 14 29 45 61 13 28 44 60 12 27 43 59 11 26 42 58 10 25 41 57 9 24 40 56 8 23 39 55 7
38 54 6 22 37 53 5 21 36 52 4 20 35 51 3 19 34 50 2 18 33 49 1 17 48 64 16 32 47 63 15 31 46 62 14 30 45 61 13 29 44 60 12 28 43 59 11 27 42 58 10 26 41 57 9 25 40 56 8 24 39 55 7 23
54 6 22 38 53 5 21 37 52 4 20 36 51 3 19 35 50 2 18 34 49 1 17 33 64 16 32 48 63 15 31 47 62 14 30 46 61 13 29 45 60 12 28 44 59 11 27 43 58 10 26 42 57 9 25 41 56 8 24 40 55 7 23 39
7 23 39 55 6 22 38 54 5 21 37 53 4 20 36 52 3 19 35 51 2 18 34 50 1 17 33 49 16 32 48 64 15 31 47 63 14 30 46 62 13 29 45 61 12 28 44 60 11 27 43 59 10 26 42 58 9 25 41 57 8 24 40 56
23 39 55 7 22 38 54 6 21 37 53 5 20 36 52 4 19 35 51 3 18 34 50 2 17 33 49 1 32 48 64 16 31 47 63 15 30 46 62 14 29 45 61 13 28 44 60 12 27 43 59 11 26 42 58 10 25 41 57 9 24 40 56 8
39 55 7 23 38 54 6 22 37 53 5 21 36 52 4 20 35 51 3 19 34 50 2 18 33 49 1 17 48 64 16 32 47 63 15 31 46 62 14 30 45 61 13 29 44 60 12 28 43 59 11 27 42 58 10 26 41 57 9 25 40 56 8 24
55 7 23 39 54 6 22 38 53 5 21 37 52 4 20 36 51 3 19 35 50 2 18 34 49 1 17 33 64 16 32 48 63 15 31 47 62 14 30 46 61 13 29 45 60 12 28 44 59 11 27 43 58 10 26 42 57 9 25 41 56 8 24 40
8 24 40 56 7 23 39 55 6 22 38 54 5 21 37 53 4 20 36 52 3 19 35 51 2 18 34 50 1 17 33 49 16 32 48 64 15 31 47 63 14 30 46 62 13 29 45 61 12 28 44 60 11 27 43 59 10 26 42 58 9 25 41 57
24 40 56 8 23 39 55 7 22 38 54 6 21 37 53 5 20 36 52 4 19 35 51 3 18 34 50 2 17 33 49 1 32 48 64 16 31 47 63 15 30 46 62 14 29 45 61 13 28 44 60 12 27 43 59 11 26 42 58 10 25 41 57 9
40 56 8 24 39 55 7 23 38 54 6 22 37 53 5 21 36 52 4 20 35 51 3 19 34 50 2 18 33 49 1 17 48 64 16 32 47 63 15 31 46 62 14 30 45 61 13 29 44 60 12 28 43 59 11 27 42 58 10 26 41 57 9 25
56 8 24 40 55 7 23 39 54 6 22 38 53 5 21 37 52 4 20 36 51 3 19 35 50 2 18 34 49 1 17 33 64 16 32 48 63 15 31 47 62 14 30 46 61 13 29 45 60 12 28 44 59 11 27 43 58 10 26 42 57 9 25 41
9 25 41 57 8 24 40 56 7 23 39 55 6 22 38 54 5 21 37 53 4 20 36 52 3 19 35 51 2 18 34 50 1 17 33 49 16 32 48 64 15 31 47 63 14 30 46 62 13 29 45 61 12 28 44 60 11 27 43 59 10 26 42 58
25 41 57 9 24 40 56 8 23 39 55 7 22 38 54 6 21 37 53 5 20 36 52 4 19 35 51 3 18 34 50 2 17 33 49 1 32 48 64 16 31 47 63 15 30 46 62 14 29 45 61 13 28 44 60 12 27 43 59 11 26 42 58 10
41 57 9 25 40 56 8 24 39 55 7 23 38 54 6 22 37 53 5 21 36 52 4 20 35 51 3 19 34 50 2 18 33 49 1 17 48 64 16 32 47 63 15 31 46 62 14 30 45 61 13 29 44 60 12 28 43 59 11 27 42 58 10 26
57 9 25 41 56 8 24 40 55 7 23 39 54 6 22 38 53 5 21 37 52 4 20 36 51 3 19 35 50 2 18 34 49 1 17 33 64 16 32 48 63 15 31 47 62 14 30 46 61 13 29 45 60 12 28 44 59 11 27 43 58 10 26 42
10 26 42 58 9 25 41 57 8 24 40 56 7 23 39 55 6 22 38 54 5 21 37 53 4 20 36 52 3 19 35 51 2 18 34 50 1 17 33 49 16 32 48 64 15 31 47 63 14 30 46 62 13 29 45 61 12 28 44 60 11 27 43 59
26 42 58 10 25 41 57 9 24 40 56 8 23 39 55 7 22 38 54 6 21 37 53 5 20 36 52 4 19 35 51 3 18 34 50 2 17 33 49 1 32 48 64 16 31 47 63 15 30 46 62 14 29 45 61 13 28 44 60 12 27 43 59 11
42 58 10 26 41 57 9 25 40 56 8 24 39 55 7 23 38 54 6 22 37 53 5 21 36 52 4 20 35 51 3 19 34 50 2 18 33 49 1 17 48 64 16 32 47 63 15 31 46 62 14 30 45 61 13 29 44 60 12 28 43 59 11 27
58 10 26 42 57 9 25 41 56 8 24 40 55 7 23 39 54 6 22 38 53 5 21 37 52 4 20 36 51 3 19 35 50 2 18 34 49 1 17 33 64 16 32 48 63 15 31 47 62 14 30 46 61 13 29 45 60 12 28 44 59 11 27 43
11 27 43 59 10 26 42 58 9 25 41 57 8 24 40 56 7 23 39 55 6 22 38 54 5 21 37 53 4 20 36 52 3 19 35 51 2 18 34 50 1 17 33 49 16 32 48 64 15 31 47 63 14 30 46 62 13 29 45 61 12 28 44 60
27 43 59 11 26 42 58 10 25 41 57 9 24 40 56 8 23 39 55 7 22 38 54 6 21 37 53 5 20 36 52 4 19 35 51 3 18 34 50 2 17 33 49 1 32 48 64 16 31 47 63 15 30 46 62 14 29 45 61 13 28 44 60 12
43 59 11 27 42 58 10 26 41 57 9 25 40 56 8 24 39 55 7 23 38 54 6 22 37 53 5 21 36 52 4 20 35 51 3 19 34 50 2 18 33 49 1 17 48 64 16 32 47 63 15 31 46 62 14 30 45 61 13 29 44 60 12 28
59 11 27 43 58 10 26 42 57 9 25 41 56 8 24 40 55 7 23 39 54 6 22 38 53 5 21 37 52 4 20 36 51 3 19 35 50 2 18 34 49 1 17 33 64 16 32 48 63 15 31 47 62 14 30 46 61 13 29 45 60 12 28 44
12 28 44 60 11 27 43 59 10 26 42 58 9 25 41 57 8 24 40 56 7 23 39 55 6 22 38 54 5 21 37 53 4 20 36 52 3 19 35 51 2 18 34 50 1 17 33 49 16 32 48 64 15 31 47 63 14 30 46 62 13 29 45 61
28 44 60 12 27 43 59 11 26 42 58 10 25 41 57 9 24 40 56 8 23 39 55 7 22 38 54 6 21 37 53 5 20 36 52 4 19 35 51 3 18 34 50 2 17 33 49 1 32 48 64 16 31 47 63 15 30 46 62 14 29 45 61 13
44 60 12 28 43 59 11 27 42 58 10 26 41 57 9 25 40 56 8 24 39 55 7 23 38 54 6 22 37 53 5 21 36 52 4 20 35 51 3 19 34 50 2 18 33 49 1 17 48 64 16 32 47 63 15 31 46 62 14 30 45 61 13 29
60 12 28 44 59 11 27 43 58 10 26 42 57 9 25 41 56 8 24 40 55 7 23 39 54 6 22 38 53 5 21 37 52 4 20 36 51 3 19 35 50 2 18 34 49 1 17 33 64 16 32 48 63 15 31 47 62 14 30 46 61 13 29 45
13 29 45 61 12 28 44 60 11 27 43 59 10 26 42 58 9 25 41 57 8 24 40 56 7 23 39 55 6 22 38 54 5 21 37 53 4 20 36 52 3 19 35 51 2 18 34 50 1 17 33 49 16 32 48 64 15 31 47 63 14 30 46 62
29 45 61 13 28 44 60 12 27 43 59 11 26 42 58 10 25 41 57 9 24 40 56 8 23 39 55 7 22 38 54 6 21 37 53 5 20 36 52 4 19 35 51 3 18 34 50 2 17 33 49 1 32 48 64 16 31 47 63 15 30 46 62 14
45 61 13 29 44 60 12 28 43 59 11 27 42 58 10 26 41 57 9 25 40 56 8 24 39 55 7 23 38 54 6 22 37 53 5 21 36 52 4 20 35 51 3 19 34 50 2 18 33 49 1 17 48 64 16 32 47 63 15 31 46 62 14 30
61 13 29 45 60 12 28 44 59 11 27 43 58 10 26 42 57 9 25 41 56 8 24 40 55 7 23 39 54 6 22 38 53 5 21 37 52 4 20 36 51 3 19 35 50 2 18 34 49 1 17 33 64 16 32 48 63 15 31 47 62 14 30 46
14 30 46 62 13 29 45 61 12 28 44 60 11 27 43 59 10 26 42 58 9 25 41 57 8 24 40 56 7 23 39 55 6 22 38 54 5 21 37 53 4 20 36 52 3 19 35 51 2 18 34 50 1 17 33 49 16 32 48 64 15 31 47 63
30 46 62 14 29 45 61 13 28 44 60 12 27 43 59 11 26 42 58 10 25 41 57 9 24 40 56 8 23 39 55 7 22 38 54 6 21 37 53 5 20 36 52 4 19 35 51 3 18 34 50 2 17 33 49 1 32 48 64 16 31 47 63 15
46 62 14 30 45 61 13 29 44 60 12 28 43 59 11 27 42 58 10 26 41 57 9 25 40 56 8 24 39 55 7 23 38 54 6 22 37 53 5 21 36 52 4 20 35 51 3 19 34 50 2 18 33 49 1 17 48 64 16 32 47 63 15 31
62 14 30 46 61 13 29 45 60 12 28 44 59 11 27 43 58 10 26 42 57 9 25 41 56 8 24 40 55 7 23 39 54 6 22 38 53 5 21 37 52 4 20 36 51 3 19 35 50 2 18 34 49 1 17 33 64 16 32 48 63 15 31 47
15 31 47 63 14 30 46 62 13 29 45 61 12 28 44 60 11 27 43 59 10 26 42 58 9 25 41 57 8 24 40 56 7 23 39 55 6 22 38 54 5 21 37 53 4 20 36 52 3 19 35 51 2 18 34 50 1 17 33 49 16 32 48 64
31 47 63 15 30 46 62 14 29 45 61 13 28 44 60 12 27 43 59 11 26 42 58 10 25 41 57 9 24 40 56 8 23 39 55 7 22 38 54 6 21 37 53 5 20 36 52 4 19 35 51 3 18 34 50 2 17 33 49 1 32 48 64 16
47 63 15 31 46 62 14 30 45 61 13 29 44 60 12 28 43 59 11 27 42 58 10 26 41 57 9 25 40 56 8 24 39 55 7 23 38 54 6 22 37 53 5 21 36 52 4 20 35 51 3 19 34 50 2 18 33 49 1 17 48 64 16 32
63 15 31 47 62 14 30 46 61 13 29 45 60 12 28 44 59 11 27 43 58 10 26 42 57 9 25 41 56 8 24 40 55 7 23 39 54 6 22 38 53 5 21 37 52 4 20 36 51 3 19 35 50 2 18 34 49 1 17 33 64 16 32 48
16 32 48 64 15 31 47 63 14 30 46 62 13 29 45 61 12 28 44 60 11 27 43 59 10 26 42 58 9 25 41 57 8 24 40 56 7 23 39 55 6 22 38 54 5 21 37 53 4 20 36 52 3 19 35 51 2 18 34 50 1 17 33 49
32 48 64 16 31 47 63 15 30 46 62 14 29 45 61 13 28 44 60 12 27 43 59 11 26 42 58 10 25 41 57 9 24 40 56 8 23 39 55 7 22 38 54 6 21 37 53 5 20 36 52 4 19 35 51 3 18 34 50 2 17 33 49 1
48 64 16 32 47 63 15 31 46 62 14 30 45 61 13 29 44 60 12 28 43 59 11 27 42 58 10 26 41 57 9 25 40 56 8 24 39 55 7 23 38 54 6 22 37 53 5 21 36 52 4 20 35 51 3 19 34 50 2 18 33 49 1 17
64 16 32 48 63 15 31 47 62 14 30 46 61 13 29 45 60 12 28 44 59 11 27 43 58 10 26 42 57 9 25 41 56 8 24 40 55 7 23 39 54 6 22 38 53 5 21 37 52 4 20 36 51 3 19 35 50 2 18 34 49 1 17 33
