1 10 19 28 37 46 55 64 9 18 27 36 45 54 63 72 8 17 26 35 44 53 62 71 7 16 25 34 43 52 61 70 6 15 24 33 42 51 60 69 5 14 23 32 41 50 59 68 4 13 22 31 40 49 58 67 3 12 21 30 39 48 57 66 2 11 20 29 38 47 56 65
10 19 28 37 46 55 64 1 18 27 36 45 54 63 72 9 17 26 35 44 53 62 71 8 16 25 34 43 52 61 70 7 15 24 33 42 51 60 69 6 14 23 32 41 50 59 68 5 13 22 31 40 49 58 67 4 12 21 30 39 48 57 66 3 11 20 29 38 47 56 65 2
19 28 37 46 55 64 1 10 27 36 45 54 63 72 9 18 26 35 44 53 62 71 8 17 25 34 43 52 61 70 7 16 24 33 42 51 60 69 6 15 23 32 41 50 59 68 5 14 22 31 40 49 58 67 4 13 21 30 39 48 57 66 3 12 20 29 38 47 56 65 2 11
28 37 46 55 64 1 10 19 36 45 54 63 72 9 18 27 35 44 53 62 71 8 17 26 34 43 52 61 70 7 16 25 33 42 51 60 69 6 15 24 32 41 50 59 68 5 14 23 31 40 49 58 67 4 13 22 30 39 48 57 66 3 12 21 29 38 47 56 65 2 11 20
37 46 55 64 1 10 19 28 45 54 63 72 9 18 27 36 44 53 62 71 8 17 26 35 43 52 61 70 7 16 25 34 42 51 60 69 6 15 24 33 41 50 59 68 5 14 23 32 40 49 58 67 4 13 22 31 39 48 57 66 3 12 21 30 38 47 56 65 2 11 20 29
46 55 64 1 10 19 28 37 54 63 72 9 18 27 36 45 53 62 71 8 17 26 35 44 52 61 70 7 16 25 34 43 51 60 69 6 15 24 33 42 50 59 68 5 14 23 32 41 49 58 67 4 13 22 31 40 48 57 66 3 12 21 30 39 47 56 65 2 11 20 29 38
55 64 1 10 19 28 37 46 63 72 9 18 27 36 45 54 62 71 8 17 26 35 44 53 61 70 7 16 25 34 43 52 60 69 6 15 24 33 42 51 59 68 5 14 23 32 41 50 58 67 4 13 22 31 40 49 57 66 3 12 21 30 39 48 56 65 2 11 20 29 38 47
64 1 10 19 28 37 46 55 72 9 18 27 36 45 54 63 71 8 17 26 35 44 53 62 70 7 16 25 34 43 52 61 69 6 15 24 33 42 51 60 68 5 14 23 32 41 50 59 67 4 13 22 31 40 49 58 66 3 12 21 30 39 48 57 65 2 11 20 29 38 47 56
2 11 20 29 38 47 56 65 1 10 19 28 37 46 55 64 9 18 27 36 45 54 63 72 8 17 26 35 44 53 62 71 7 16 25 34 43 52 61 70 6 15 24 33 42 51 60 69 5 14 23 32 41 50 59 68 4 13 22 31 40 49 58 67 3 12 21 30 39 48 57 66
11 20 29 38 47 56 65 2 10 19 28 37 46 55 64 1 18 27 36 45 54 63 72 9 17 26 35 44 53 62 71 8 16 25 34 43 52 61 70 7 15 24 33 42 51 60 69 6 14 23 32 41 50 59 68 5 13 22 31 40 49 58 67 4 12 21 30 39 48 57 66 3
20 29 38 47 56 65 2 11 19 28 37 46 55 64 1 10 27 36 45 54 63 72 9 18 26 35 44 53 62 71 8 17 25 34 43 52 61 70 7 16 24 33 42 51 60 69 6 15 23 32 41 50 59 68 5 14 22 31 40 49 58 67 4 13 21 30 39 48 57 66 3 12
29 38 47 56 65 2 11 20 28 37 46 55 64 1 10 19 36 45 54 63 72 9 18 27 35 44 53 62 71 8 17 26 34 43 52 61 70 7 16 25 33 42 51 60 69 6 15 24 32 41 50 59 68 5 14 23 31 40 49 58 67 4 13 22 30 39 48 57 66 3 12 21
38 47 56 65 2 11 20 29 37 46 55 64 1 10 19 28 45 54 63 72 9 18 27 36 44 53 62 71 8 17 26 35 43 52 61 70 7 16 25 34 42 51 60 69 6 15 24 33 41 50 59 68 5 14 23 32 40 49 58 67 4 13 22 31 39 48 57 66 3 12 21 30
47 56 65 2 11 20 29 38 46 55 64 1 10 19 28 37 54 63 72 9 18 27 36 45 53 62 71 8 17 26 35 44 52 61 70 7 16 25 34 43 51 60 69 6 15 24 33 42 50 59 68 5 14 23 32 41 49 58 67 4 13 22 31 40 48 57 66 3 12 21 30 39
56 65 2 11 20 29 38 47 55 64 1 10 19 28 37 46 63 72 9 18 27 36 45 54 62 71 8 17 26 35 44 53 61 70 7 16 25 34 43 52 60 69 6 15 24 33 42 51 59 68 5 14 23 32 41 50 58 67 4 13 22 31 40 49 57 66 3 12 21 30 39 48
65 2 11 20 29 38 47 56 64 1 10 19 28 37 46 55 72 9 18 27 36 45 54 63 71 8 17 26 35 44 53 62 70 7 16 25 34 43 52 61 69 6 15 24 33 42 51 60 68 5 14 23 32 41 50 59 67 4 13 22 31 40 49 58 66 3 12 21 30 39 48 57
3 12 21 30 39 48 57 66 2 11 20 29 38 47 56 65 1 10 19 28 37 46 55 64 9 18 27 36 45 54 63 72 8 17 26 35 44 53 62 71 7 16 25 34 43 52 61 70 6 15 24 33 42 51 60 69 5 14 23 32 41 50 59 68 4 13 22 31 40 49 58 67
12 21 30 39 48 57 66 3 11 20 29 38 47 56 65 2 10 19 28 37 46 55 64 1 18 27 36 45 54 63 72 9 17 26 35 44 53 62 71 8 16 25 34 43 52 61 70 7 15 24 33 42 51 60 69 6 14 23 32 41 50 59 68 5 13 22 31 40 49 58 67 4
21 30 39 48 57 66 3 12 20 29 38 47 56 65 2 11 19 28 37 46 55 64 1 10 27 36 45 54 63 72 9 18 26 35 44 53 62 71 8 17 25 34 43 52 61 70 7 16 24 33 42 51 60 69 6 15 23 32 41 50 59 68 5 14 22 31 40 49 58 67 4 13
30 39 48 57 66 3 12 21 29 38 47 56 65 2 11 20 28 37 46 55 64 1 10 19 36 45 54 63 72 9 18 27 35 44 53 62 71 8 17 26 34 43 52 61 70 7 16 25 33 42 51 60 69 6 15 24 32 41 50 59 68 5 14 23 31 40 49 58 67 4 13 22
39 48 57 66 3 12 21 30 38 47 56 65 2 11 20 29 37 46 55 64 1 10 19 28 45 54 63 72 9 18 27 36 44 53 62 71 8 17 26 35 43 52 61 70 7 16 25 34 42 51 60 69 6 15 24 33 41 50 59 68 5 14 23 32 40 49 58 67 4 13 22 31
48 57 66 3 12 21 30 39 47 56 65 2 11 20 29 38 46 55 64 1 10 19 28 37 54 63 72 9 18 27 36 45 53 62 71 8 17 26 35 44 52 61 70 7 16 25 34 43 51 60 69 6 15 24 33 42 50 59 68 5 14 23 32 41 49 58 67 4 13 22 31 40
57 66 3 12 21 30 39 48 56 65 2 11 20 29 38 47 55 64 1 10 19 28 37 46 63 72 9 18 27 36 45 54 62 71 8 17 26 35 44 53 61 70 7 16 25 34 43 52 60 69 6 15 24 33 42 51 59 68 5 14 23 32 41 50 58 67 4 13 22 31 40 49
66 3 12 21 30 39 48 57 65 2 11 20 29 38 47 56 64 1 10 19 28 37 46 55 72 9 18 27 36 45 54 63 71 8 17 26 35 44 53 62 70 7 16 25 34 43 52 61 69 6 15 24 33 42 51 60 68 5 14 23 32 41 50 59 67 4 13 22 31 40 49 58
4 13 22 31 40 49 58 67 3 12 21 30 39 48 57 66 2 11 20 29 38 47 56 65 1 10 19 28 37 46 55 64 9 18 27 36 45 54 63 72 8 17 26 35 44 53 62 71 7 16 25 34 43 52 61 70 6 15 24 33 42 51 60 69 5 14 23 32 41 50 59 68
13 22 31 40 49 58 67 4 12 21 30 39 48 57 66 3 11 20 29 38 47 56 65 2 10 19 28 37 46 55 64 1 18 27 36 45 54 63 72 9 17 26 35 44 53 62 71 8 16 25 34 43 52 61 70 7 15 24 33 42 51 60 69 6 14 23 32 41 50 59 68 5
22 31 40 49 58 67 4 13 21 30 39 48 57 66 3 12 20 29 38 47 56 65 2 11 19 28 37 46 55 64 1 10 27 36 45 54 63 72 9 18 26 35 44 53 62 71 8 17 25 34 43 52 61 70 7 16 24 33 42 51 60 69 6 15 23 32 41 50 59 68 5 14
31 40 49 58 67 4 13 22 30 39 48 57 66 3 12 21 29 38 47 56 65 2 11 20 28 37 46 55 64 1 10 19 36 45 54 63 72 9 18 27 35 44 53 62 71 8 17 26 34 43 52 61 70 7 16 25 33 42 51 60 69 6 15 24 32 41 50 59 68 5 14 23
40 49 58 67 4 13 22 31 39 48 57 66 3 12 21 30 38 47 56 65 2 11 20 29 37 46 55 64 1 10 19 28 45 54 63 72 9 18 27 36 44 53 62 71 8 17 26 35 43 52 61 70 7 16 25 34 42 51 60 69 6 15 24 33 41 50 59 68 5 14 23 32
49 58 67 4 13 22 31 40 48 57 66 3 12 21 30 39 47 56 65 2 11 20 29 38 46 55 64 1 10 19 28 37 54 63 72 9 18 27 36 45 53 62 71 8 17 26 35 44 52 61 70 7 16 25 34 43 51 60 69 6 15 24 33 42 50 59 68 5 14 23 32 41
58 67 4 13 22 31 40 49 57 66 3 12 21 30 39 48 56 65 2 11 20 29 38 47 55 64 1 10 19 28 37 46 63 72 9 18 27 36 45 54 62 71 8 17 26 35 44 53 61 70 7 16 25 34 43 52 60 69 6 15 24 33 42 51 59 68 5 14 23 32 41 50
67 4 13 22 31 40 49 58 66 3 12 21 30 39 48 57 65 2 11 20 29 38 47 56 64 1 10 19 28 37 46 55 72 9 18 27 36 45 54 63 71 8 17 26 35 44 53 62 70 7 16 25 34 43 52 61 69 6 15 24 33 42 51 60 68 5 14 23 32 41 50 59
5 14 23 32 41 50 59 68 4 13 22 31 40 49 58 67 3 12 21 30 39 48 57 66 2 11 20 29 38 47 56 65 1 10 19 28 37 46 55 64 9 18 27 36 45 54 63 72 8 17 26 35 44 53 62 71 7 16 25 34 43 52 61 70 6 15 24 33 42 51 60 69
14 23 32 41 50 59 68 5 13 22 31 40 49 58 67 4 12 21 30 39 48 57 66 3 11 20 29 38 47 56 65 2 10 19 28 37 46 55 64 1 18 27 36 45 54 63 72 9 17 26 35 44 53 62 71 8 16 25 34 43 52 61 70 7 15 24 33 42 51 60 69 6
23 32 41 50 59 68 5 14 22 31 40 49 58 67 4 13 21 30 39 48 57 66 3 12 20 29 38 47 56 65 2 11 19 28 37 46 55 64 1 10 27 36 45 54 63 72 9 18 26 35 44 53 62 71 8 17 25 34 43 52 61 70 7 16 24 33 42 51 60 69 6 15
32 41 50 59 68 5 14 23 31 40 49 58 67 4 13 22 30 39 48 57 66 3 12 21 29 38 47 56 65 2 11 20 28 37 46 55 64 1 10 19 36 45 54 63 72 9 18 27 35 44 53 62 71 8 17 26 34 43 52 61 70 7 16 25 33 42 51 60 69 6 15 24
41 50 59 68 5 14 23 32 40 49 58 67 4 13 22 31 39 48 57 66 3 12 21 30 38 47 56 65 2 11 20 29 37 46 55 64 1 10 19 28 45 54 63 72 9 18 27 36 44 53 62 71 8 17 26 35 43 52 61 70 7 16 25 34 42 51 60 69 6 15 24 33
50 59 68 5 14 23 32 41 49 58 67 4 13 22 31 40 48 57 66 3 12 21 30 39 47 56 65 2 11 20 29 38 46 55 64 1 10 19 28 37 54 63 72 9 18 27 36 45 53 62 71 8 17 26 35 44 52 61 70 7 16 25 34 43 51 60 69 6 15 24 33 42
59 68 5 14 23 32 41 50 58 67 4 13 22 31 40 49 57 66 3 12 21 30 39 48 56 65 2 11 20 29 38 47 55 64 1 10 19 28 37 46 63 72 9 18 27 36 45 54 62 71 8 17 26 35 44 53 61 70 7 16 25 34 43 52 60 69 6 15 24 33 42 51
68 5 14 23 32 41 50 59 67 4 13 22 31 40 49 58 66 3 12 21 30 39 48 57 65 2 11 20 29 38 47 56 64 1 10 19 28 37 46 55 72 9 18 27 36 45 54 63 71 8 17 26 35 44 53 62 70 7 16 25 34 43 52 61 69 6 15 24 33 42 51 60
6 15 24 33 42 51 60 69 5 14 23 32 41 50 59 68 4 13 22 31 40 49 58 67 3 12 21 30 39 48 57 66 2 11 20 29 38 47 56 65 1 10 19 28 37 46 55 64 9 18 27 36 45 54 63 72 8 17 26 35 44 53 62 71 7 16 25 34 43 52 61 70
15 24 33 42 51 60 69 6 14 23 32 41 50 59 68 5 13 22 31 40 49 58 67 4 12 21 30 39 48 57 66 3 11 20 29 38 47 56 65 2 10 19 28 37 46 55 64 1 18 27 36 45 54 63 72 9 17 26 35 44 53 62 71 8 16 25 34 43 52 61 70 7
24 33 42 51 60 69 6 15 23 32 41 50 59 68 5 14 22 31 40 49 58 67 4 13 21 30 39 48 57 66 3 12 20 29 38 47 56 65 2 11 19 28 37 46 55 64 1 10 27 36 45 54 63 72 9 18 26 35 44 53 62 71 8 17 25 34 43 52 61 70 7 16
33 42 51 60 69 6 15 24 32 41 50 59 68 5 14 23 31 40 49 58 67 4 13 22 30 39 48 57 66 3 12 21 29 38 47 56 65 2 11 20 28 37 46 55 64 1 10 19 36 45 54 63 72 9 18 27 35 44 53 62 71 8 17 26 34 43 52 61 70 7 16 25
42 51 60 69 6 15 24 33 41 50 59 68 5 14 23 32 40 49 58 67 4 13 22 31 39 48 57 66 3 12 21 30 38 47 56 65 2 11 20 29 37 46 55 64 1 10 19 28 45 54 63 72 9 18 27 36 44 53 62 71 8 17 26 35 43 52 61 70 7 16 25 34
51 60 69 6 15 24 33 42 50 59 68 5 14 23 32 41 49 58 67 4 13 22 31 40 48 57 66 3 12 21 30 39 47 56 65 2 11 20 29 38 46 55 64 1 10 19 28 37 54 63 72 9 18 27 36 45 53 62 71 8 17 26 35 44 52 61 70 7 16 25 34 43
60 69 6 15 24 33 42 51 59 68 5 14 23 32 41 50 58 67 4 13 22 31 40 49 57 66 3 12 21 30 39 48 56 65 2 11 20 29 38 47 55 64 1 10 19 28 37 46 63 72 9 18 27 36 45 54 62 71 8 17 26 35 44 53 61 70 7 16 25 34 43 52
69 6 15 24 33 42 51 60 68 5 14 23 32 41 50 59 67 4 13 22 31 40 49 58 66 3 12 21 30 39 48 57 65 2 11 20 29 38 47 56 64 1 10 19 28 37 46 55 72 9 18 27 36 45 54 63 71 8 17 26 35 44 53 62 70 7 16 25 34 43 52 61
7 16 25 34 43 52 61 70 6 15 24 33 42 51 60 69 5 14 23 32 41 50 59 68 4 13 22 31 40 49 58 67 3 12 21 30 39 48 57 66 2 11 20 29 38 47 56 65 1 10 19 28 37 46 55 64 9 18 27 36 45 54 63 72 8 17 26 35 44 53 62 71
16 25 34 43 52 61 70 7 15 24 33 42 51 60 69 6 14 23 32 41 50 59 68 5 13 22 31 40 49 58 67 4 12 21 30 39 48 57 66 3 11 20 29 38 47 56 65 2 10 19 28 37 46 55 64 1 18 27 36 45 54 63 72 9 17 26 35 44 53 62 71 8
25 34 43 52 61 70 7 16 24 33 42 51 60 69 6 15 23 32 41 50 59 68 5 14 22 31 40 49 58 67 4 13 21 30 39 48 57 66 3 12 20 29 38 47 56 65 2 11 19 28 37 46 55 64 1 10 27 36 45 54 63 72 9 18 26 35 44 53 62 71 8 17
34 43 52 61 70 7 16 25 33 42 51 60 69 6 15 24 32 41 50 59 68 5 14 23 31 40 49 58 67 4 13 22 30 39 48 57 66 3 12 21 29 38 47 56 65 2 11 20 28 37 46 55 64 1 10 19 36 45 54 63 72 9 18 27 35 44 53 62 71 8 17 26
43 52 61 70 7 16 25 34 42 51 60 69 6 15 24 33 41 50 59 68 5 14 23 32 40 49 58 67 4 13 22 31 39 48 57 66 3 12 21 30 38 47 56 65 2 11 20 29 37 46 55 64 1 10 19 28 45 54 63 72 9 18 27 36 44 53 62 71 8 17 26 35
52 61 70 7 16 25 34 43 51 60 69 6 15 24 33 42 50 59 68 5 14 23 32 41 49 58 67 4 13 22 31 40 48 57 66 3 12 21 30 39 47 56 65 2 11 20 29 38 46 55 64 1 10 19 28 37 54 63 72 9 18 27 36 45 53 62 71 8 17 26 35 44
61 70 7 16 25 34 43 52 60 69 6 15 24 33 42 51 59 68 5 14 23 32 41 50 58 67 4 13 22 31 40 49 57 66 3 12 21 30 39 48 56 65 2 11 20 29 38 47 55 64 1 10 19 28 37 46 63 72 9 18 27 36 45 54 62 71 8 17 26 35 44 53
70 7 16 25 34 43 52 61 69 6 15 24 33 42 51 60 68 5 14 23 32 41 50 59 67 4 13 22 31 40 49 58 66 3 12 21 30 39 48 57 65 2 11 20 29 38 47 56 64 1 10 19 28 37 46 55 72 9 18 27 36 45 54 63 71 8 17 26 35 44 53 62
8 17 26 35 44 53 62 71 7 16 25 34 43 52 61 70 6 15 24 33 42 51 60 69 5 14 23 32 41 50 59 68 4 13 22 31 40 49 58 67 3 12 21 30 39 48 57 66 2 11 20 29 38 47 56 65 1 10 19 28 37 46 55 64 9 18 27 36 45 54 63 72
17 26 35 44 53 62 71 8 16 25 34 43 52 61 70 7 15 24 33 42 51 60 69 6 14 23 32 41 50 59 68 5 13 22 31 40 49 58 67 4 12 21 30 39 48 57 66 3 11 20 29 38 47 56 65 2 10 19 28 37 46 55 64 1 18 27 36 45 54 63 72 9
26 35 44 53 62 71 8 17 25 34 43 52 61 70 7 16 24 33 42 51 60 69 6 15 23 32 41 50 59 68 5 14 22 31 40 49 58 67 4 13 21 30 39 48 57 66 3 12 20 29 38 47 56 65 2 11 19 28 37 46 55 64 1 10 27 36 45 54 63 72 9 18
35 44 53 62 71 8 17 26 34 43 52 61 70 7 16 25 33 42 51 60 69 6 15 24 32 41 50 59 68 5 14 23 31 40 49 58 67 4 13 22 30 39 48 57 66 3 12 21 29 38 47 56 65 2 11 20 28 37 46 55 64 1 10 19 36 45 54 63 72 9 18 27
44 53 62 71 8 17 26 35 43 52 61 70 7 16 25 34 42 51 60 69 6 15 24 33 41 50 59 68 5 14 23 32 40 49 58 67 4 13 22 31 39 48 57 66 3 12 21 30 38 47 56 65 2 11 20 29 37 46 55 64 1 10 19 28 45 54 63 72 9 18 27 36
53 62 71 8 17 26 35 44 52 61 70 7 16 25 34 43 51 60 69 6 15 24 33 42 50 59 68 5 14 23 32 41 49 58 67 4 13 22 31 40 48 57 66 3 12 21 30 39 47 56 65 2 11 20 29 38 46 55 64 1 10 19 28 37 54 63 72 9 18 27 36 45
62 71 8 17 26 35 44 53 61 70 7 16 25 34 43 52 60 69 6 15 24 33 42 51 59 68 5 14 23 32 41 50 58 67 4 13 22 31 40 49 57 66 3 12 21 30 39 48 56 65 2 11 20 29 38 47 55 64 1 10 19 28 37 46 63 72 9 18 27 36 45 54
71 8 17 26 35 44 53 62 70 7 16 25 34 43 52 61 69 6 15 24 33 42 51 60 68 5 14 23 32 41 50 59 67 4 13 22 31 40 49 58 66 3 12 21 30 39 48 57 65 2 11 20 29 38 47 56 64 1 10 19 28 37 46 55 72 9 18 27 36 45 54 63
9 18 27 36 45 54 63 72 8 17 26 35 44 53 62 71 7 16 25 34 43 52 61 70 6 15 24 33 42 51 60 69 5 14 23 32 41 50 59 68 4 13 22 31 40 49 58 67 3 12 21 30 39 48 57 66 2 11 20 29 38 47 56 65 1 10 19 28 37 46 55 64
18 27 36 45 54 63 72 9 17 26 35 44 53 62 71 8 16 25 34 43 52 61 70 7 15 24 33 42 51 60 69 6 14 23 32 41 50 59 68 5 13 22 31 40 49 58 67 4 12 21 30 39 48 57 66 3 11 20 29 38 47 56 65 2 10 19 28 37 46 55 64 1
27 36 45 54 63 72 9 18 26 35 44 53 62 71 8 17 25 34 43 52 61 70 7 16 24 33 42 51 60 69 6 15 23 32 41 50 59 68 5 14 22 31 40 49 58 67 4 13 21 30 39 48 57 66 3 12 20 29 38 47 56 65 2 11 19 28 37 46 55 64 1 10
36 45 54 63 72 9 18 27 35 44 53 62 71 8 17 26 34 43 52 61 70 7 16 25 33 42 51 60 69 6 15 24 32 41 50 59 68 5 14 23 31 40 49 58 67 4 13 22 30 39 48 57 66 3 12 21 29 38 47 56 65 2 11 20 28 37 46 55 64 1 10 19
45 54 63 72 9 18 27 36 44 53 62 71 8 17 26 35 43 52 61 70 7 16 25 34 42 51 60 69 6 15 24 33 41 50 59 68 5 14 23 32 40 49 58 67 4 13 22 31 39 48 57 66 3 12 21 30 38 47 56 65 2 11 20 29 37 46 55 64 1 10 19 28
54 63 72 9 18 27 36 45 53 62 71 8 17 26 35 44 52 61 70 7 16 25 34 43 51 60 69 6 15 24 33 42 50 59 68 5 14 23 32 41 49 58 67 4 13 22 31 40 48 57 66 3 12 21 30 39 47 56 65 2 11 20 29 38 46 55 64 1 10 19 28 37
63 72 9 18 27 36 45 54 62 71 8 17 26 35 44 53 61 70 7 16 25 34 43 52 60 69 6 15 24 33 42 51 59 68 5 14 23 32 41 50 58 67 4 13 22 31 40 49 57 66 3 12 21 30 39 48 56 65 2 11 20 29 38 47 55 64 1 10 19 28 37 46
72 9 18 27 36 45 54 63 71 8 17 26 35 44 53 62 70 7 16 25 34 43 52 61 69 6 15 24 33 42 51 60 68 5 14 23 32 41 50 59 67 4 13 22 31 40 49 58 66 3 12 21 30 39 48 57 65 2 11 20 29 38 47 56 64 1 10 19 28 37 46 55
