1 12 11 10 9 8 7 6 5 4 3 2 13 24 23 22 21 20 19 18 17 16 15 14
2 1 12 11 10 9 8 7 6 5 4 3 14 13 24 23 22 21 20 19 18 17 16 15
3 2 1 12 11 10 9 8 7 6 5 4 15 14 13 24 23 22 21 20 19 18 17 16
4 3 2 1 12 11 10 9 8 7 6 5 16 15 14 13 24 23 22 21 20 19 18 17
5 4 3 2 1 12 11 10 9 8 7 6 17 16 15 14 13 24 23 22 21 20 19 18
6 5 4 3 2 1 12 11 10 9 8 7 18 17 16 15 14 13 24 23 22 21 20 19
7 6 5 4 3 2 1 12 11 10 9 8 19 18 17 16 15 14 13 24 23 22 21 20
8 7 6 5 4 3 2 1 12 11 10 9 20 19 18 17 16 15 14 13 24 23 22 21
9 8 7 6 5 4 3 2 1 12 11 10 21 20 19 18 17 16 15 14 13 24 23 22
10 9 8 7 6 5 4 3 2 1 12 11 22 21 20 19 18 17 16 15 14 13 24 23
11 10 9 8 7 6 5 4 3 2 1 12 23 22 21 20 19 18 17 16 15 14 13 24
12 11 10 9 8 7 6 5 4 3 2 1 24 23 22 21 20 19 18 17 16 15 14 13
13 24 23 22 21 20 19 18 17 16 15 14 1 12 11 10 9 8 7 6 5 4 3 2
14 13 24 23 22 21 20 19 18 17 16 15 2 1 12 11 10 9 8 7 6 5 4 3
15 14 13 24 23 22 21 20 19 18 17 16 3 2 1 12 11 10 9 8 7 6 5 4
16 15 14 13 24 23 22 21 20 19 18 17 4 3 2 1 12 11 10 9 8 7 6 5
17 16 15 14 13 24 23 22 21 20 19 18 5 4 3 2 1 12 11 10 9 8 7 6
18 17 16 15 14 13 24 23 22 21 20 19 6 5 4 3 2 1 12 11 10 9 8 7
19 18 17 16 15 14 13 24 23 22 21 20 7 6 5 4 3 2 1 12 11 10 9 8
20 19 18 17 16 15 14 13 24 23 22 21 8 7 6 5 4 3 2 1 12 11 10 9
21 20 19 18 17 16 15 14 13 24 23 22 9 8 7 6 5 4 3 2 1 12 11 10
22 21 20 19 18 17 16 15 14 13 24 23 10 9 8 7 6 5 4 3 2 1 12 11
23 22 21 20 19 18 17 16 15 14 13 24 11 10 9 8 7 6 5 4 3 2 1 12
24 23 22 21 20 19 18 17 16 15 14 13 12 11 10 9 8 7 6 5 4 3 2 1
