1 15 14 13 12 11 10 9 8 7 6 5 4 3 2 16 30 29 28 27 26 25 24 23 22 21 20 19 18 17 31 45 44 43 42 41 40 39 38 37 36 35 34 33 32 46 60 59 58 57 56 55 54 53 52 51 50 49 48 47 61 75 74 73 72 71 70 69 68 67 66 65 64 63 62 76 90 89 88 87 86 85 84 83 82 81 80 79 78 77 91 105 104 103 102 101 100 99 98 97 96 95 94 93 92 106 120 119 118 117 116 115 114 113 112 111 110 109 108 107 121 135 134 133 132 131 130 129 128 127 126 125 124 123 122 136 150 149 148 147 146 145 144 143 142 141 140 139 138 137
2 1 15 14 13 12 11 10 9 8 7 6 5 4 3 17 16 30 29 28 27 26 25 24 23 22 21 20 19 18 32 31 45 44 43 42 41 40 39 38 37 36 35 34 33 47 46 60 59 58 57 56 55 54 53 52 51 50 49 48 62 61 75 74 73 72 71 70 69 68 67 66 65 64 63 77 76 90 89 88 87 86 85 84 83 82 81 80 79 78 92 91 105 104 103 102 101 100 99 98 97 96 95 94 93 107 106 120 119 118 117 116 115 114 113 112 111 110 109 108 122 121 135 134 133 132 131 130 129 128 127 126 125 124 123 137 136 150 149 148 147 146 145 144 143 142 141 140 139 138
3 2 1 15 14 13 12 11 10 9 8 7 6 5 4 18 17 16 30 29 28 27 26 25 24 23 22 21 20 19 33 32 31 45 44 43 42 41 40 39 38 37 36 35 34 48 47 46 60 59 58 57 56 55 54 53 52 51 50 49 63 62 61 75 74 73 72 71 70 69 68 67 66 65 64 78 77 76 90 89 88 87 86 85 84 83 82 81 80 79 93 92 91 105 104 103 102 101 100 99 98 97 96 95 94 108 107 106 120 119 118 117 116 115 114 113 112 111 110 109 123 122 121 135 134 133 132 131 130 129 128 127 126 125 124 138 137 136 150 149 148 147 146 145 144 143 142 141 140 139
4 3 2 1 15 14 13 12 11 10 9 8 7 6 5 19 18 17 16 30 29 28 27 26 25 24 23 22 21 20 34 33 32 31 45 44 43 42 41 40 39 38 37 36 35 49 48 47 46 60 59 58 57 56 55 54 53 52 51 50 64 63 62 61 75 74 73 72 71 70 69 68 67 66 65 79 78 77 76 90 89 88 87 86 85 84 83 82 81 80 94 93 92 91 105 104 103 102 101 100 99 98 97 96 95 109 108 107 106 120 119 118 117 116 115 114 113 112 111 110 124 123 122 121 135 134 133 132 131 130 129 128 127 126 125 139 138 137 136 150 149 148 147 146 145 144 143 142 141 140
5 4 3 2 1 15 14 13 12 11 10 9 8 7 6 20 19 18 17 16 30 29 28 27 26 25 24 23 22 21 35 34 33 32 31 45 44 43 42 41 40 39 38 37 36 50 49 48 47 46 60 59 58 57 56 55 54 53 52 51 65 64 63 62 61 75 74 73 72 71 70 69 68 67 66 80 79 78 77 76 90 89 88 87 86 85 84 83 82 81 95 94 93 92 91 105 104 103 102 101 100 99 98 97 96 110 109 108 107 106 120 119 118 117 116 115 114 113 112 111 125 124 123 122 121 135 134 133 132 131 130 129 128 127 126 140 139 138 137 136 150 149 148 147 146 145 144 143 142 141
6 5 4 3 2 1 15 14 13 12 11 10 9 8 7 21 20 19 18 17 16 30 29 28 27 26 25 24 23 22 36 35 34 33 32 31 45 44 43 42 41 40 39 38 37 51 50 49 48 47 46 60 59 58 57 56 55 54 53 52 66 65 64 63 62 61 75 74 73 72 71 70 69 68 67 81 80 79 78 77 76 90 89 88 87 86 85 84 83 82 96 95 94 93 92 91 105 104 103 102 101 100 99 98 97 111 110 109 108 107 106 120 119 118 117 116 115 114 113 112 126 125 124 123 122 121 135 134 133 132 131 130 129 128 127 141 140 139 138 137 136 150 149 148 147 146 145 144 143 142
7 6 5 4 3 2 1 15 14 13 12 11 10 9 8 22 21 20 19 18 17 16 30 29 28 27 26 25 24 23 37 36 35 34 33 32 31 45 44 43 42 41 40 39 38 52 51 50 49 48 47 46 60 59 58 57 56 55 54 53 67 66 65 64 63 62 61 75 74 73 72 71 70 69 68 82 81 80 79 78 77 76 90 89 88 87 86 85 84 83 97 96 95 94 93 92 91 105 104 103 102 101 100 99 98 112 111 110 109 108 107 106 120 119 118 117 116 115 114 113 127 126 125 124 123 122 121 135 134 133 132 131 130 129 128 142 141 140 139 138 137 136 150 149 148 147 146 145 144 143
8 7 6 5 4 3 2 1 15 14 13 12 11 10 9 23 22 21 20 19 18 17 16 30 29 28 27 26 25 24 38 37 36 35 34 33 32 31 45 44 43 42 41 40 39 53 52 51 50 49 48 47 46 60 59 58 57 56 55 54 68 67 66 65 64 63 62 61 75 74 73 72 71 70 69 83 82 81 80 79 78 77 76 90 89 88 87 86 85 84 98 97 96 95 94 93 92 91 105 104 103 102 101 100 99 113 112 111 110 109 108 107 106 120 119 118 117 116 115 114 128 127 126 125 124 123 122 121 135 134 133 132 131 130 129 143 142 141 140 139 138 137 136 150 149 148 147 146 145 144
9 8 7 6 5 4 3 2 1 15 14 13 12 11 10 24 23 22 21 20 19 18 17 16 30 29 28 27 26 25 39 38 37 36 35 34 33 32 31 45 44 43 42 41 40 54 53 52 51 50 49 48 47 46 60 59 58 57 56 55 69 68 67 66 65 64 63 62 61 75 74 73 72 71 70 84 83 82 81 80 79 78 77 76 90 89 88 87 86 85 99 98 97 96 95 94 93 92 91 105 104 103 102 101 100 114 113 112 111 110 109 108 107 106 120 119 118 117 116 115 129 128 127 126 125 124 123 122 121 135 134 133 132 131 130 144 143 142 141 140 139 138 137 136 150 149 148 147 146 145
10 9 8 7 6 5 4 3 2 1 15 14 13 12 11 25 24 23 22 21 20 19 18 17 16 30 29 28 27 26 40 39 38 37 36 35 34 33 32 31 45 44 43 42 41 55 54 53 52 51 50 49 48 47 46 60 59 58 57 56 70 69 68 67 66 65 64 63 62 61 75 74 73 72 71 85 84 83 82 81 80 79 78 77 76 90 89 88 87 86 100 99 98 97 96 95 94 93 92 91 105 104 103 102 101 115 114 113 112 111 110 109 108 107 106 120 119 118 117 116 130 129 128 127 126 125 124 123 122 121 135 134 133 132 131 145 144 143 142 141 140 139 138 137 136 150 149 148 147 146
11 10 9 8 7 6 5 4 3 2 1 15 14 13 12 26 25 24 23 22 21 20 19 18 17 16 30 29 28 27 41 40 39 38 37 36 35 34 33 32 31 45 44 43 42 56 55 54 53 52 51 50 49 48 47 46 60 59 58 57 71 70 69 68 67 66 65 64 63 62 61 75 74 73 72 86 85 84 83 82 81 80 79 78 77 76 90 89 88 87 101 100 99 98 97 96 95 94 93 92 91 105 104 103 102 116 115 114 113 112 111 110 109 108 107 106 120 119 118 117 131 130 129 128 127 126 125 124 123 122 121 135 134 133 132 146 145 144 143 142 141 140 139 138 137 136 150 149 148 147
12 11 10 9 8 7 6 5 4 3 2 1 15 14 13 27 26 25 24 23 22 21 20 19 18 17 16 30 29 28 42 41 40 39 38 37 36 35 34 33 32 31 45 44 43 57 56 55 54 53 52 51 50 49 48 47 46 60 59 58 72 71 70 69 68 67 66 65 64 63 62 61 75 74 73 87 86 85 84 83 82 81 80 79 78 77 76 90 89 88 102 101 100 99 98 97 96 95 94 93 92 91 105 104 103 117 116 115 114 113 112 111 110 109 108 107 106 120 119 118 132 131 130 129 128 127 126 125 124 123 122 121 135 134 133 147 146 145 144 143 142 141 140 139 138 137 136 150 149 148
13 12 11 10 9 8 7 6 5 4 3 2 1 15 14 28 27 26 25 24 23 22 21 20 19 18 17 16 30 29 43 42 41 40 39 38 37 36 35 34 33 32 31 45 44 58 57 56 55 54 53 52 51 50 49 48 47 46 60 59 73 72 71 70 69 68 67 66 65 64 63 62 61 75 74 88 87 86 85 84 83 82 81 80 79 78 77 76 90 89 103 102 101 100 99 98 97 96 95 94 93 92 91 105 104 118 117 116 115 114 113 112 111 110 109 108 107 106 120 119 133 132 131 130 129 128 127 126 125 124 123 122 121 135 134 148 147 146 145 144 143 142 141 140 139 138 137 136 150 149
14 13 12 11 10 9 8 7 6 5 4 3 2 1 15 29 28 27 26 25 24 23 22 21 20 19 18 17 16 30 44 43 42 41 40 39 38 37 36 35 34 33 32 31 45 59 58 57 56 55 54 53 52 51 50 49 48 47 46 60 74 73 72 71 70 69 68 67 66 65 64 63 62 61 75 89 88 87 86 85 84 83 82 81 80 79 78 77 76 90 104 103 102 101 100 99 98 97 96 95 94 93 92 91 105 119 118 117 116 115 114 113 112 111 110 109 108 107 106 120 134 133 132 131 130 129 128 127 126 125 124 123 122 121 135 149 148 147 146 145 144 143 142 141 140 139 138 137 136 150
15 14 13 12 11 10 9 8 7 6 5 4 3 2 1 30 29 28 27 26 25 24 23 22 21 20 19 18 17 16 45 44 43 42 41 40 39 38 37 36 35 34 33 32 31 60 59 58 57 56 55 54 53 52 51 50 49 48 47 46 75 74 73 72 71 70 69 68 67 66 65 64 63 62 61 90 89 88 87 86 85 84 83 82 81 80 79 78 77 76 105 104 103 102 101 100 99 98 97 96 95 94 93 92 91 120 119 118 117 116 115 114 113 112 111 110 109 108 107 106 135 134 133 132 131 130 129 128 127 126 125 124 123 122 121 150 149 148 147 146 145 144 143 142 141 140 139 138 137 136
16 30 29 28 27 26 25 24 23 22 21 20 19 18 17 31 45 44 43 42 41 40 39 38 37 36 35 34 33 32 46 60 59 58 57 56 55 54 53 52 51 50 49 48 47 61 75 74 73 72 71 70 69 68 67 66 65 64 63 62 76 90 89 88 87 86 85 84 83 82 81 80 79 78 77 91 105 104 103 102 101 100 99 98 97 96 95 94 93 92 106 120 119 118 117 116 115 114 113 112 111 110 109 108 107 121 135 134 133 132 131 130 129 128 127 126 125 124 123 122 136 150 149 148 147 146 145 144 143 142 141 140 139 138 137 1 15 14 13 12 11 10 9 8 7 6 5 4 3 2
17 16 30 29 28 27 26 25 24 23 22 21 20 19 18 32 31 45 44 43 42 41 40 39 38 37 36 35 34 33 47 46 60 59 58 57 56 55 54 53 52 51 50 49 48 62 61 75 74 73 72 71 70 69 68 67 66 65 64 63 77 76 90 89 88 87 86 85 84 83 82 81 80 79 78 92 91 105 104 103 102 101 100 99 98 97 96 95 94 93 107 106 120 119 118 117 116 115 114 113 112 111 110 109 108 122 121 135 134 133 132 131 130 129 128 127 126 125 124 123 137 136 150 149 148 147 146 145 144 143 142 141 140 139 138 2 1 15 14 13 12 11 10 9 8 7 6 5 4 3
18 17 16 30 29 28 27 26 25 24 23 22 21 20 19 33 32 31 45 44 43 42 41 40 39 38 37 36 35 34 48 47 46 60 59 58 57 56 55 54 53 52 51 50 49 63 62 61 75 74 73 72 71 70 69 68 67 66 65 64 78 77 76 90 89 88 87 86 85 84 83 82 81 80 79 93 92 91 105 104 103 102 101 100 99 98 97 96 95 94 108 107 106 120 119 118 117 116 115 114 113 112 111 110 109 123 122 121 135 134 133 132 131 130 129 128 127 126 125 124 138 137 136 150 149 148 147 146 145 144 143 142 141 140 139 3 2 1 15 14 13 12 11 10 9 8 7 6 5 4
19 18 17 16 30 29 28 27 26 25 24 23 22 21 20 34 33 32 31 45 44 43 42 41 40 39 38 37 36 35 49 48 47 46 60 59 58 57 56 55 54 53 52 51 50 64 63 62 61 75 74 73 72 71 70 69 68 67 66 65 79 78 77 76 90 89 88 87 86 85 84 83 82 81 80 94 93 92 91 105 104 103 102 101 100 99 98 97 96 95 109 108 107 106 120 119 118 117 116 115 114 113 112 111 110 124 123 122 121 135 134 133 132 131 130 129 128 127 126 125 139 138 137 136 150 149 148 147 146 145 144 143 142 141 140 4 3 2 1 15 14 13 12 11 10 9 8 7 6 5
20 19 18 17 16 30 29 28 27 26 25 24 23 22 21 35 34 33 32 31 45 44 43 42 41 40 39 38 37 36 50 49 48 47 46 60 59 58 57 56 55 54 53 52 51 65 64 63 62 61 75 74 73 72 71 70 69 68 67 66 80 79 78 77 76 90 89 88 87 86 85 84 83 82 81 95 94 93 92 91 105 104 103 102 101 100 99 98 97 96 110 109 108 107 106 120 119 118 117 116 115 114 113 112 111 125 124 123 122 121 135 134 133 132 131 130 129 128 127 126 140 139 138 137 136 150 149 148 147 146 145 144 143 142 141 5 4 3 2 1 15 14 13 12 11 10 9 8 7 6
21 20 19 18 17 16 30 29 28 27 26 25 24 23 22 36 35 34 33 32 31 45 44 43 42 41 40 39 38 37 51 50 49 48 47 46 60 59 58 57 56 55 54 53 52 66 65 64 63 62 61 75 74 73 72 71 70 69 68 67 81 80 79 78 77 76 90 89 88 87 86 85 84 83 82 96 95 94 93 92 91 105 104 103 102 101 100 99 98 97 111 110 109 108 107 106 120 119 118 117 116 115 114 113 112 126 125 124 123 122 121 135 134 133 132 131 130 129 128 127 141 140 139 138 137 136 150 149 148 147 146 145 144 143 142 6 5 4 3 2 1 15 14 13 12 11 10 9 8 7
22 21 20 19 18 17 16 30 29 28 27 26 25 24 23 37 36 35 34 33 32 31 45 44 43 42 41 40 39 38 52 51 50 49 48 47 46 60 59 58 57 56 55 54 53 67 66 65 64 63 62 61 75 74 73 72 71 70 69 68 82 81 80 79 78 77 76 90 89 88 87 86 85 84 83 97 96 95 94 93 92 91 105 104 103 102 101 100 99 98 112 111 110 109 108 107 106 120 119 118 117 116 115 114 113 127 126 125 124 123 122 121 135 134 133 132 131 130 129 128 142 141 140 139 138 137 136 150 149 148 147 146 145 144 143 7 6 5 4 3 2 1 15 14 13 12 11 10 9 8
23 22 21 20 19 18 17 16 30 29 28 27 26 25 24 38 37 36 35 34 33 32 31 45 44 43 42 41 40 39 53 52 51 50 49 48 47 46 60 59 58 57 56 55 54 68 67 66 65 64 63 62 61 75 74 73 72 71 70 69 83 82 81 80 79 78 77 76 90 89 88 87 86 85 84 98 97 96 95 94 93 92 91 105 104 103 102 101 100 99 113 112 111 110 109 108 107 106 120 119 118 117 116 115 114 128 127 126 125 124 123 122 121 135 134 133 132 131 130 129 143 142 141 140 139 138 137 136 150 149 148 147 146 145 144 8 7 6 5 4 3 2 1 15 14 13 12 11 10 9
24 23 22 21 20 19 18 17 16 30 29 28 27 26 25 39 38 37 36 35 34 33 32 31 45 44 43 42 41 40 54 53 52 51 50 49 48 47 46 60 59 58 57 56 55 69 68 67 66 65 64 63 62 61 75 74 73 72 71 70 84 83 82 81 80 79 78 77 76 90 89 88 87 86 85 99 98 97 96 95 94 93 92 91 105 104 103 102 101 100 114 113 112 111 110 109 108 107 106 120 119 118 117 116 115 129 128 127 126 125 124 123 122 121 135 134 133 132 131 130 144 143 142 141 140 139 138 137 136 150 149 148 147 146 145 9 8 7 6 5 4 3 2 1 15 14 13 12 11 10
25 24 23 22 21 20 19 18 17 16 30 29 28 27 26 40 39 38 37 36 35 34 33 32 31 45 44 43 42 41 55 54 53 52 51 50 49 48 47 46 60 59 58 57 56 70 69 68 67 66 65 64 63 62 61 75 74 73 72 71 85 84 83 82 81 80 79 78 77 76 90 89 88 87 86 100 99 98 97 96 95 94 93 92 91 105 104 103 102 101 115 114 113 112 111 110 109 108 107 106 120 119 118 117 116 130 129 128 127 126 125 124 123 122 121 135 134 133 132 131 145 144 143 142 141 140 139 138 137 136 150 149 148 147 146 10 9 8 7 6 5 4 3 2 1 15 14 13 12 11
26 25 24 23 22 21 20 19 18 17 16 30 29 28 27 41 40 39 38 37 36 35 34 33 32 31 45 44 43 42 56 55 54 53 52 51 50 49 48 47 46 60 59 58 57 71 70 69 68 67 66 65 64 63 62 61 75 74 73 72 86 85 84 83 82 81 80 79 78 77 76 90 89 88 87 101 100 99 98 97 96 95 94 93 92 91 105 104 103 102 116 115 114 113 112 111 110 109 108 107 106 120 119 118 117 131 130 129 128 127 126 125 124 123 122 121 135 134 133 132 146 145 144 143 142 141 140 139 138 137 136 150 149 148 147 11 10 9 8 7 6 5 4 3 2 1 15 14 13 12
27 26 25 24 23 22 21 20 19 18 17 16 30 29 28 42 41 40 39 38 37 36 35 34 33 32 31 45 44 43 57 56 55 54 53 52 51 50 49 48 47 46 60 59 58 72 71 70 69 68 67 66 65 64 63 62 61 75 74 73 87 86 85 84 83 82 81 80 79 78 77 76 90 89 88 102 101 100 99 98 97 96 95 94 93 92 91 105 104 103 117 116 115 114 113 112 111 110 109 108 107 106 120 119 118 132 131 130 129 128 127 126 125 124 123 122 121 135 134 133 147 146 145 144 143 142 141 140 139 138 137 136 150 149 148 12 11 10 9 8 7 6 5 4 3 2 1 15 14 13
28 27 26 25 24 23 22 21 20 19 18 17 16 30 29 43 42 41 40 39 38 37 36 35 34 33 32 31 45 44 58 57 56 55 54 53 52 51 50 49 48 47 46 60 59 73 72 71 70 69 68 67 66 65 64 63 62 61 75 74 88 87 86 85 84 83 82 81 80 79 78 77 76 90 89 103 102 101 100 99 98 97 96 95 94 93 92 91 105 104 118 117 116 115 114 113 112 111 110 109 108 107 106 120 119 133 132 131 130 129 128 127 126 125 124 123 122 121 135 134 148 147 146 145 144 143 142 141 140 139 138 137 136 150 149 13 12 11 10 9 8 7 6 5 4 3 2 1 15 14
29 28 27 26 25 24 23 22 21 20 19 18 17 16 30 44 43 42 41 40 39 38 37 36 35 34 33 32 31 45 59 58 57 56 55 54 53 52 51 50 49 48 47 46 60 74 73 72 71 70 69 68 67 66 65 64 63 62 61 75 89 88 87 86 85 84 83 82 81 80 79 78 77 76 90 104 103 102 101 100 99 98 97 96 95 94 93 92 91 105 119 118 117 116 115 114 113 112 111 110 109 108 107 106 120 134 133 132 131 130 129 128 127 126 125 124 123 122 121 135 149 148 147 146 145 144 143 142 141 140 139 138 137 136 150 14 13 12 11 10 9 8 7 6 5 4 3 2 1 15
30 29 28 27 26 25 24 23 22 21 20 19 18 17 16 45 44 43 42 41 40 39 38 37 36 35 34 33 32 31 60 59 58 57 56 55 54 53 52 51 50 49 48 47 46 75 74 73 72 71 70 69 68 67 66 65 64 63 62 61 90 89 88 87 86 85 84 83 82 81 80 79 78 77 76 105 104 103 102 101 100 99 98 97 96 95 94 93 92 91 120 119 118 117 116 115 114 113 112 111 110 109 108 107 106 135 134 133 132 131 130 129 128 127 126 125 124 123 122 121 150 149 148 147 146 145 144 143 142 141 140 139 138 137 136 15 14 13 12 11 10 9 8 7 6 5 4 3 2 1
31 45 44 43 42 41 40 39 38 37 36 35 34 33 32 46 60 59 58 57 56 55 54 53 52 51 50 49 48 47 61 75 74 73 72 71 70 69 68 67 66 65 64 63 62 76 90 89 88 87 86 85 84 83 82 81 80 79 78 77 91 105 104 103 102 101 100 99 98 97 96 95 94 93 92 106 120 119 118 117 116 115 114 113 112 111 110 109 108 107 121 135 134 133 132 131 130 129 128 127 126 125 124 123 122 136 150 149 148 147 146 145 144 143 142 141 140 139 138 137 1 15 14 13 12 11 10 9 8 7 6 5 4 3 2 16 30 29 28 27 26 25 24 23 22 21 20 19 18 17
32 31 45 44 43 42 41 40 39 38 37 36 35 34 33 47 46 60 59 58 57 56 55 54 53 52 51 50 49 48 62 61 75 74 73 72 71 70 69 68 67 66 65 64 63 77 76 90 89 88 87 86 85 84 83 82 81 80 79 78 92 91 105 104 103 102 101 100 99 98 97 96 95 94 93 107 106 120 119 118 117 116 115 114 113 112 111 110 109 108 122 121 135 134 133 132 131 130 129 128 127 126 125 124 123 137 136 150 149 148 147 146 145 144 143 142 141 140 139 138 2 1 15 14 13 12 11 10 9 8 7 6 5 4 3 17 16 30 29 28 27 26 25 24 23 22 21 20 19 18
33 32 31 45 44 43 42 41 40 39 38 37 36 35 34 48 47 46 60 59 58 57 56 55 54 53 52 51 50 49 63 62 61 75 74 73 72 71 70 69 68 67 66 65 64 78 77 76 90 89 88 87 86 85 84 83 82 81 80 79 93 92 91 105 104 103 102 101 100 99 98 97 96 95 94 108 107 106 120 119 118 117 116 115 114 113 112 111 110 109 123 122 121 135 134 133 132 131 130 129 128 127 126 125 124 138 137 136 150 149 148 147 146 145 144 143 142 141 140 139 3 2 1 15 14 13 12 11 10 9 8 7 6 5 4 18 17 16 30 29 28 27 26 25 24 23 22 21 20 19
34 33 32 31 45 44 43 42 41 40 39 38 37 36 35 49 48 47 46 60 59 58 57 56 55 54 53 52 51 50 64 63 62 61 75 74 73 72 71 70 69 68 67 66 65 79 78 77 76 90 89 88 87 86 85 84 83 82 81 80 94 93 92 91 105 104 103 102 101 100 99 98 97 96 95 109 108 107 106 120 119 118 117 116 115 114 113 112 111 110 124 123 122 121 135 134 133 132 131 130 129 128 127 126 125 139 138 137 136 150 149 148 147 146 145 144 143 142 141 140 4 3 2 1 15 14 13 12 11 10 9 8 7 6 5 19 18 17 16 30 29 28 27 26 25 24 23 22 21 20
35 34 33 32 31 45 44 43 42 41 40 39 38 37 36 50 49 48 47 46 60 59 58 57 56 55 54 53 52 51 65 64 63 62 61 75 74 73 72 71 70 69 68 67 66 80 79 78 77 76 90 89 88 87 86 85 84 83 82 81 95 94 93 92 91 105 104 103 102 101 100 99 98 97 96 110 109 108 107 106 120 119 118 117 116 115 114 113 112 111 125 124 123 122 121 135 134 133 132 131 130 129 128 127 126 140 139 138 137 136 150 149 148 147 146 145 144 143 142 141 5 4 3 2 1 15 14 13 12 11 10 9 8 7 6 20 19 18 17 16 30 29 28 27 26 25 24 23 22 21
36 35 34 33 32 31 45 44 43 42 41 40 39 38 37 51 50 49 48 47 46 60 59 58 57 56 55 54 53 52 66 65 64 63 62 61 75 74 73 72 71 70 69 68 67 81 80 79 78 77 76 90 89 88 87 86 85 84 83 82 96 95 94 93 92 91 105 104 103 102 101 100 99 98 97 111 110 109 108 107 106 120 119 118 117 116 115 114 113 112 126 125 124 123 122 121 135 134 133 132 131 130 129 128 127 141 140 139 138 137 136 150 149 148 147 146 145 144 143 142 6 5 4 3 2 1 15 14 13 12 11 10 9 8 7 21 20 19 18 17 16 30 29 28 27 26 25 24 23 22
37 36 35 34 33 32 31 45 44 43 42 41 40 39 38 52 51 50 49 48 47 46 60 59 58 57 56 55 54 53 67 66 65 64 63 62 61 75 74 73 72 71 70 69 68 82 81 80 79 78 77 76 90 89 88 87 86 85 84 83 97 96 95 94 93 92 91 105 104 103 102 101 100 99 98 112 111 110 109 108 107 106 120 119 118 117 116 115 114 113 127 126 125 124 123 122 121 135 134 133 132 131 130 129 128 142 141 140 139 138 137 136 150 149 148 147 146 145 144 143 7 6 5 4 3 2 1 15 14 13 12 11 10 9 8 22 21 20 19 18 17 16 30 29 28 27 26 25 24 23
38 37 36 35 34 33 32 31 45 44 43 42 41 40 39 53 52 51 50 49 48 47 46 60 59 58 57 56 55 54 68 67 66 65 64 63 62 61 75 74 73 72 71 70 69 83 82 81 80 79 78 77 76 90 89 88 87 86 85 84 98 97 96 95 94 93 92 91 105 104 103 102 101 100 99 113 112 111 110 109 108 107 106 120 119 118 117 116 115 114 128 127 126 125 124 123 122 121 135 134 133 132 131 130 129 143 142 141 140 139 138 137 136 150 149 148 147 146 145 144 8 7 6 5 4 3 2 1 15 14 13 12 11 10 9 23 22 21 20 19 18 17 16 30 29 28 27 26 25 24
39 38 37 36 35 34 33 32 31 45 44 43 42 41 40 54 53 52 51 50 49 48 47 46 60 59 58 57 56 55 69 68 67 66 65 64 63 62 61 75 74 73 72 71 70 84 83 82 81 80 79 78 77 76 90 89 88 87 86 85 99 98 97 96 95 94 93 92 91 105 104 103 102 101 100 114 113 112 111 110 109 108 107 106 120 119 118 117 116 115 129 128 127 126 125 124 123 122 121 135 134 133 132 131 130 144 143 142 141 140 139 138 137 136 150 149 148 147 146 145 9 8 7 6 5 4 3 2 1 15 14 13 12 11 10 24 23 22 21 20 19 18 17 16 30 29 28 27 26 25
40 39 38 37 36 35 34 33 32 31 45 44 43 42 41 55 54 53 52 51 50 49 48 47 46 60 59 58 57 56 70 69 68 67 66 65 64 63 62 61 75 74 73 72 71 85 84 83 82 81 80 79 78 77 76 90 89 88 87 86 100 99 98 97 96 95 94 93 92 91 105 104 103 102 101 115 114 113 112 111 110 109 108 107 106 120 119 118 117 116 130 129 128 127 126 125 124 123 122 121 135 134 133 132 131 145 144 143 142 141 140 139 138 137 136 150 149 148 147 146 10 9 8 7 6 5 4 3 2 1 15 14 13 12 11 25 24 23 22 21 20 19 18 17 16 30 29 28 27 26
41 40 39 38 37 36 35 34 33 32 31 45 44 43 42 56 55 54 53 52 51 50 49 48 47 46 60 59 58 57 71 70 69 68 67 66 65 64 63 62 61 75 74 73 72 86 85 84 83 82 81 80 79 78 77 76 90 89 88 87 101 100 99 98 97 96 95 94 93 92 91 105 104 103 102 116 115 114 113 112 111 110 109 108 107 106 120 119 118 117 131 130 129 128 127 126 125 124 123 122 121 135 134 133 132 146 145 144 143 142 141 140 139 138 137 136 150 149 148 147 11 10 9 8 7 6 5 4 3 2 1 15 14 13 12 26 25 24 23 22 21 20 19 18 17 16 30 29 28 27
42 41 40 39 38 37 36 35 34 33 32 31 45 44 43 57 56 55 54 53 52 51 50 49 48 47 46 60 59 58 72 71 70 69 68 67 66 65 64 63 62 61 75 74 73 87 86 85 84 83 82 81 80 79 78 77 76 90 89 88 102 101 100 99 98 97 96 95 94 93 92 91 105 104 103 117 116 115 114 113 112 111 110 109 108 107 106 120 119 118 132 131 130 129 128 127 126 125 124 123 122 121 135 134 133 147 146 145 144 143 142 141 140 139 138 137 136 150 149 148 12 11 10 9 8 7 6 5 4 3 2 1 15 14 13 27 26 25 24 23 22 21 20 19 18 17 16 30 29 28
43 42 41 40 39 38 37 36 35 34 33 32 31 45 44 58 57 56 55 54 53 52 51 50 49 48 47 46 60 59 73 72 71 70 69 68 67 66 65 64 63 62 61 75 74 88 87 86 85 84 83 82 81 80 79 78 77 76 90 89 103 102 101 100 99 98 97 96 95 94 93 92 91 105 104 118 117 116 115 114 113 112 111 110 109 108 107 106 120 119 133 132 131 130 129 128 127 126 125 124 123 122 121 135 134 148 147 146 145 144 143 142 141 140 139 138 137 136 150 149 13 12 11 10 9 8 7 6 5 4 3 2 1 15 14 28 27 26 25 24 23 22 21 20 19 18 17 16 30 29
44 43 42 41 40 39 38 37 36 35 34 33 32 31 45 59 58 57 56 55 54 53 52 51 50 49 48 47 46 60 74 73 72 71 70 69 68 67 66 65 64 63 62 61 75 89 88 87 86 85 84 83 82 81 80 79 78 77 76 90 104 103 102 101 100 99 98 97 96 95 94 93 92 91 105 119 118 117 116 115 114 113 112 111 110 109 108 107 106 120 134 133 132 131 130 129 128 127 126 125 124 123 122 121 135 149 148 147 146 145 144 143 142 141 140 139 138 137 136 150 14 13 12 11 10 9 8 7 6 5 4 3 2 1 15 29 28 27 26 25 24 23 22 21 20 19 18 17 16 30
45 44 43 42 41 40 39 38 37 36 35 34 33 32 31 60 59 58 57 56 55 54 53 52 51 50 49 48 47 46 75 74 73 72 71 70 69 68 67 66 65 64 63 62 61 90 89 88 87 86 85 84 83 82 81 80 79 78 77 76 105 104 103 102 101 100 99 98 97 96 95 94 93 92 91 120 119 118 117 116 115 114 113 112 111 110 109 108 107 106 135 134 133 132 131 130 129 128 127 126 125 124 123 122 121 150 149 148 147 146 145 144 143 142 141 140 139 138 137 136 15 14 13 12 11 10 9 8 7 6 5 4 3 2 1 30 29 28 27 26 25 24 23 22 21 20 19 18 17 16
46 60 59 58 57 56 55 54 53 52 51 50 49 48 47 61 75 74 73 72 71 70 69 68 67 66 65 64 63 62 76 90 89 88 87 86 85 84 83 82 81 80 79 78 77 91 105 104 103 102 101 100 99 98 97 96 95 94 93 92 106 120 119 118 117 116 115 114 113 112 111 110 109 108 107 121 135 134 133 132 131 130 129 128 127 126 125 124 123 122 136 150 149 148 147 146 145 144 143 142 141 140 139 138 137 1 15 14 13 12 11 10 9 8 7 6 5 4 3 2 16 30 29 28 27 26 25 24 23 22 21 20 19 18 17 31 45 44 43 42 41 40 39 38 37 36 35 34 33 32
47 46 60 59 58 57 56 55 54 53 52 51 50 49 48 62 61 75 74 73 72 71 70 69 68 67 66 65 64 63 77 76 90 89 88 87 86 85 84 83 82 81 80 79 78 92 91 105 104 103 102 101 100 99 98 97 96 95 94 93 107 106 120 119 118 117 116 115 114 113 112 111 110 109 108 122 121 135 134 133 132 131 130 129 128 127 126 125 124 123 137 136 150 149 148 147 146 145 144 143 142 141 140 139 138 2 1 15 14 13 12 11 10 9 8 7 6 5 4 3 17 16 30 29 28 27 26 25 24 23 22 21 20 19 18 32 31 45 44 43 42 41 40 39 38 37 36 35 34 33
48 47 46 60 59 58 57 56 55 54 53 52 51 50 49 63 62 61 75 74 73 72 71 70 69 68 67 66 65 64 78 77 76 90 89 88 87 86 85 84 83 82 81 80 79 93 92 91 105 104 103 102 101 100 99 98 97 96 95 94 108 107 106 120 119 118 117 116 115 114 113 112 111 110 109 123 122 121 135 134 133 132 131 130 129 128 127 126 125 124 138 137 136 150 149 148 147 146 145 144 143 142 141 140 139 3 2 1 15 14 13 12 11 10 9 8 7 6 5 4 18 17 16 30 29 28 27 26 25 24 23 22 21 20 19 33 32 31 45 44 43 42 41 40 39 38 37 36 35 34
49 48 47 46 60 59 58 57 56 55 54 53 52 51 50 64 63 62 61 75 74 73 72 71 70 69 68 67 66 65 79 78 77 76 90 89 88 87 86 85 84 83 82 81 80 94 93 92 91 105 104 103 102 101 100 99 98 97 96 95 109 108 107 106 120 119 118 117 116 115 114 113 112 111 110 124 123 122 121 135 134 133 132 131 130 129 128 127 126 125 139 138 137 136 150 149 148 147 146 145 144 143 142 141 140 4 3 2 1 15 14 13 12 11 10 9 8 7 6 5 19 18 17 16 30 29 28 27 26 25 24 23 22 21 20 34 33 32 31 45 44 43 42 41 40 39 38 37 36 35
50 49 48 47 46 60 59 58 57 56 55 54 53 52 51 65 64 63 62 61 75 74 73 72 71 70 69 68 67 66 80 79 78 77 76 90 89 88 87 86 85 84 83 82 81 95 94 93 92 91 105 104 103 102 101 100 99 98 97 96 110 109 108 107 106 120 119 118 117 116 115 114 113 112 111 125 124 123 122 121 135 134 133 132 131 130 129 128 127 126 140 139 138 137 136 150 149 148 147 146 145 144 143 142 141 5 4 3 2 1 15 14 13 12 11 10 9 8 7 6 20 19 18 17 16 30 29 28 27 26 25 24 23 22 21 35 34 33 32 31 45 44 43 42 41 40 39 38 37 36
51 50 49 48 47 46 60 59 58 57 56 55 54 53 52 66 65 64 63 62 61 75 74 73 72 71 70 69 68 67 81 80 79 78 77 76 90 89 88 87 86 85 84 83 82 96 95 94 93 92 91 105 104 103 102 101 100 99 98 97 111 110 109 108 107 106 120 119 118 117 116 115 114 113 112 126 125 124 123 122 121 135 134 133 132 131 130 129 128 127 141 140 139 138 137 136 150 149 148 147 146 145 144 143 142 6 5 4 3 2 1 15 14 13 12 11 10 9 8 7 21 20 19 18 17 16 30 29 28 27 26 25 24 23 22 36 35 34 33 32 31 45 44 43 42 41 40 39 38 37
52 51 50 49 48 47 46 60 59 58 57 56 55 54 53 67 66 65 64 63 62 61 75 74 73 72 71 70 69 68 82 81 80 79 78 77 76 90 89 88 87 86 85 84 83 97 96 95 94 93 92 91 105 104 103 102 101 100 99 98 112 111 110 109 108 107 106 120 119 118 117 116 115 114 113 127 126 125 124 123 122 121 135 134 133 132 131 130 129 128 142 141 140 139 138 137 136 150 149 148 147 146 145 144 143 7 6 5 4 3 2 1 15 14 13 12 11 10 9 8 22 21 20 19 18 17 16 30 29 28 27 26 25 24 23 37 36 35 34 33 32 31 45 44 43 42 41 40 39 38
53 52 51 50 49 48 47 46 60 59 58 57 56 55 54 68 67 66 65 64 63 62 61 75 74 73 72 71 70 69 83 82 81 80 79 78 77 76 90 89 88 87 86 85 84 98 97 96 95 94 93 92 91 105 104 103 102 101 100 99 113 112 111 110 109 108 107 106 120 119 118 117 116 115 114 128 127 126 125 124 123 122 121 135 134 133 132 131 130 129 143 142 141 140 139 138 137 136 150 149 148 147 146 145 144 8 7 6 5 4 3 2 1 15 14 13 12 11 10 9 23 22 21 20 19 18 17 16 30 29 28 27 26 25 24 38 37 36 35 34 33 32 31 45 44 43 42 41 40 39
54 53 52 51 50 49 48 47 46 60 59 58 57 56 55 69 68 67 66 65 64 63 62 61 75 74 73 72 71 70 84 83 82 81 80 79 78 77 76 90 89 88 87 86 85 99 98 97 96 95 94 93 92 91 105 104 103 102 101 100 114 113 112 111 110 109 108 107 106 120 119 118 117 116 115 129 128 127 126 125 124 123 122 121 135 134 133 132 131 130 144 143 142 141 140 139 138 137 136 150 149 148 147 146 145 9 8 7 6 5 4 3 2 1 15 14 13 12 11 10 24 23 22 21 20 19 18 17 16 30 29 28 27 26 25 39 38 37 36 35 34 33 32 31 45 44 43 42 41 40
55 54 53 52 51 50 49 48 47 46 60 59 58 57 56 70 69 68 67 66 65 64 63 62 61 75 74 73 72 71 85 84 83 82 81 80 79 78 77 76 90 89 88 87 86 100 99 98 97 96 95 94 93 92 91 105 104 103 102 101 115 114 113 112 111 110 109 108 107 106 120 119 118 117 116 130 129 128 127 126 125 124 123 122 121 135 134 133 132 131 145 144 143 142 141 140 139 138 137 136 150 149 148 147 146 10 9 8 7 6 5 4 3 2 1 15 14 13 12 11 25 24 23 22 21 20 19 18 17 16 30 29 28 27 26 40 39 38 37 36 35 34 33 32 31 45 44 43 42 41
56 55 54 53 52 51 50 49 48 47 46 60 59 58 57 71 70 69 68 67 66 65 64 63 62 61 75 74 73 72 86 85 84 83 82 81 80 79 78 77 76 90 89 88 87 101 100 99 98 97 96 95 94 93 92 91 105 104 103 102 116 115 114 113 112 111 110 109 108 107 106 120 119 118 117 131 130 129 128 127 126 125 124 123 122 121 135 134 133 132 146 145 144 143 142 141 140 139 138 137 136 150 149 148 147 11 10 9 8 7 6 5 4 3 2 1 15 14 13 12 26 25 24 23 22 21 20 19 18 17 16 30 29 28 27 41 40 39 38 37 36 35 34 33 32 31 45 44 43 42
57 56 55 54 53 52 51 50 49 48 47 46 60 59 58 72 71 70 69 68 67 66 65 64 63 62 61 75 74 73 87 86 85 84 83 82 81 80 79 78 77 76 90 89 88 102 101 100 99 98 97 96 95 94 93 92 91 105 104 103 117 116 115 114 113 112 111 110 109 108 107 106 120 119 118 132 131 130 129 128 127 126 125 124 123 122 121 135 134 133 147 146 145 144 143 142 141 140 139 138 137 136 150 149 148 12 11 10 9 8 7 6 5 4 3 2 1 15 14 13 27 26 25 24 23 22 21 20 19 18 17 16 30 29 28 42 41 40 39 38 37 36 35 34 33 32 31 45 44 43
58 57 56 55 54 53 52 51 50 49 48 47 46 60 59 73 72 71 70 69 68 67 66 65 64 63 62 61 75 74 88 87 86 85 84 83 82 81 80 79 78 77 76 90 89 103 102 101 100 99 98 97 96 95 94 93 92 91 105 104 118 117 116 115 114 113 112 111 110 109 108 107 106 120 119 133 132 131 130 129 128 127 126 125 124 123 122 121 135 134 148 147 146 145 144 143 142 141 140 139 138 137 136 150 149 13 12 11 10 9 8 7 6 5 4 3 2 1 15 14 28 27 26 25 24 23 22 21 20 19 18 17 16 30 29 43 42 41 40 39 38 37 36 35 34 33 32 31 45 44
59 58 57 56 55 54 53 52 51 50 49 48 47 46 60 74 73 72 71 70 69 68 67 66 65 64 63 62 61 75 89 88 87 86 85 84 83 82 81 80 79 78 77 76 90 104 103 102 101 100 99 98 97 96 95 94 93 92 91 105 119 118 117 116 115 114 113 112 111 110 109 108 107 106 120 134 133 132 131 130 129 128 127 126 125 124 123 122 121 135 149 148 147 146 145 144 143 142 141 140 139 138 137 136 150 14 13 12 11 10 9 8 7 6 5 4 3 2 1 15 29 28 27 26 25 24 23 22 21 20 19 18 17 16 30 44 43 42 41 40 39 38 37 36 35 34 33 32 31 45
60 59 58 57 56 55 54 53 52 51 50 49 48 47 46 75 74 73 72 71 70 69 68 67 66 65 64 63 62 61 90 89 88 87 86 85 84 83 82 81 80 79 78 77 76 105 104 103 102 101 100 99 98 97 96 95 94 93 92 91 120 119 118 117 116 115 114 113 112 111 110 109 108 107 106 135 134 133 132 131 130 129 128 127 126 125 124 123 122 121 150 149 148 147 146 145 144 143 142 141 140 139 138 137 136 15 14 13 12 11 10 9 8 7 6 5 4 3 2 1 30 29 28 27 26 25 24 23 22 21 20 19 18 17 16 45 44 43 42 41 40 39 38 37 36 35 34 33 32 31
61 75 74 73 72 71 70 69 68 67 66 65 64 63 62 76 90 89 88 87 86 85 84 83 82 81 80 79 78 77 91 105 104 103 102 101 100 99 98 97 96 95 94 93 92 106 120 119 118 117 116 115 114 113 112 111 110 109 108 107 121 135 134 133 132 131 130 129 128 127 126 125 124 123 122 136 150 149 148 147 146 145 144 143 142 141 140 139 138 137 1 15 14 13 12 11 10 9 8 7 6 5 4 3 2 16 30 29 28 27 26 25 24 23 22 21 20 19 18 17 31 45 44 43 42 41 40 39 38 37 36 35 34 33 32 46 60 59 58 57 56 55 54 53 52 51 50 49 48 47
62 61 75 74 73 72 71 70 69 68 67 66 65 64 63 77 76 90 89 88 87 86 85 84 83 82 81 80 79 78 92 91 105 104 103 102 101 100 99 98 97 96 95 94 93 107 106 120 119 118 117 116 115 114 113 112 111 110 109 108 122 121 135 134 133 132 131 130 129 128 127 126 125 124 123 137 136 150 149 148 147 146 145 144 143 142 141 140 139 138 2 1 15 14 13 12 11 10 9 8 7 6 5 4 3 17 16 30 29 28 27 26 25 24 23 22 21 20 19 18 32 31 45 44 43 42 41 40 39 38 37 36 35 34 33 47 46 60 59 58 57 56 55 54 53 52 51 50 49 48
63 62 61 75 74 73 72 71 70 69 68 67 66 65 64 78 77 76 90 89 88 87 86 85 84 83 82 81 80 79 93 92 91 105 104 103 102 101 100 99 98 97 96 95 94 108 107 106 120 119 118 117 116 115 114 113 112 111 110 109 123 122 121 135 134 133 132 131 130 129 128 127 126 125 124 138 137 136 150 149 148 147 146 145 144 143 142 141 140 139 3 2 1 15 14 13 12 11 10 9 8 7 6 5 4 18 17 16 30 29 28 27 26 25 24 23 22 21 20 19 33 32 31 45 44 43 42 41 40 39 38 37 36 35 34 48 47 46 60 59 58 57 56 55 54 53 52 51 50 49
64 63 62 61 75 74 73 72 71 70 69 68 67 66 65 79 78 77 76 90 89 88 87 86 85 84 83 82 81 80 94 93 92 91 105 104 103 102 101 100 99 98 97 96 95 109 108 107 106 120 119 118 117 116 115 114 113 112 111 110 124 123 122 121 135 134 133 132 131 130 129 128 127 126 125 139 138 137 136 150 149 148 147 146 145 144 143 142 141 140 4 3 2 1 15 14 13 12 11 10 9 8 7 6 5 19 18 17 16 30 29 28 27 26 25 24 23 22 21 20 34 33 32 31 45 44 43 42 41 40 39 38 37 36 35 49 48 47 46 60 59 58 57 56 55 54 53 52 51 50
65 64 63 62 61 75 74 73 72 71 70 69 68 67 66 80 79 78 77 76 90 89 88 87 86 85 84 83 82 81 95 94 93 92 91 105 104 103 102 101 100 99 98 97 96 110 109 108 107 106 120 119 118 117 116 115 114 113 112 111 125 124 123 122 121 135 134 133 132 131 130 129 128 127 126 140 139 138 137 136 150 149 148 147 146 145 144 143 142 141 5 4 3 2 1 15 14 13 12 11 10 9 8 7 6 20 19 18 17 16 30 29 28 27 26 25 24 23 22 21 35 34 33 32 31 45 44 43 42 41 40 39 38 37 36 50 49 48 47 46 60 59 58 57 56 55 54 53 52 51
66 65 64 63 62 61 75 74 73 72 71 70 69 68 67 81 80 79 78 77 76 90 89 88 87 86 85 84 83 82 96 95 94 93 92 91 105 104 103 102 101 100 99 98 97 111 110 109 108 107 106 120 119 118 117 116 115 114 113 112 126 125 124 123 122 121 135 134 133 132 131 130 129 128 127 141 140 139 138 137 136 150 149 148 147 146 145 144 143 142 6 5 4 3 2 1 15 14 13 12 11 10 9 8 7 21 20 19 18 17 16 30 29 28 27 26 25 24 23 22 36 35 34 33 32 31 45 44 43 42 41 40 39 38 37 51 50 49 48 47 46 60 59 58 57 56 55 54 53 52
67 66 65 64 63 62 61 75 74 73 72 71 70 69 68 82 81 80 79 78 77 76 90 89 88 87 86 85 84 83 97 96 95 94 93 92 91 105 104 103 102 101 100 99 98 112 111 110 109 108 107 106 120 119 118 117 116 115 114 113 127 126 125 124 123 122 121 135 134 133 132 131 130 129 128 142 141 140 139 138 137 136 150 149 148 147 146 145 144 143 7 6 5 4 3 2 1 15 14 13 12 11 10 9 8 22 21 20 19 18 17 16 30 29 28 27 26 25 24 23 37 36 35 34 33 32 31 45 44 43 42 41 40 39 38 52 51 50 49 48 47 46 60 59 58 57 56 55 54 53
68 67 66 65 64 63 62 61 75 74 73 72 71 70 69 83 82 81 80 79 78 77 76 90 89 88 87 86 85 84 98 97 96 95 94 93 92 91 105 104 103 102 101 100 99 113 112 111 110 109 108 107 106 120 119 118 117 116 115 114 128 127 126 125 124 123 122 121 135 134 133 132 131 130 129 143 142 141 140 139 138 137 136 150 149 148 147 146 145 144 8 7 6 5 4 3 2 1 15 14 13 12 11 10 9 23 22 21 20 19 18 17 16 30 29 28 27 26 25 24 38 37 36 35 34 33 32 31 45 44 43 42 41 40 39 53 52 51 50 49 48 47 46 60 59 58 57 56 55 54
69 68 67 66 65 64 63 62 61 75 74 73 72 71 70 84 83 82 81 80 79 78 77 76 90 89 88 87 86 85 99 98 97 96 95 94 93 92 91 105 104 103 102 101 100 114 113 112 111 110 109 108 107 106 120 119 118 117 116 115 129 128 127 126 125 124 123 122 121 135 134 133 132 131 130 144 143 142 141 140 139 138 137 136 150 149 148 147 146 145 9 8 7 6 5 4 3 2 1 15 14 13 12 11 10 24 23 22 21 20 19 18 17 16 30 29 28 27 26 25 39 38 37 36 35 34 33 32 31 45 44 43 42 41 40 54 53 52 51 50 49 48 47 46 60 59 58 57 56 55
70 69 68 67 66 65 64 63 62 61 75 74 73 72 71 85 84 83 82 81 80 79 78 77 76 90 89 88 87 86 100 99 98 97 96 95 94 93 92 91 105 104 103 102 101 115 114 113 112 111 110 109 108 107 106 120 119 118 117 116 130 129 128 127 126 125 124 123 122 121 135 134 133 132 131 145 144 143 142 141 140 139 138 137 136 150 149 148 147 146 10 9 8 7 6 5 4 3 2 1 15 14 13 12 11 25 24 23 22 21 20 19 18 17 16 30 29 28 27 26 40 39 38 37 36 35 34 33 32 31 45 44 43 42 41 55 54 53 52 51 50 49 48 47 46 60 59 58 57 56
71 70 69 68 67 66 65 64 63 62 61 75 74 73 72 86 85 84 83 82 81 80 79 78 77 76 90 89 88 87 101 100 99 98 97 96 95 94 93 92 91 105 104 103 102 116 115 114 113 112 111 110 109 108 107 106 120 119 118 117 131 130 129 128 127 126 125 124 123 122 121 135 134 133 132 146 145 144 143 142 141 140 139 138 137 136 150 149 148 147 11 10 9 8 7 6 5 4 3 2 1 15 14 13 12 26 25 24 23 22 21 20 19 18 17 16 30 29 28 27 41 40 39 38 37 36 35 34 33 32 31 45 44 43 42 56 55 54 53 52 51 50 49 48 47 46 60 59 58 57
72 71 70 69 68 67 66 65 64 63 62 61 75 74 73 87 86 85 84 83 82 81 80 79 78 77 76 90 89 88 102 101 100 99 98 97 96 95 94 93 92 91 105 104 103 117 116 115 114 113 112 111 110 109 108 107 106 120 119 118 132 131 130 129 128 127 126 125 124 123 122 121 135 134 133 147 146 145 144 143 142 141 140 139 138 137 136 150 149 148 12 11 10 9 8 7 6 5 4 3 2 1 15 14 13 27 26 25 24 23 22 21 20 19 18 17 16 30 29 28 42 41 40 39 38 37 36 35 34 33 32 31 45 44 43 57 56 55 54 53 52 51 50 49 48 47 46 60 59 58
73 72 71 70 69 68 67 66 65 64 63 62 61 75 74 88 87 86 85 84 83 82 81 80 79 78 77 76 90 89 103 102 101 100 99 98 97 96 95 94 93 92 91 105 104 118 117 116 115 114 113 112 111 110 109 108 107 106 120 119 133 132 131 130 129 128 127 126 125 124 123 122 121 135 134 148 147 146 145 144 143 142 141 140 139 138 137 136 150 149 13 12 11 10 9 8 7 6 5 4 3 2 1 15 14 28 27 26 25 24 23 22 21 20 19 18 17 16 30 29 43 42 41 40 39 38 37 36 35 34 33 32 31 45 44 58 57 56 55 54 53 52 51 50 49 48 47 46 60 59
74 73 72 71 70 69 68 67 66 65 64 63 62 61 75 89 88 87 86 85 84 83 82 81 80 79 78 77 76 90 104 103 102 101 100 99 98 97 96 95 94 93 92 91 105 119 118 117 116 115 114 113 112 111 110 109 108 107 106 120 134 133 132 131 130 129 128 127 126 125 124 123 122 121 135 149 148 147 146 145 144 143 142 141 140 139 138 137 136 150 14 13 12 11 10 9 8 7 6 5 4 3 2 1 15 29 28 27 26 25 24 23 22 21 20 19 18 17 16 30 44 43 42 41 40 39 38 37 36 35 34 33 32 31 45 59 58 57 56 55 54 53 52 51 50 49 48 47 46 60
75 74 73 72 71 70 69 68 67 66 65 64 63 62 61 90 89 88 87 86 85 84 83 82 81 80 79 78 77 76 105 104 103 102 101 100 99 98 97 96 95 94 93 92 91 120 119 118 117 116 115 114 113 112 111 110 109 108 107 106 135 134 133 132 131 130 129 128 127 126 125 124 123 122 121 150 149 148 147 146 145 144 143 142 141 140 139 138 137 136 15 14 13 12 11 10 9 8 7 6 5 4 3 2 1 30 29 28 27 26 25 24 23 22 21 20 19 18 17 16 45 44 43 42 41 40 39 38 37 36 35 34 33 32 31 60 59 58 57 56 55 54 53 52 51 50 49 48 47 46
76 90 89 88 87 86 85 84 83 82 81 80 79 78 77 91 105 104 103 102 101 100 99 98 97 96 95 94 93 92 106 120 119 118 117 116 115 114 113 112 111 110 109 108 107 121 135 134 133 132 131 130 129 128 127 126 125 124 123 122 136 150 149 148 147 146 145 144 143 142 141 140 139 138 137 1 15 14 13 12 11 10 9 8 7 6 5 4 3 2 16 30 29 28 27 26 25 24 23 22 21 20 19 18 17 31 45 44 43 42 41 40 39 38 37 36 35 34 33 32 46 60 59 58 57 56 55 54 53 52 51 50 49 48 47 61 75 74 73 72 71 70 69 68 67 66 65 64 63 62
77 76 90 89 88 87 86 85 84 83 82 81 80 79 78 92 91 105 104 103 102 101 100 99 98 97 96 95 94 93 107 106 120 119 118 117 116 115 114 113 112 111 110 109 108 122 121 135 134 133 132 131 130 129 128 127 126 125 124 123 137 136 150 149 148 147 146 145 144 143 142 141 140 139 138 2 1 15 14 13 12 11 10 9 8 7 6 5 4 3 17 16 30 29 28 27 26 25 24 23 22 21 20 19 18 32 31 45 44 43 42 41 40 39 38 37 36 35 34 33 47 46 60 59 58 57 56 55 54 53 52 51 50 49 48 62 61 75 74 73 72 71 70 69 68 67 66 65 64 63
78 77 76 90 89 88 87 86 85 84 83 82 81 80 79 93 92 91 105 104 103 102 101 100 99 98 97 96 95 94 108 107 106 120 119 118 117 116 115 114 113 112 111 110 109 123 122 121 135 134 133 132 131 130 129 128 127 126 125 124 138 137 136 150 149 148 147 146 145 144 143 142 141 140 139 3 2 1 15 14 13 12 11 10 9 8 7 6 5 4 18 17 16 30 29 28 27 26 25 24 23 22 21 20 19 33 32 31 45 44 43 42 41 40 39 38 37 36 35 34 48 47 46 60 59 58 57 56 55 54 53 52 51 50 49 63 62 61 75 74 73 72 71 70 69 68 67 66 65 64
79 78 77 76 90 89 88 87 86 85 84 83 82 81 80 94 93 92 91 105 104 103 102 101 100 99 98 97 96 95 109 108 107 106 120 119 118 117 116 115 114 113 112 111 110 124 123 122 121 135 134 133 132 131 130 129 128 127 126 125 139 138 137 136 150 149 148 147 146 145 144 143 142 141 140 4 3 2 1 15 14 13 12 11 10 9 8 7 6 5 19 18 17 16 30 29 28 27 26 25 24 23 22 21 20 34 33 32 31 45 44 43 42 41 40 39 38 37 36 35 49 48 47 46 60 59 58 57 56 55 54 53 52 51 50 64 63 62 61 75 74 73 72 71 70 69 68 67 66 65
80 79 78 77 76 90 89 88 87 86 85 84 83 82 81 95 94 93 92 91 105 104 103 102 101 100 99 98 97 96 110 109 108 107 106 120 119 118 117 116 115 114 113 112 111 125 124 123 122 121 135 134 133 132 131 130 129 128 127 126 140 139 138 137 136 150 149 148 147 146 145 144 143 142 141 5 4 3 2 1 15 14 13 12 11 10 9 8 7 6 20 19 18 17 16 30 29 28 27 26 25 24 23 22 21 35 34 33 32 31 45 44 43 42 41 40 39 38 37 36 50 49 48 47 46 60 59 58 57 56 55 54 53 52 51 65 64 63 62 61 75 74 73 72 71 70 69 68 67 66
81 80 79 78 77 76 90 89 88 87 86 85 84 83 82 96 95 94 93 92 91 105 104 103 102 101 100 99 98 97 111 110 109 108 107 106 120 119 118 117 116 115 114 113 112 126 125 124 123 122 121 135 134 133 132 131 130 129 128 127 141 140 139 138 137 136 150 149 148 147 146 145 144 143 142 6 5 4 3 2 1 15 14 13 12 11 10 9 8 7 21 20 19 18 17 16 30 29 28 27 26 25 24 23 22 36 35 34 33 32 31 45 44 43 42 41 40 39 38 37 51 50 49 48 47 46 60 59 58 57 56 55 54 53 52 66 65 64 63 62 61 75 74 73 72 71 70 69 68 67
82 81 80 79 78 77 76 90 89 88 87 86 85 84 83 97 96 95 94 93 92 91 105 104 103 102 101 100 99 98 112 111 110 109 108 107 106 120 119 118 117 116 115 114 113 127 126 125 124 123 122 121 135 134 133 132 131 130 129 128 142 141 140 139 138 137 136 150 149 148 147 146 145 144 143 7 6 5 4 3 2 1 15 14 13 12 11 10 9 8 22 21 20 19 18 17 16 30 29 28 27 26 25 24 23 37 36 35 34 33 32 31 45 44 43 42 41 40 39 38 52 51 50 49 48 47 46 60 59 58 57 56 55 54 53 67 66 65 64 63 62 61 75 74 73 72 71 70 69 68
83 82 81 80 79 78 77 76 90 89 88 87 86 85 84 98 97 96 95 94 93 92 91 105 104 103 102 101 100 99 113 112 111 110 109 108 107 106 120 119 118 117 116 115 114 128 127 126 125 124 123 122 121 135 134 133 132 131 130 129 143 142 141 140 139 138 137 136 150 149 148 147 146 145 144 8 7 6 5 4 3 2 1 15 14 13 12 11 10 9 23 22 21 20 19 18 17 16 30 29 28 27 26 25 24 38 37 36 35 34 33 32 31 45 44 43 42 41 40 39 53 52 51 50 49 48 47 46 60 59 58 57 56 55 54 68 67 66 65 64 63 62 61 75 74 73 72 71 70 69
84 83 82 81 80 79 78 77 76 90 89 88 87 86 85 99 98 97 96 95 94 93 92 91 105 104 103 102 101 100 114 113 112 111 110 109 108 107 106 120 119 118 117 116 115 129 128 127 126 125 124 123 122 121 135 134 133 132 131 130 144 143 142 141 140 139 138 137 136 150 149 148 147 146 145 9 8 7 6 5 4 3 2 1 15 14 13 12 11 10 24 23 22 21 20 19 18 17 16 30 29 28 27 26 25 39 38 37 36 35 34 33 32 31 45 44 43 42 41 40 54 53 52 51 50 49 48 47 46 60 59 58 57 56 55 69 68 67 66 65 64 63 62 61 75 74 73 72 71 70
85 84 83 82 81 80 79 78 77 76 90 89 88 87 86 100 99 98 97 96 95 94 93 92 91 105 104 103 102 101 115 114 113 112 111 110 109 108 107 106 120 119 118 117 116 130 129 128 127 126 125 124 123 122 121 135 134 133 132 131 145 144 143 142 141 140 139 138 137 136 150 149 148 147 146 10 9 8 7 6 5 4 3 2 1 15 14 13 12 11 25 24 23 22 21 20 19 18 17 16 30 29 28 27 26 40 39 38 37 36 35 34 33 32 31 45 44 43 42 41 55 54 53 52 51 50 49 48 47 46 60 59 58 57 56 70 69 68 67 66 65 64 63 62 61 75 74 73 72 71
86 85 84 83 82 81 80 79 78 77 76 90 89 88 87 101 100 99 98 97 96 95 94 93 92 91 105 104 103 102 116 115 114 113 112 111 110 109 108 107 106 120 119 118 117 131 130 129 128 127 126 125 124 123 122 121 135 134 133 132 146 145 144 143 142 141 140 139 138 137 136 150 149 148 147 11 10 9 8 7 6 5 4 3 2 1 15 14 13 12 26 25 24 23 22 21 20 19 18 17 16 30 29 28 27 41 40 39 38 37 36 35 34 33 32 31 45 44 43 42 56 55 54 53 52 51 50 49 48 47 46 60 59 58 57 71 70 69 68 67 66 65 64 63 62 61 75 74 73 72
87 86 85 84 83 82 81 80 79 78 77 76 90 89 88 102 101 100 99 98 97 96 95 94 93 92 91 105 104 103 117 116 115 114 113 112 111 110 109 108 107 106 120 119 118 132 131 130 129 128 127 126 125 124 123 122 121 135 134 133 147 146 145 144 143 142 141 140 139 138 137 136 150 149 148 12 11 10 9 8 7 6 5 4 3 2 1 15 14 13 27 26 25 24 23 22 21 20 19 18 17 16 30 29 28 42 41 40 39 38 37 36 35 34 33 32 31 45 44 43 57 56 55 54 53 52 51 50 49 48 47 46 60 59 58 72 71 70 69 68 67 66 65 64 63 62 61 75 74 73
88 87 86 85 84 83 82 81 80 79 78 77 76 90 89 103 102 101 100 99 98 97 96 95 94 93 92 91 105 104 118 117 116 115 114 113 112 111 110 109 108 107 106 120 119 133 132 131 130 129 128 127 126 125 124 123 122 121 135 134 148 147 146 145 144 143 142 141 140 139 138 137 136 150 149 13 12 11 10 9 8 7 6 5 4 3 2 1 15 14 28 27 26 25 24 23 22 21 20 19 18 17 16 30 29 43 42 41 40 39 38 37 36 35 34 33 32 31 45 44 58 57 56 55 54 53 52 51 50 49 48 47 46 60 59 73 72 71 70 69 68 67 66 65 64 63 62 61 75 74
89 88 87 86 85 84 83 82 81 80 79 78 77 76 90 104 103 102 101 100 99 98 97 96 95 94 93 92 91 105 119 118 117 116 115 114 113 112 111 110 109 108 107 106 120 134 133 132 131 130 129 128 127 126 125 124 123 122 121 135 149 148 147 146 145 144 143 142 141 140 139 138 137 136 150 14 13 12 11 10 9 8 7 6 5 4 3 2 1 15 29 28 27 26 25 24 23 22 21 20 19 18 17 16 30 44 43 42 41 40 39 38 37 36 35 34 33 32 31 45 59 58 57 56 55 54 53 52 51 50 49 48 47 46 60 74 73 72 71 70 69 68 67 66 65 64 63 62 61 75
90 89 88 87 86 85 84 83 82 81 80 79 78 77 76 105 104 103 102 101 100 99 98 97 96 95 94 93 92 91 120 119 118 117 116 115 114 113 112 111 110 109 108 107 106 135 134 133 132 131 130 129 128 127 126 125 124 123 122 121 150 149 148 147 146 145 144 143 142 141 140 139 138 137 136 15 14 13 12 11 10 9 8 7 6 5 4 3 2 1 30 29 28 27 26 25 24 23 22 21 20 19 18 17 16 45 44 43 42 41 40 39 38 37 36 35 34 33 32 31 60 59 58 57 56 55 54 53 52 51 50 49 48 47 46 75 74 73 72 71 70 69 68 67 66 65 64 63 62 61
91 105 104 103 102 101 100 99 98 97 96 95 94 93 92 106 120 119 118 117 116 115 114 113 112 111 110 109 108 107 121 135 134 133 132 131 130 129 128 127 126 125 124 123 122 136 150 149 148 147 146 145 144 143 142 141 140 139 138 137 1 15 14 13 12 11 10 9 8 7 6 5 4 3 2 16 30 29 28 27 26 25 24 23 22 21 20 19 18 17 31 45 44 43 42 41 40 39 38 37 36 35 34 33 32 46 60 59 58 57 56 55 54 53 52 51 50 49 48 47 61 75 74 73 72 71 70 69 68 67 66 65 64 63 62 76 90 89 88 87 86 85 84 83 82 81 80 79 78 77
92 91 105 104 103 102 101 100 99 98 97 96 95 94 93 107 106 120 119 118 117 116 115 114 113 112 111 110 109 108 122 121 135 134 133 132 131 130 129 128 127 126 125 124 123 137 136 150 149 148 147 146 145 144 143 142 141 140 139 138 2 1 15 14 13 12 11 10 9 8 7 6 5 4 3 17 16 30 29 28 27 26 25 24 23 22 21 20 19 18 32 31 45 44 43 42 41 40 39 38 37 36 35 34 33 47 46 60 59 58 57 56 55 54 53 52 51 50 49 48 62 61 75 74 73 72 71 70 69 68 67 66 65 64 63 77 76 90 89 88 87 86 85 84 83 82 81 80 79 78
93 92 91 105 104 103 102 101 100 99 98 97 96 95 94 108 107 106 120 119 118 117 116 115 114 113 112 111 110 109 123 122 121 135 134 133 132 131 130 129 128 127 126 125 124 138 137 136 150 149 148 147 146 145 144 143 142 141 140 139 3 2 1 15 14 13 12 11 10 9 8 7 6 5 4 18 17 16 30 29 28 27 26 25 24 23 22 21 20 19 33 32 31 45 44 43 42 41 40 39 38 37 36 35 34 48 47 46 60 59 58 57 56 55 54 53 52 51 50 49 63 62 61 75 74 73 72 71 70 69 68 67 66 65 64 78 77 76 90 89 88 87 86 85 84 83 82 81 80 79
94 93 92 91 105 104 103 102 101 100 99 98 97 96 95 109 108 107 106 120 119 118 117 116 115 114 113 112 111 110 124 123 122 121 135 134 133 132 131 130 129 128 127 126 125 139 138 137 136 150 149 148 147 146 145 144 143 142 141 140 4 3 2 1 15 14 13 12 11 10 9 8 7 6 5 19 18 17 16 30 29 28 27 26 25 24 23 22 21 20 34 33 32 31 45 44 43 42 41 40 39 38 37 36 35 49 48 47 46 60 59 58 57 56 55 54 53 52 51 50 64 63 62 61 75 74 73 72 71 70 69 68 67 66 65 79 78 77 76 90 89 88 87 86 85 84 83 82 81 80
95 94 93 92 91 105 104 103 102 101 100 99 98 97 96 110 109 108 107 106 120 119 118 117 116 115 114 113 112 111 125 124 123 122 121 135 134 133 132 131 130 129 128 127 126 140 139 138 137 136 150 149 148 147 146 145 144 143 142 141 5 4 3 2 1 15 14 13 12 11 10 9 8 7 6 20 19 18 17 16 30 29 28 27 26 25 24 23 22 21 35 34 33 32 31 45 44 43 42 41 40 39 38 37 36 50 49 48 47 46 60 59 58 57 56 55 54 53 52 51 65 64 63 62 61 75 74 73 72 71 70 69 68 67 66 80 79 78 77 76 90 89 88 87 86 85 84 83 82 81
96 95 94 93 92 91 105 104 103 102 101 100 99 98 97 111 110 109 108 107 106 120 119 118 117 116 115 114 113 112 126 125 124 123 122 121 135 134 133 132 131 130 129 128 127 141 140 139 138 137 136 150 149 148 147 146 145 144 143 142 6 5 4 3 2 1 15 14 13 12 11 10 9 8 7 21 20 19 18 17 16 30 29 28 27 26 25 24 23 22 36 35 34 33 32 31 45 44 43 42 41 40 39 38 37 51 50 49 48 47 46 60 59 58 57 56 55 54 53 52 66 65 64 63 62 61 75 74 73 72 71 70 69 68 67 81 80 79 78 77 76 90 89 88 87 86 85 84 83 82
97 96 95 94 93 92 91 105 104 103 102 101 100 99 98 112 111 110 109 108 107 106 120 119 118 117 116 115 114 113 127 126 125 124 123 122 121 135 134 133 132 131 130 129 128 142 141 140 139 138 137 136 150 149 148 147 146 145 144 143 7 6 5 4 3 2 1 15 14 13 12 11 10 9 8 22 21 20 19 18 17 16 30 29 28 27 26 25 24 23 37 36 35 34 33 32 31 45 44 43 42 41 40 39 38 52 51 50 49 48 47 46 60 59 58 57 56 55 54 53 67 66 65 64 63 62 61 75 74 73 72 71 70 69 68 82 81 80 79 78 77 76 90 89 88 87 86 85 84 83
98 97 96 95 94 93 92 91 105 104 103 102 101 100 99 113 112 111 110 109 108 107 106 120 119 118 117 116 115 114 128 127 126 125 124 123 122 121 135 134 133 132 131 130 129 143 142 141 140 139 138 137 136 150 149 148 147 146 145 144 8 7 6 5 4 3 2 1 15 14 13 12 11 10 9 23 22 21 20 19 18 17 16 30 29 28 27 26 25 24 38 37 36 35 34 33 32 31 45 44 43 42 41 40 39 53 52 51 50 49 48 47 46 60 59 58 57 56 55 54 68 67 66 65 64 63 62 61 75 74 73 72 71 70 69 83 82 81 80 79 78 77 76 90 89 88 87 86 85 84
99 98 97 96 95 94 93 92 91 105 104 103 102 101 100 114 113 112 111 110 109 108 107 106 120 119 118 117 116 115 129 128 127 126 125 124 123 122 121 135 134 133 132 131 130 144 143 142 141 140 139 138 137 136 150 149 148 147 146 145 9 8 7 6 5 4 3 2 1 15 14 13 12 11 10 24 23 22 21 20 19 18 17 16 30 29 28 27 26 25 39 38 37 36 35 34 33 32 31 45 44 43 42 41 40 54 53 52 51 50 49 48 47 46 60 59 58 57 56 55 69 68 67 66 65 64 63 62 61 75 74 73 72 71 70 84 83 82 81 80 79 78 77 76 90 89 88 87 86 85
100 99 98 97 96 95 94 93 92 91 105 104 103 102 101 115 114 113 112 111 110 109 108 107 106 120 119 118 117 116 130 129 128 127 126 125 124 123 122 121 135 134 133 132 131 145 144 143 142 141 140 139 138 137 136 150 149 148 147 146 10 9 8 7 6 5 4 3 2 1 15 14 13 12 11 25 24 23 22 21 20 19 18 17 16 30 29 28 27 26 40 39 38 37 36 35 34 33 32 31 45 44 43 42 41 55 54 53 52 51 50 49 48 47 46 60 59 58 57 56 70 69 68 67 66 65 64 63 62 61 75 74 73 72 71 85 84 83 82 81 80 79 78 77 76 90 89 88 87 86
101 100 99 98 97 96 95 94 93 92 91 105 104 103 102 116 115 114 113 112 111 110 109 108 107 106 120 119 118 117 131 130 129 128 127 126 125 124 123 122 121 135 134 133 132 146 145 144 143 142 141 140 139 138 137 136 150 149 148 147 11 10 9 8 7 6 5 4 3 2 1 15 14 13 12 26 25 24 23 22 21 20 19 18 17 16 30 29 28 27 41 40 39 38 37 36 35 34 33 32 31 45 44 43 42 56 55 54 53 52 51 50 49 48 47 46 60 59 58 57 71 70 69 68 67 66 65 64 63 62 61 75 74 73 72 86 85 84 83 82 81 80 79 78 77 76 90 89 88 87
102 101 100 99 98 97 96 95 94 93 92 91 105 104 103 117 116 115 114 113 112 111 110 109 108 107 106 120 119 118 132 131 130 129 128 127 126 125 124 123 122 121 135 134 133 147 146 145 144 143 142 141 140 139 138 137 136 150 149 148 12 11 10 9 8 7 6 5 4 3 2 1 15 14 13 27 26 25 24 23 22 21 20 19 18 17 16 30 29 28 42 41 40 39 38 37 36 35 34 33 32 31 45 44 43 57 56 55 54 53 52 51 50 49 48 47 46 60 59 58 72 71 70 69 68 67 66 65 64 63 62 61 75 74 73 87 86 85 84 83 82 81 80 79 78 77 76 90 89 88
103 102 101 100 99 98 97 96 95 94 93 92 91 105 104 118 117 116 115 114 113 112 111 110 109 108 107 106 120 119 133 132 131 130 129 128 127 126 125 124 123 122 121 135 134 148 147 146 145 144 143 142 141 140 139 138 137 136 150 149 13 12 11 10 9 8 7 6 5 4 3 2 1 15 14 28 27 26 25 24 23 22 21 20 19 18 17 16 30 29 43 42 41 40 39 38 37 36 35 34 33 32 31 45 44 58 57 56 55 54 53 52 51 50 49 48 47 46 60 59 73 72 71 70 69 68 67 66 65 64 63 62 61 75 74 88 87 86 85 84 83 82 81 80 79 78 77 76 90 89
104 103 102 101 100 99 98 97 96 95 94 93 92 91 105 119 118 117 116 115 114 113 112 111 110 109 108 107 106 120 134 133 132 131 130 129 128 127 126 125 124 123 122 121 135 149 148 147 146 145 144 143 142 141 140 139 138 137 136 150 14 13 12 11 10 9 8 7 6 5 4 3 2 1 15 29 28 27 26 25 24 23 22 21 20 19 18 17 16 30 44 43 42 41 40 39 38 37 36 35 34 33 32 31 45 59 58 57 56 55 54 53 52 51 50 49 48 47 46 60 74 73 72 71 70 69 68 67 66 65 64 63 62 61 75 89 88 87 86 85 84 83 82 81 80 79 78 77 76 90
105 104 103 102 101 100 99 98 97 96 95 94 93 92 91 120 119 118 117 116 115 114 113 112 111 110 109 108 107 106 135 134 133 132 131 130 129 128 127 126 125 124 123 122 121 150 149 148 147 146 145 144 143 142 141 140 139 138 137 136 15 14 13 12 11 10 9 8 7 6 5 4 3 2 1 30 29 28 27 26 25 24 23 22 21 20 19 18 17 16 45 44 43 42 41 40 39 38 37 36 35 34 33 32 31 60 59 58 57 56 55 54 53 52 51 50 49 48 47 46 75 74 73 72 71 70 69 68 67 66 65 64 63 62 61 90 89 88 87 86 85 84 83 82 81 80 79 78 77 76
106 120 119 118 117 116 115 114 113 112 111 110 109 108 107 121 135 134 133 132 131 130 129 128 127 126 125 124 123 122 136 150 149 148 147 146 145 144 143 142 141 140 139 138 137 1 15 14 13 12 11 10 9 8 7 6 5 4 3 2 16 30 29 28 27 26 25 24 23 22 21 20 19 18 17 31 45 44 43 42 41 40 39 38 37 36 35 34 33 32 46 60 59 58 57 56 55 54 53 52 51 50 49 48 47 61 75 74 73 72 71 70 69 68 67 66 65 64 63 62 76 90 89 88 87 86 85 84 83 82 81 80 79 78 77 91 105 104 103 102 101 100 99 98 97 96 95 94 93 92
107 106 120 119 118 117 116 115 114 113 112 111 110 109 108 122 121 135 134 133 132 131 130 129 128 127 126 125 124 123 137 136 150 149 148 147 146 145 144 143 142 141 140 139 138 2 1 15 14 13 12 11 10 9 8 7 6 5 4 3 17 16 30 29 28 27 26 25 24 23 22 21 20 19 18 32 31 45 44 43 42 41 40 39 38 37 36 35 34 33 47 46 60 59 58 57 56 55 54 53 52 51 50 49 48 62 61 75 74 73 72 71 70 69 68 67 66 65 64 63 77 76 90 89 88 87 86 85 84 83 82 81 80 79 78 92 91 105 104 103 102 101 100 99 98 97 96 95 94 93
108 107 106 120 119 118 117 116 115 114 113 112 111 110 109 123 122 121 135 134 133 132 131 130 129 128 127 126 125 124 138 137 136 150 149 148 147 146 145 144 143 142 141 140 139 3 2 1 15 14 13 12 11 10 9 8 7 6 5 4 18 17 16 30 29 28 27 26 25 24 23 22 21 20 19 33 32 31 45 44 43 42 41 40 39 38 37 36 35 34 48 47 46 60 59 58 57 56 55 54 53 52 51 50 49 63 62 61 75 74 73 72 71 70 69 68 67 66 65 64 78 77 76 90 89 88 87 86 85 84 83 82 81 80 79 93 92 91 105 104 103 102 101 100 99 98 97 96 95 94
109 108 107 106 120 119 118 117 116 115 114 113 112 111 110 124 123 122 121 135 134 133 132 131 130 129 128 127 126 125 139 138 137 136 150 149 148 147 146 145 144 143 142 141 140 4 3 2 1 15 14 13 12 11 10 9 8 7 6 5 19 18 17 16 30 29 28 27 26 25 24 23 22 21 20 34 33 32 31 45 44 43 42 41 40 39 38 37 36 35 49 48 47 46 60 59 58 57 56 55 54 53 52 51 50 64 63 62 61 75 74 73 72 71 70 69 68 67 66 65 79 78 77 76 90 89 88 87 86 85 84 83 82 81 80 94 93 92 91 105 104 103 102 101 100 99 98 97 96 95
110 109 108 107 106 120 119 118 117 116 115 114 113 112 111 125 124 123 122 121 135 134 133 132 131 130 129 128 127 126 140 139 138 137 136 150 149 148 147 146 145 144 143 142 141 5 4 3 2 1 15 14 13 12 11 10 9 8 7 6 20 19 18 17 16 30 29 28 27 26 25 24 23 22 21 35 34 33 32 31 45 44 43 42 41 40 39 38 37 36 50 49 48 47 46 60 59 58 57 56 55 54 53 52 51 65 64 63 62 61 75 74 73 72 71 70 69 68 67 66 80 79 78 77 76 90 89 88 87 86 85 84 83 82 81 95 94 93 92 91 105 104 103 102 101 100 99 98 97 96
111 110 109 108 107 106 120 119 118 117 116 115 114 113 112 126 125 124 123 122 121 135 134 133 132 131 130 129 128 127 141 140 139 138 137 136 150 149 148 147 146 145 144 143 142 6 5 4 3 2 1 15 14 13 12 11 10 9 8 7 21 20 19 18 17 16 30 29 28 27 26 25 24 23 22 36 35 34 33 32 31 45 44 43 42 41 40 39 38 37 51 50 49 48 47 46 60 59 58 57 56 55 54 53 52 66 65 64 63 62 61 75 74 73 72 71 70 69 68 67 81 80 79 78 77 76 90 89 88 87 86 85 84 83 82 96 95 94 93 92 91 105 104 103 102 101 100 99 98 97
112 111 110 109 108 107 106 120 119 118 117 116 115 114 113 127 126 125 124 123 122 121 135 134 133 132 131 130 129 128 142 141 140 139 138 137 136 150 149 148 147 146 145 144 143 7 6 5 4 3 2 1 15 14 13 12 11 10 9 8 22 21 20 19 18 17 16 30 29 28 27 26 25 24 23 37 36 35 34 33 32 31 45 44 43 42 41 40 39 38 52 51 50 49 48 47 46 60 59 58 57 56 55 54 53 67 66 65 64 63 62 61 75 74 73 72 71 70 69 68 82 81 80 79 78 77 76 90 89 88 87 86 85 84 83 97 96 95 94 93 92 91 105 104 103 102 101 100 99 98
113 112 111 110 109 108 107 106 120 119 118 117 116 115 114 128 127 126 125 124 123 122 121 135 134 133 132 131 130 129 143 142 141 140 139 138 137 136 150 149 148 147 146 145 144 8 7 6 5 4 3 2 1 15 14 13 12 11 10 9 23 22 21 20 19 18 17 16 30 29 28 27 26 25 24 38 37 36 35 34 33 32 31 45 44 43 42 41 40 39 53 52 51 50 49 48 47 46 60 59 58 57 56 55 54 68 67 66 65 64 63 62 61 75 74 73 72 71 70 69 83 82 81 80 79 78 77 76 90 89 88 87 86 85 84 98 97 96 95 94 93 92 91 105 104 103 102 101 100 99
114 113 112 111 110 109 108 107 106 120 119 118 117 116 115 129 128 127 126 125 124 123 122 121 135 134 133 132 131 130 144 143 142 141 140 139 138 137 136 150 149 148 147 146 145 9 8 7 6 5 4 3 2 1 15 14 13 12 11 10 24 23 22 21 20 19 18 17 16 30 29 28 27 26 25 39 38 37 36 35 34 33 32 31 45 44 43 42 41 40 54 53 52 51 50 49 48 47 46 60 59 58 57 56 55 69 68 67 66 65 64 63 62 61 75 74 73 72 71 70 84 83 82 81 80 79 78 77 76 90 89 88 87 86 85 99 98 97 96 95 94 93 92 91 105 104 103 102 101 100
115 114 113 112 111 110 109 108 107 106 120 119 118 117 116 130 129 128 127 126 125 124 123 122 121 135 134 133 132 131 145 144 143 142 141 140 139 138 137 136 150 149 148 147 146 10 9 8 7 6 5 4 3 2 1 15 14 13 12 11 25 24 23 22 21 20 19 18 17 16 30 29 28 27 26 40 39 38 37 36 35 34 33 32 31 45 44 43 42 41 55 54 53 52 51 50 49 48 47 46 60 59 58 57 56 70 69 68 67 66 65 64 63 62 61 75 74 73 72 71 85 84 83 82 81 80 79 78 77 76 90 89 88 87 86 100 99 98 97 96 95 94 93 92 91 105 104 103 102 101
116 115 114 113 112 111 110 109 108 107 106 120 119 118 117 131 130 129 128 127 126 125 124 123 122 121 135 134 133 132 146 145 144 143 142 141 140 139 138 137 136 150 149 148 147 11 10 9 8 7 6 5 4 3 2 1 15 14 13 12 26 25 24 23 22 21 20 19 18 17 16 30 29 28 27 41 40 39 38 37 36 35 34 33 32 31 45 44 43 42 56 55 54 53 52 51 50 49 48 47 46 60 59 58 57 71 70 69 68 67 66 65 64 63 62 61 75 74 73 72 86 85 84 83 82 81 80 79 78 77 76 90 89 88 87 101 100 99 98 97 96 95 94 93 92 91 105 104 103 102
117 116 115 114 113 112 111 110 109 108 107 106 120 119 118 132 131 130 129 128 127 126 125 124 123 122 121 135 134 133 147 146 145 144 143 142 141 140 139 138 137 136 150 149 148 12 11 10 9 8 7 6 5 4 3 2 1 15 14 13 27 26 25 24 23 22 21 20 19 18 17 16 30 29 28 42 41 40 39 38 37 36 35 34 33 32 31 45 44 43 57 56 55 54 53 52 51 50 49 48 47 46 60 59 58 72 71 70 69 68 67 66 65 64 63 62 61 75 74 73 87 86 85 84 83 82 81 80 79 78 77 76 90 89 88 102 101 100 99 98 97 96 95 94 93 92 91 105 104 103
118 117 116 115 114 113 112 111 110 109 108 107 106 120 119 133 132 131 130 129 128 127 126 125 124 123 122 121 135 134 148 147 146 145 144 143 142 141 140 139 138 137 136 150 149 13 12 11 10 9 8 7 6 5 4 3 2 1 15 14 28 27 26 25 24 23 22 21 20 19 18 17 16 30 29 43 42 41 40 39 38 37 36 35 34 33 32 31 45 44 58 57 56 55 54 53 52 51 50 49 48 47 46 60 59 73 72 71 70 69 68 67 66 65 64 63 62 61 75 74 88 87 86 85 84 83 82 81 80 79 78 77 76 90 89 103 102 101 100 99 98 97 96 95 94 93 92 91 105 104
119 118 117 116 115 114 113 112 111 110 109 108 107 106 120 134 133 132 131 130 129 128 127 126 125 124 123 122 121 135 149 148 147 146 145 144 143 142 141 140 139 138 137 136 150 14 13 12 11 10 9 8 7 6 5 4 3 2 1 15 29 28 27 26 25 24 23 22 21 20 19 18 17 16 30 44 43 42 41 40 39 38 37 36 35 34 33 32 31 45 59 58 57 56 55 54 53 52 51 50 49 48 47 46 60 74 73 72 71 70 69 68 67 66 65 64 63 62 61 75 89 88 87 86 85 84 83 82 81 80 79 78 77 76 90 104 103 102 101 100 99 98 97 96 95 94 93 92 91 105
120 119 118 117 116 115 114 113 112 111 110 109 108 107 106 135 134 133 132 131 130 129 128 127 126 125 124 123 122 121 150 149 148 147 146 145 144 143 142 141 140 139 138 137 136 15 14 13 12 11 10 9 8 7 6 5 4 3 2 1 30 29 28 27 26 25 24 23 22 21 20 19 18 17 16 45 44 43 42 41 40 39 38 37 36 35 34 33 32 31 60 59 58 57 56 55 54 53 52 51 50 49 48 47 46 75 74 73 72 71 70 69 68 67 66 65 64 63 62 61 90 89 88 87 86 85 84 83 82 81 80 79 78 77 76 105 104 103 102 101 100 99 98 97 96 95 94 93 92 91
121 135 134 133 132 131 130 129 128 127 126 125 124 123 122 136 150 149 148 147 146 145 144 143 142 141 140 139 138 137 1 15 14 13 12 11 10 9 8 7 6 5 4 3 2 16 30 29 28 27 26 25 24 23 22 21 20 19 18 17 31 45 44 43 42 41 40 39 38 37 36 35 34 33 32 46 60 59 58 57 56 55 54 53 52 51 50 49 48 47 61 75 74 73 72 71 70 69 68 67 66 65 64 63 62 76 90 89 88 87 86 85 84 83 82 81 80 79 78 77 91 105 104 103 102 101 100 99 98 97 96 95 94 93 92 106 120 119 118 117 116 115 114 113 112 111 110 109 108 107
122 121 135 134 133 132 131 130 129 128 127 126 125 124 123 137 136 150 149 148 147 146 145 144 143 142 141 140 139 138 2 1 15 14 13 12 11 10 9 8 7 6 5 4 3 17 16 30 29 28 27 26 25 24 23 22 21 20 19 18 32 31 45 44 43 42 41 40 39 38 37 36 35 34 33 47 46 60 59 58 57 56 55 54 53 52 51 50 49 48 62 61 75 74 73 72 71 70 69 68 67 66 65 64 63 77 76 90 89 88 87 86 85 84 83 82 81 80 79 78 92 91 105 104 103 102 101 100 99 98 97 96 95 94 93 107 106 120 119 118 117 116 115 114 113 112 111 110 109 108
123 122 121 135 134 133 132 131 130 129 128 127 126 125 124 138 137 136 150 149 148 147 146 145 144 143 142 141 140 139 3 2 1 15 14 13 12 11 10 9 8 7 6 5 4 18 17 16 30 29 28 27 26 25 24 23 22 21 20 19 33 32 31 45 44 43 42 41 40 39 38 37 36 35 34 48 47 46 60 59 58 57 56 55 54 53 52 51 50 49 63 62 61 75 74 73 72 71 70 69 68 67 66 65 64 78 77 76 90 89 88 87 86 85 84 83 82 81 80 79 93 92 91 105 104 103 102 101 100 99 98 97 96 95 94 108 107 106 120 119 118 117 116 115 114 113 112 111 110 109
124 123 122 121 135 134 133 132 131 130 129 128 127 126 125 139 138 137 136 150 149 148 147 146 145 144 143 142 141 140 4 3 2 1 15 14 13 12 11 10 9 8 7 6 5 19 18 17 16 30 29 28 27 26 25 24 23 22 21 20 34 33 32 31 45 44 43 42 41 40 39 38 37 36 35 49 48 47 46 60 59 58 57 56 55 54 53 52 51 50 64 63 62 61 75 74 73 72 71 70 69 68 67 66 65 79 78 77 76 90 89 88 87 86 85 84 83 82 81 80 94 93 92 91 105 104 103 102 101 100 99 98 97 96 95 109 108 107 106 120 119 118 117 116 115 114 113 112 111 110
125 124 123 122 121 135 134 133 132 131 130 129 128 127 126 140 139 138 137 136 150 149 148 147 146 145 144 143 142 141 5 4 3 2 1 15 14 13 12 11 10 9 8 7 6 20 19 18 17 16 30 29 28 27 26 25 24 23 22 21 35 34 33 32 31 45 44 43 42 41 40 39 38 37 36 50 49 48 47 46 60 59 58 57 56 55 54 53 52 51 65 64 63 62 61 75 74 73 72 71 70 69 68 67 66 80 79 78 77 76 90 89 88 87 86 85 84 83 82 81 95 94 93 92 91 105 104 103 102 101 100 99 98 97 96 110 109 108 107 106 120 119 118 117 116 115 114 113 112 111
126 125 124 123 122 121 135 134 133 132 131 130 129 128 127 141 140 139 138 137 136 150 149 148 147 146 145 144 143 142 6 5 4 3 2 1 15 14 13 12 11 10 9 8 7 21 20 19 18 17 16 30 29 28 27 26 25 24 23 22 36 35 34 33 32 31 45 44 43 42 41 40 39 38 37 51 50 49 48 47 46 60 59 58 57 56 55 54 53 52 66 65 64 63 62 61 75 74 73 72 71 70 69 68 67 81 80 79 78 77 76 90 89 88 87 86 85 84 83 82 96 95 94 93 92 91 105 104 103 102 101 100 99 98 97 111 110 109 108 107 106 120 119 118 117 116 115 114 113 112
127 126 125 124 123 122 121 135 134 133 132 131 130 129 128 142 141 140 139 138 137 136 150 149 148 147 146 145 144 143 7 6 5 4 3 2 1 15 14 13 12 11 10 9 8 22 21 20 19 18 17 16 30 29 28 27 26 25 24 23 37 36 35 34 33 32 31 45 44 43 42 41 40 39 38 52 51 50 49 48 47 46 60 59 58 57 56 55 54 53 67 66 65 64 63 62 61 75 74 73 72 71 70 69 68 82 81 80 79 78 77 76 90 89 88 87 86 85 84 83 97 96 95 94 93 92 91 105 104 103 102 101 100 99 98 112 111 110 109 108 107 106 120 119 118 117 116 115 114 113
128 127 126 125 124 123 122 121 135 134 133 132 131 130 129 143 142 141 140 139 138 137 136 150 149 148 147 146 145 144 8 7 6 5 4 3 2 1 15 14 13 12 11 10 9 23 22 21 20 19 18 17 16 30 29 28 27 26 25 24 38 37 36 35 34 33 32 31 45 44 43 42 41 40 39 53 52 51 50 49 48 47 46 60 59 58 57 56 55 54 68 67 66 65 64 63 62 61 75 74 73 72 71 70 69 83 82 81 80 79 78 77 76 90 89 88 87 86 85 84 98 97 96 95 94 93 92 91 105 104 103 102 101 100 99 113 112 111 110 109 108 107 106 120 119 118 117 116 115 114
129 128 127 126 125 124 123 122 121 135 134 133 132 131 130 144 143 142 141 140 139 138 137 136 150 149 148 147 146 145 9 8 7 6 5 4 3 2 1 15 14 13 12 11 10 24 23 22 21 20 19 18 17 16 30 29 28 27 26 25 39 38 37 36 35 34 33 32 31 45 44 43 42 41 40 54 53 52 51 50 49 48 47 46 60 59 58 57 56 55 69 68 67 66 65 64 63 62 61 75 74 73 72 71 70 84 83 82 81 80 79 78 77 76 90 89 88 87 86 85 99 98 97 96 95 94 93 92 91 105 104 103 102 101 100 114 113 112 111 110 109 108 107 106 120 119 118 117 116 115
130 129 128 127 126 125 124 123 122 121 135 134 133 132 131 145 144 143 142 141 140 139 138 137 136 150 149 148 147 146 10 9 8 7 6 5 4 3 2 1 15 14 13 12 11 25 24 23 22 21 20 19 18 17 16 30 29 28 27 26 40 39 38 37 36 35 34 33 32 31 45 44 43 42 41 55 54 53 52 51 50 49 48 47 46 60 59 58 57 56 70 69 68 67 66 65 64 63 62 61 75 74 73 72 71 85 84 83 82 81 80 79 78 77 76 90 89 88 87 86 100 99 98 97 96 95 94 93 92 91 105 104 103 102 101 115 114 113 112 111 110 109 108 107 106 120 119 118 117 116
131 130 129 128 127 126 125 124 123 122 121 135 134 133 132 146 145 144 143 142 141 140 139 138 137 136 150 149 148 147 11 10 9 8 7 6 5 4 3 2 1 15 14 13 12 26 25 24 23 22 21 20 19 18 17 16 30 29 28 27 41 40 39 38 37 36 35 34 33 32 31 45 44 43 42 56 55 54 53 52 51 50 49 48 47 46 60 59 58 57 71 70 69 68 67 66 65 64 63 62 61 75 74 73 72 86 85 84 83 82 81 80 79 78 77 76 90 89 88 87 101 100 99 98 97 96 95 94 93 92 91 105 104 103 102 116 115 114 113 112 111 110 109 108 107 106 120 119 118 117
132 131 130 129 128 127 126 125 124 123 122 121 135 134 133 147 146 145 144 143 142 141 140 139 138 137 136 150 149 148 12 11 10 9 8 7 6 5 4 3 2 1 15 14 13 27 26 25 24 23 22 21 20 19 18 17 16 30 29 28 42 41 40 39 38 37 36 35 34 33 32 31 45 44 43 57 56 55 54 53 52 51 50 49 48 47 46 60 59 58 72 71 70 69 68 67 66 65 64 63 62 61 75 74 73 87 86 85 84 83 82 81 80 79 78 77 76 90 89 88 102 101 100 99 98 97 96 95 94 93 92 91 105 104 103 117 116 115 114 113 112 111 110 109 108 107 106 120 119 118
133 132 131 130 129 128 127 126 125 124 123 122 121 135 134 148 147 146 145 144 143 142 141 140 139 138 137 136 150 149 13 12 11 10 9 8 7 6 5 4 3 2 1 15 14 28 27 26 25 24 23 22 21 20 19 18 17 16 30 29 43 42 41 40 39 38 37 36 35 34 33 32 31 45 44 58 57 56 55 54 53 52 51 50 49 48 47 46 60 59 73 72 71 70 69 68 67 66 65 64 63 62 61 75 74 88 87 86 85 84 83 82 81 80 79 78 77 76 90 89 103 102 101 100 99 98 97 96 95 94 93 92 91 105 104 118 117 116 115 114 113 112 111 110 109 108 107 106 120 119
134 133 132 131 130 129 128 127 126 125 124 123 122 121 135 149 148 147 146 145 144 143 142 141 140 139 138 137 136 150 14 13 12 11 10 9 8 7 6 5 4 3 2 1 15 29 28 27 26 25 24 23 22 21 20 19 18 17 16 30 44 43 42 41 40 39 38 37 36 35 34 33 32 31 45 59 58 57 56 55 54 53 52 51 50 49 48 47 46 60 74 73 72 71 70 69 68 67 66 65 64 63 62 61 75 89 88 87 86 85 84 83 82 81 80 79 78 77 76 90 104 103 102 101 100 99 98 97 96 95 94 93 92 91 105 119 118 117 116 115 114 113 112 111 110 109 108 107 106 120
135 134 133 132 131 130 129 128 127 126 125 124 123 122 121 150 149 148 147 146 145 144 143 142 141 140 139 138 137 136 15 14 13 12 11 10 9 8 7 6 5 4 3 2 1 30 29 28 27 26 25 24 23 22 21 20 19 18 17 16 45 44 43 42 41 40 39 38 37 36 35 34 33 32 31 60 59 58 57 56 55 54 53 52 51 50 49 48 47 46 75 74 73 72 71 70 69 68 67 66 65 64 63 62 61 90 89 88 87 86 85 84 83 82 81 80 79 78 77 76 105 104 103 102 101 100 99 98 97 96 95 94 93 92 91 120 119 118 117 116 115 114 113 112 111 110 109 108 107 106
136 150 149 148 147 146 145 144 143 142 141 140 139 138 137 1 15 14 13 12 11 10 9 8 7 6 5 4 3 2 16 30 29 28 27 26 25 24 23 22 21 20 19 18 17 31 45 44 43 42 41 40 39 38 37 36 35 34 33 32 46 60 59 58 57 56 55 54 53 52 51 50 49 48 47 61 75 74 73 72 71 70 69 68 67 66 65 64 63 62 76 90 89 88 87 86 85 84 83 82 81 80 79 78 77 91 105 104 103 102 101 100 99 98 97 96 95 94 93 92 106 120 119 118 117 116 115 114 113 112 111 110 109 108 107 121 135 134 133 132 131 130 129 128 127 126 125 124 123 122
137 136 150 149 148 147 146 145 144 143 142 141 140 139 138 2 1 15 14 13 12 11 10 9 8 7 6 5 4 3 17 16 30 29 28 27 26 25 24 23 22 21 20 19 18 32 31 45 44 43 42 41 40 39 38 37 36 35 34 33 47 46 60 59 58 57 56 55 54 53 52 51 50 49 48 62 61 75 74 73 72 71 70 69 68 67 66 65 64 63 77 76 90 89 88 87 86 85 84 83 82 81 80 79 78 92 91 105 104 103 102 101 100 99 98 97 96 95 94 93 107 106 120 119 118 117 116 115 114 113 112 111 110 109 108 122 121 135 134 133 132 131 130 129 128 127 126 125 124 123
138 137 136 150 149 148 147 146 145 144 143 142 141 140 139 3 2 1 15 14 13 12 11 10 9 8 7 6 5 4 18 17 16 30 29 28 27 26 25 24 23 22 21 20 19 33 32 31 45 44 43 42 41 40 39 38 37 36 35 34 48 47 46 60 59 58 57 56 55 54 53 52 51 50 49 63 62 61 75 74 73 72 71 70 69 68 67 66 65 64 78 77 76 90 89 88 87 86 85 84 83 82 81 80 79 93 92 91 105 104 103 102 101 100 99 98 97 96 95 94 108 107 106 120 119 118 117 116 115 114 113 112 111 110 109 123 122 121 135 134 133 132 131 130 129 128 127 126 125 124
139 138 137 136 150 149 148 147 146 145 144 143 142 141 140 4 3 2 1 15 14 13 12 11 10 9 8 7 6 5 19 18 17 16 30 29 28 27 26 25 24 23 22 21 20 34 33 32 31 45 44 43 42 41 40 39 38 37 36 35 49 48 47 46 60 59 58 57 56 55 54 53 52 51 50 64 63 62 61 75 74 73 72 71 70 69 68 67 66 65 79 78 77 76 90 89 88 87 86 85 84 83 82 81 80 94 93 92 91 105 104 103 102 101 100 99 98 97 96 95 109 108 107 106 120 119 118 117 116 115 114 113 112 111 110 124 123 122 121 135 134 133 132 131 130 129 128 127 126 125
140 139 138 137 136 150 149 148 147 146 145 144 143 142 141 5 4 3 2 1 15 14 13 12 11 10 9 8 7 6 20 19 18 17 16 30 29 28 27 26 25 24 23 22 21 35 34 33 32 31 45 44 43 42 41 40 39 38 37 36 50 49 48 47 46 60 59 58 57 56 55 54 53 52 51 65 64 63 62 61 75 74 73 72 71 70 69 68 67 66 80 79 78 77 76 90 89 88 87 86 85 84 83 82 81 95 94 93 92 91 105 104 103 102 101 100 99 98 97 96 110 109 108 107 106 120 119 118 117 116 115 114 113 112 111 125 124 123 122 121 135 134 133 132 131 130 129 128 127 126
141 140 139 138 137 136 150 149 148 147 146 145 144 143 142 6 5 4 3 2 1 15 14 13 12 11 10 9 8 7 21 20 19 18 17 16 30 29 28 27 26 25 24 23 22 36 35 34 33 32 31 45 44 43 42 41 40 39 38 37 51 50 49 48 47 46 60 59 58 57 56 55 54 53 52 66 65 64 63 62 61 75 74 73 72 71 70 69 68 67 81 80 79 78 77 76 90 89 88 87 86 85 84 83 82 96 95 94 93 92 91 105 104 103 102 101 100 99 98 97 111 110 109 108 107 106 120 119 118 117 116 115 114 113 112 126 125 124 123 122 121 135 134 133 132 131 130 129 128 127
142 141 140 139 138 137 136 150 149 148 147 146 145 144 143 7 6 5 4 3 2 1 15 14 13 12 11 10 9 8 22 21 20 19 18 17 16 30 29 28 27 26 25 24 23 37 36 35 34 33 32 31 45 44 43 42 41 40 39 38 52 51 50 49 48 47 46 60 59 58 57 56 55 54 53 67 66 65 64 63 62 61 75 74 73 72 71 70 69 68 82 81 80 79 78 77 76 90 89 88 87 86 85 84 83 97 96 95 94 93 92 91 105 104 103 102 101 100 99 98 112 111 110 109 108 107 106 120 119 118 117 116 115 114 113 127 126 125 124 123 122 121 135 134 133 132 131 130 129 128
143 142 141 140 139 138 137 136 150 149 148 147 146 145 144 8 7 6 5 4 3 2 1 15 14 13 12 11 10 9 23 22 21 20 19 18 17 16 30 29 28 27 26 25 24 38 37 36 35 34 33 32 31 45 44 43 42 41 40 39 53 52 51 50 49 48 47 46 60 59 58 57 56 55 54 68 67 66 65 64 63 62 61 75 74 73 72 71 70 69 83 82 81 80 79 78 77 76 90 89 88 87 86 85 84 98 97 96 95 94 93 92 91 105 104 103 102 101 100 99 113 112 111 110 109 108 107 106 120 119 118 117 116 115 114 128 127 126 125 124 123 122 121 135 134 133 132 131 130 129
144 143 142 141 140 139 138 137 136 150 149 148 147 146 145 9 8 7 6 5 4 3 2 1 15 14 13 12 11 10 24 23 22 21 20 19 18 17 16 30 29 28 27 26 25 39 38 37 36 35 34 33 32 31 45 44 43 42 41 40 54 53 52 51 50 49 48 47 46 60 59 58 57 56 55 69 68 67 66 65 64 63 62 61 75 74 73 72 71 70 84 83 82 81 80 79 78 77 76 90 89 88 87 86 85 99 98 97 96 95 94 93 92 91 105 104 103 102 101 100 114 113 112 111 110 109 108 107 106 120 119 118 117 116 115 129 128 127 126 125 124 123 122 121 135 134 133 132 131 130
145 144 143 142 141 140 139 138 137 136 150 149 148 147 146 10 9 8 7 6 5 4 3 2 1 15 14 13 12 11 25 24 23 22 21 20 19 18 17 16 30 29 28 27 26 40 39 38 37 36 35 34 33 32 31 45 44 43 42 41 55 54 53 52 51 50 49 48 47 46 60 59 58 57 56 70 69 68 67 66 65 64 63 62 61 75 74 73 72 71 85 84 83 82 81 80 79 78 77 76 90 89 88 87 86 100 99 98 97 96 95 94 93 92 91 105 104 103 102 101 115 114 113 112 111 110 109 108 107 106 120 119 118 117 116 130 129 128 127 126 125 124 123 122 121 135 134 133 132 131
146 145 144 143 142 141 140 139 138 137 136 150 149 148 147 11 10 9 8 7 6 5 4 3 2 1 15 14 13 12 26 25 24 23 22 21 20 19 18 17 16 30 29 28 27 41 40 39 38 37 36 35 34 33 32 31 45 44 43 42 56 55 54 53 52 51 50 49 48 47 46 60 59 58 57 71 70 69 68 67 66 65 64 63 62 61 75 74 73 72 86 85 84 83 82 81 80 79 78 77 76 90 89 88 87 101 100 99 98 97 96 95 94 93 92 91 105 104 103 102 116 115 114 113 112 111 110 109 108 107 106 120 119 118 117 131 130 129 128 127 126 125 124 123 122 121 135 134 133 132
147 146 145 144 143 142 141 140 139 138 137 136 150 149 148 12 11 10 9 8 7 6 5 4 3 2 1 15 14 13 27 26 25 24 23 22 21 20 19 18 17 16 30 29 28 42 41 40 39 38 37 36 35 34 33 32 31 45 44 43 57 56 55 54 53 52 51 50 49 48 47 46 60 59 58 72 71 70 69 68 67 66 65 64 63 62 61 75 74 73 87 86 85 84 83 82 81 80 79 78 77 76 90 89 88 102 101 100 99 98 97 96 95 94 93 92 91 105 104 103 117 116 115 114 113 112 111 110 109 108 107 106 120 119 118 132 131 130 129 128 127 126 125 124 123 122 121 135 134 133
148 147 146 145 144 143 142 141 140 139 138 137 136 150 149 13 12 11 10 9 8 7 6 5 4 3 2 1 15 14 28 27 26 25 24 23 22 21 20 19 18 17 16 30 29 43 42 41 40 39 38 37 36 35 34 33 32 31 45 44 58 57 56 55 54 53 52 51 50 49 48 47 46 60 59 73 72 71 70 69 68 67 66 65 64 63 62 61 75 74 88 87 86 85 84 83 82 81 80 79 78 77 76 90 89 103 102 101 100 99 98 97 96 95 94 93 92 91 105 104 118 117 116 115 114 113 112 111 110 109 108 107 106 120 119 133 132 131 130 129 128 127 126 125 124 123 122 121 135 134
149 148 147 146 145 144 143 142 141 140 139 138 137 136 150 14 13 12 11 10 9 8 7 6 5 4 3 2 1 15 29 28 27 26 25 24 23 22 21 20 19 18 17 16 30 44 43 42 41 40 39 38 37 36 35 34 33 32 31 45 59 58 57 56 55 54 53 52 51 50 49 48 47 46 60 74 73 72 71 70 69 68 67 66 65 64 63 62 61 75 89 88 87 86 85 84 83 82 81 80 79 78 77 76 90 104 103 102 101 100 99 98 97 96 95 94 93 92 91 105 119 118 117 116 115 114 113 112 111 110 109 108 107 106 120 134 133 132 131 130 129 128 127 126 125 124 123 122 121 135
150 149 148 147 146 145 144 143 142 141 140 139 138 137 136 15 14 13 12 11 10 9 8 7 6 5 4 3 2 1 30 29 28 27 26 25 24 23 22 21 20 19 18 17 16 45 44 43 42 41 40 39 38 37 36 35 34 33 32 31 60 59 58 57 56 55 54 53 52 51 50 49 48 47 46 75 74 73 72 71 70 69 68 67 66 65 64 63 62 61 90 89 88 87 86 85 84 83 82 81 80 79 78 77 76 105 104 103 102 101 100 99 98 97 96 95 94 93 92 91 120 119 118 117 116 115 114 113 112 111 110 109 108 107 106 135 134 133 132 131 130 129 128 127 126 125 124 123 122 121
