1 46 2 47 3 48 4 49 5 50 6 51 7 52 8 53 9 54 10 55 11 56 12 57 13 58 14 59 15 60 16 61 17 62 18 63 19 64 20 65 21 66 22 67 23 68 24 69 25 70 26 71 27 72 28 73 29 74 30 75 31 76 32 77 33 78 34 79 35 80 36 81 37 82 38 83 39 84 40 85 41 86 42 87 43 88 44 89 45 90
46 1 47 2 48 3 49 4 50 5 51 6 52 7 53 8 54 9 55 10 56 11 57 12 58 13 59 14 60 15 61 16 62 17 63 18 64 19 65 20 66 21 67 22 68 23 69 24 70 25 71 26 72 27 73 28 74 29 75 30 76 31 77 32 78 33 79 34 80 35 81 36 82 37 83 38 84 39 85 40 86 41 87 42 88 43 89 44 90 45
45 90 1 46 2 47 3 48 4 49 5 50 6 51 7 52 8 53 9 54 10 55 11 56 12 57 13 58 14 59 15 60 16 61 17 62 18 63 19 64 20 65 21 66 22 67 23 68 24 69 25 70 26 71 27 72 28 73 29 74 30 75 31 76 32 77 33 78 34 79 35 80 36 81 37 82 38 83 39 84 40 85 41 86 42 87 43 88 44 89
90 45 46 1 47 2 48 3 49 4 50 5 51 6 52 7 53 8 54 9 55 10 56 11 57 12 58 13 59 14 60 15 61 16 62 17 63 18 64 19 65 20 66 21 67 22 68 23 69 24 70 25 71 26 72 27 73 28 74 29 75 30 76 31 77 32 78 33 79 34 80 35 81 36 82 37 83 38 84 39 85 40 86 41 87 42 88 43 89 44
44 89 45 90 1 46 2 47 3 48 4 49 5 50 6 51 7 52 8 53 9 54 10 55 11 56 12 57 13 58 14 59 15 60 16 61 17 62 18 63 19 64 20 65 21 66 22 67 23 68 24 69 25 70 26 71 27 72 28 73 29 74 30 75 31 76 32 77 33 78 34 79 35 80 36 81 37 82 38 83 39 84 40 85 41 86 42 87 43 88
89 44 90 45 46 1 47 2 48 3 49 4 50 5 51 6 52 7 53 8 54 9 55 10 56 11 57 12 58 13 59 14 60 15 61 16 62 17 63 18 64 19 65 20 66 21 67 22 68 23 69 24 70 25 71 26 72 27 73 28 74 29 75 30 76 31 77 32 78 33 79 34 80 35 81 36 82 37 83 38 84 39 85 40 86 41 87 42 88 43
43 88 44 89 45 90 1 46 2 47 3 48 4 49 5 50 6 51 7 52 8 53 9 54 10 55 11 56 12 57 13 58 14 59 15 60 16 61 17 62 18 63 19 64 20 65 21 66 22 67 23 68 24 69 25 70 26 71 27 72 28 73 29 74 30 75 31 76 32 77 33 78 34 79 35 80 36 81 37 82 38 83 39 84 40 85 41 86 42 87
88 43 89 44 90 45 46 1 47 2 48 3 49 4 50 5 51 6 52 7 53 8 54 9 55 10 56 11 57 12 58 13 59 14 60 15 61 16 62 17 63 18 64 19 65 20 66 21 67 22 68 23 69 24 70 25 71 26 72 27 73 28 74 29 75 30 76 31 77 32 78 33 79 34 80 35 81 36 82 37 83 38 84 39 85 40 86 41 87 42
42 87 43 88 44 89 45 90 1 46 2 47 3 48 4 49 5 50 6 51 7 52 8 53 9 54 10 55 11 56 12 57 13 58 14 59 15 60 16 61 17 62 18 63 19 64 20 65 21 66 22 67 23 68 24 69 25 70 26 71 27 72 28 73 29 74 30 75 31 76 32 77 33 78 34 79 35 80 36 81 37 82 38 83 39 84 40 85 41 86
87 42 88 43 89 44 90 45 46 1 47 2 48 3 49 4 50 5 51 6 52 7 53 8 54 9 55 10 56 11 57 12 58 13 59 14 60 15 61 16 62 17 63 18 64 19 65 20 66 21 67 22 68 23 69 24 70 25 71 26 72 27 73 28 74 29 75 30 76 31 77 32 78 33 79 34 80 35 81 36 82 37 83 38 84 39 85 40 86 41
41 86 42 87 43 88 44 89 45 90 1 46 2 47 3 48 4 49 5 50 6 51 7 52 8 53 9 54 10 55 11 56 12 57 13 58 14 59 15 60 16 61 17 62 18 63 19 64 20 65 21 66 22 67 23 68 24 69 25 70 26 71 27 72 28 73 29 74 30 75 31 76 32 77 33 78 34 79 35 80 36 81 37 82 38 83 39 84 40 85
86 41 87 42 88 43 89 44 90 45 46 1 47 2 48 3 49 4 50 5 51 6 52 7 53 8 54 9 55 10 56 11 57 12 58 13 59 14 60 15 61 16 62 17 63 18 64 19 65 20 66 21 67 22 68 23 69 24 70 25 71 26 72 27 73 28 74 29 75 30 76 31 77 32 78 33 79 34 80 35 81 36 82 37 83 38 84 39 85 40
40 85 41 86 42 87 43 88 44 89 45 90 1 46 2 47 3 48 4 49 5 50 6 51 7 52 8 53 9 54 10 55 11 56 12 57 13 58 14 59 15 60 16 61 17 62 18 63 19 64 20 65 21 66 22 67 23 68 24 69 25 70 26 71 27 72 28 73 29 74 30 75 31 76 32 77 33 78 34 79 35 80 36 81 37 82 38 83 39 84
85 40 86 41 87 42 88 43 89 44 90 45 46 1 47 2 48 3 49 4 50 5 51 6 52 7 53 8 54 9 55 10 56 11 57 12 58 13 59 14 60 15 61 16 62 17 63 18 64 19 65 20 66 21 67 22 68 23 69 24 70 25 71 26 72 27 73 28 74 29 75 30 76 31 77 32 78 33 79 34 80 35 81 36 82 37 83 38 84 39
39 84 40 85 41 86 42 87 43 88 44 89 45 90 1 46 2 47 3 48 4 49 5 50 6 51 7 52 8 53 9 54 10 55 11 56 12 57 13 58 14 59 15 60 16 61 17 62 18 63 19 64 20 65 21 66 22 67 23 68 24 69 25 70 26 71 27 72 28 73 29 74 30 75 31 76 32 77 33 78 34 79 35 80 36 81 37 82 38 83
84 39 85 40 86 41 87 42 88 43 89 44 90 45 46 1 47 2 48 3 49 4 50 5 51 6 52 7 53 8 54 9 55 10 56 11 57 12 58 13 59 14 60 15 61 16 62 17 63 18 64 19 65 20 66 21 67 22 68 23 69 24 70 25 71 26 72 27 73 28 74 29 75 30 76 31 77 32 78 33 79 34 80 35 81 36 82 37 83 38
38 83 39 84 40 85 41 86 42 87 43 88 44 89 45 90 1 46 2 47 3 48 4 49 5 50 6 51 7 52 8 53 9 54 10 55 11 56 12 57 13 58 14 59 15 60 16 61 17 62 18 63 19 64 20 65 21 66 22 67 23 68 24 69 25 70 26 71 27 72 28 73 29 74 30 75 31 76 32 77 33 78 34 79 35 80 36 81 37 82
83 38 84 39 85 40 86 41 87 42 88 43 89 44 90 45 46 1 47 2 48 3 49 4 50 5 51 6 52 7 53 8 54 9 55 10 56 11 57 12 58 13 59 14 60 15 61 16 62 17 63 18 64 19 65 20 66 21 67 22 68 23 69 24 70 25 71 26 72 27 73 28 74 29 75 30 76 31 77 32 78 33 79 34 80 35 81 36 82 37
37 82 38 83 39 84 40 85 41 86 42 87 43 88 44 89 45 90 1 46 2 47 3 48 4 49 5 50 6 51 7 52 8 53 9 54 10 55 11 56 12 57 13 58 14 59 15 60 16 61 17 62 18 63 19 64 20 65 21 66 22 67 23 68 24 69 25 70 26 71 27 72 28 73 29 74 30 75 31 76 32 77 33 78 34 79 35 80 36 81
82 37 83 38 84 39 85 40 86 41 87 42 88 43 89 44 90 45 46 1 47 2 48 3 49 4 50 5 51 6 52 7 53 8 54 9 55 10 56 11 57 12 58 13 59 14 60 15 61 16 62 17 63 18 64 19 65 20 66 21 67 22 68 23 69 24 70 25 71 26 72 27 73 28 74 29 75 30 76 31 77 32 78 33 79 34 80 35 81 36
36 81 37 82 38 83 39 84 40 85 41 86 42 87 43 88 44 89 45 90 1 46 2 47 3 48 4 49 5 50 6 51 7 52 8 53 9 54 10 55 11 56 12 57 13 58 14 59 15 60 16 61 17 62 18 63 19 64 20 65 21 66 22 67 23 68 24 69 25 70 26 71 27 72 28 73 29 74 30 75 31 76 32 77 33 78 34 79 35 80
81 36 82 37 83 38 84 39 85 40 86 41 87 42 88 43 89 44 90 45 46 1 47 2 48 3 49 4 50 5 51 6 52 7 53 8 54 9 55 10 56 11 57 12 58 13 59 14 60 15 61 16 62 17 63 18 64 19 65 20 66 21 67 22 68 23 69 24 70 25 71 26 72 27 73 28 74 29 75 30 76 31 77 32 78 33 79 34 80 35
35 80 36 81 37 82 38 83 39 84 40 85 41 86 42 87 43 88 44 89 45 90 1 46 2 47 3 48 4 49 5 50 6 51 7 52 8 53 9 54 10 55 11 56 12 57 13 58 14 59 15 60 16 61 17 62 18 63 19 64 20 65 21 66 22 67 23 68 24 69 25 70 26 71 27 72 28 73 29 74 30 75 31 76 32 77 33 78 34 79
80 35 81 36 82 37 83 38 84 39 85 40 86 41 87 42 88 43 89 44 90 45 46 1 47 2 48 3 49 4 50 5 51 6 52 7 53 8 54 9 55 10 56 11 57 12 58 13 59 14 60 15 61 16 62 17 63 18 64 19 65 20 66 21 67 22 68 23 69 24 70 25 71 26 72 27 73 28 74 29 75 30 76 31 77 32 78 33 79 34
34 79 35 80 36 81 37 82 38 83 39 84 40 85 41 86 42 87 43 88 44 89 45 90 1 46 2 47 3 48 4 49 5 50 6 51 7 52 8 53 9 54 10 55 11 56 12 57 13 58 14 59 15 60 16 61 17 62 18 63 19 64 20 65 21 66 22 67 23 68 24 69 25 70 26 71 27 72 28 73 29 74 30 75 31 76 32 77 33 78
79 34 80 35 81 36 82 37 83 38 84 39 85 40 86 41 87 42 88 43 89 44 90 45 46 1 47 2 48 3 49 4 50 5 51 6 52 7 53 8 54 9 55 10 56 11 57 12 58 13 59 14 60 15 61 16 62 17 63 18 64 19 65 20 66 21 67 22 68 23 69 24 70 25 71 26 72 27 73 28 74 29 75 30 76 31 77 32 78 33
33 78 34 79 35 80 36 81 37 82 38 83 39 84 40 85 41 86 42 87 43 88 44 89 45 90 1 46 2 47 3 48 4 49 5 50 6 51 7 52 8 53 9 54 10 55 11 56 12 57 13 58 14 59 15 60 16 61 17 62 18 63 19 64 20 65 21 66 22 67 23 68 24 69 25 70 26 71 27 72 28 73 29 74 30 75 31 76 32 77
78 33 79 34 80 35 81 36 82 37 83 38 84 39 85 40 86 41 87 42 88 43 89 44 90 45 46 1 47 2 48 3 49 4 50 5 51 6 52 7 53 8 54 9 55 10 56 11 57 12 58 13 59 14 60 15 61 16 62 17 63 18 64 19 65 20 66 21 67 22 68 23 69 24 70 25 71 26 72 27 73 28 74 29 75 30 76 31 77 32
32 77 33 78 34 79 35 80 36 81 37 82 38 83 39 84 40 85 41 86 42 87 43 88 44 89 45 90 1 46 2 47 3 48 4 49 5 50 6 51 7 52 8 53 9 54 10 55 11 56 12 57 13 58 14 59 15 60 16 61 17 62 18 63 19 64 20 65 21 66 22 67 23 68 24 69 25 70 26 71 27 72 28 73 29 74 30 75 31 76
77 32 78 33 79 34 80 35 81 36 82 37 83 38 84 39 85 40 86 41 87 42 88 43 89 44 90 45 46 1 47 2 48 3 49 4 50 5 51 6 52 7 53 8 54 9 55 10 56 11 57 12 58 13 59 14 60 15 61 16 62 17 63 18 64 19 65 20 66 21 67 22 68 23 69 24 70 25 71 26 72 27 73 28 74 29 75 30 76 31
31 76 32 77 33 78 34 79 35 80 36 81 37 82 38 83 39 84 40 85 41 86 42 87 43 88 44 89 45 90 1 46 2 47 3 48 4 49 5 50 6 51 7 52 8 53 9 54 10 55 11 56 12 57 13 58 14 59 15 60 16 61 17 62 18 63 19 64 20 65 21 66 22 67 23 68 24 69 25 70 26 71 27 72 28 73 29 74 30 75
76 31 77 32 78 33 79 34 80 35 81 36 82 37 83 38 84 39 85 40 86 41 87 42 88 43 89 44 90 45 46 1 47 2 48 3 49 4 50 5 51 6 52 7 53 8 54 9 55 10 56 11 57 12 58 13 59 14 60 15 61 16 62 17 63 18 64 19 65 20 66 21 67 22 68 23 69 24 70 25 71 26 72 27 73 28 74 29 75 30
30 75 31 76 32 77 33 78 34 79 35 80 36 81 37 82 38 83 39 84 40 85 41 86 42 87 43 88 44 89 45 90 1 46 2 47 3 48 4 49 5 50 6 51 7 52 8 53 9 54 10 55 11 56 12 57 13 58 14 59 15 60 16 61 17 62 18 63 19 64 20 65 21 66 22 67 23 68 24 69 25 70 26 71 27 72 28 73 29 74
75 30 76 31 77 32 78 33 79 34 80 35 81 36 82 37 83 38 84 39 85 40 86 41 87 42 88 43 89 44 90 45 46 1 47 2 48 3 49 4 50 5 51 6 52 7 53 8 54 9 55 10 56 11 57 12 58 13 59 14 60 15 61 16 62 17 63 18 64 19 65 20 66 21 67 22 68 23 69 24 70 25 71 26 72 27 73 28 74 29
29 74 30 75 31 76 32 77 33 78 34 79 35 80 36 81 37 82 38 83 39 84 40 85 41 86 42 87 43 88 44 89 45 90 1 46 2 47 3 48 4 49 5 50 6 51 7 52 8 53 9 54 10 55 11 56 12 57 13 58 14 59 15 60 16 61 17 62 18 63 19 64 20 65 21 66 22 67 23 68 24 69 25 70 26 71 27 72 28 73
74 29 75 30 76 31 77 32 78 33 79 34 80 35 81 36 82 37 83 38 84 39 85 40 86 41 87 42 88 43 89 44 90 45 46 1 47 2 48 3 49 4 50 5 51 6 52 7 53 8 54 9 55 10 56 11 57 12 58 13 59 14 60 15 61 16 62 17 63 18 64 19 65 20 66 21 67 22 68 23 69 24 70 25 71 26 72 27 73 28
28 73 29 74 30 75 31 76 32 77 33 78 34 79 35 80 36 81 37 82 38 83 39 84 40 85 41 86 42 87 43 88 44 89 45 90 1 46 2 47 3 48 4 49 5 50 6 51 7 52 8 53 9 54 10 55 11 56 12 57 13 58 14 59 15 60 16 61 17 62 18 63 19 64 20 65 21 66 22 67 23 68 24 69 25 70 26 71 27 72
73 28 74 29 75 30 76 31 77 32 78 33 79 34 80 35 81 36 82 37 83 38 84 39 85 40 86 41 87 42 88 43 89 44 90 45 46 1 47 2 48 3 49 4 50 5 51 6 52 7 53 8 54 9 55 10 56 11 57 12 58 13 59 14 60 15 61 16 62 17 63 18 64 19 65 20 66 21 67 22 68 23 69 24 70 25 71 26 72 27
27 72 28 73 29 74 30 75 31 76 32 77 33 78 34 79 35 80 36 81 37 82 38 83 39 84 40 85 41 86 42 87 43 88 44 89 45 90 1 46 2 47 3 48 4 49 5 50 6 51 7 52 8 53 9 54 10 55 11 56 12 57 13 58 14 59 15 60 16 61 17 62 18 63 19 64 20 65 21 66 22 67 23 68 24 69 25 70 26 71
72 27 73 28 74 29 75 30 76 31 77 32 78 33 79 34 80 35 81 36 82 37 83 38 84 39 85 40 86 41 87 42 88 43 89 44 90 45 46 1 47 2 48 3 49 4 50 5 51 6 52 7 53 8 54 9 55 10 56 11 57 12 58 13 59 14 60 15 61 16 62 17 63 18 64 19 65 20 66 21 67 22 68 23 69 24 70 25 71 26
26 71 27 72 28 73 29 74 30 75 31 76 32 77 33 78 34 79 35 80 36 81 37 82 38 83 39 84 40 85 41 86 42 87 43 88 44 89 45 90 1 46 2 47 3 48 4 49 5 50 6 51 7 52 8 53 9 54 10 55 11 56 12 57 13 58 14 59 15 60 16 61 17 62 18 63 19 64 20 65 21 66 22 67 23 68 24 69 25 70
71 26 72 27 73 28 74 29 75 30 76 31 77 32 78 33 79 34 80 35 81 36 82 37 83 38 84 39 85 40 86 41 87 42 88 43 89 44 90 45 46 1 47 2 48 3 49 4 50 5 51 6 52 7 53 8 54 9 55 10 56 11 57 12 58 13 59 14 60 15 61 16 62 17 63 18 64 19 65 20 66 21 67 22 68 23 69 24 70 25
25 70 26 71 27 72 28 73 29 74 30 75 31 76 32 77 33 78 34 79 35 80 36 81 37 82 38 83 39 84 40 85 41 86 42 87 43 88 44 89 45 90 1 46 2 47 3 48 4 49 5 50 6 51 7 52 8 53 9 54 10 55 11 56 12 57 13 58 14 59 15 60 16 61 17 62 18 63 19 64 20 65 21 66 22 67 23 68 24 69
70 25 71 26 72 27 73 28 74 29 75 30 76 31 77 32 78 33 79 34 80 35 81 36 82 37 83 38 84 39 85 40 86 41 87 42 88 43 89 44 90 45 46 1 47 2 48 3 49 4 50 5 51 6 52 7 53 8 54 9 55 10 56 11 57 12 58 13 59 14 60 15 61 16 62 17 63 18 64 19 65 20 66 21 67 22 68 23 69 24
24 69 25 70 26 71 27 72 28 73 29 74 30 75 31 76 32 77 33 78 34 79 35 80 36 81 37 82 38 83 39 84 40 85 41 86 42 87 43 88 44 89 45 90 1 46 2 47 3 48 4 49 5 50 6 51 7 52 8 53 9 54 10 55 11 56 12 57 13 58 14 59 15 60 16 61 17 62 18 63 19 64 20 65 21 66 22 67 23 68
69 24 70 25 71 26 72 27 73 28 74 29 75 30 76 31 77 32 78 33 79 34 80 35 81 36 82 37 83 38 84 39 85 40 86 41 87 42 88 43 89 44 90 45 46 1 47 2 48 3 49 4 50 5 51 6 52 7 53 8 54 9 55 10 56 11 57 12 58 13 59 14 60 15 61 16 62 17 63 18 64 19 65 20 66 21 67 22 68 23
23 68 24 69 25 70 26 71 27 72 28 73 29 74 30 75 31 76 32 77 33 78 34 79 35 80 36 81 37 82 38 83 39 84 40 85 41 86 42 87 43 88 44 89 45 90 1 46 2 47 3 48 4 49 5 50 6 51 7 52 8 53 9 54 10 55 11 56 12 57 13 58 14 59 15 60 16 61 17 62 18 63 19 64 20 65 21 66 22 67
68 23 69 24 70 25 71 26 72 27 73 28 74 29 75 30 76 31 77 32 78 33 79 34 80 35 81 36 82 37 83 38 84 39 85 40 86 41 87 42 88 43 89 44 90 45 46 1 47 2 48 3 49 4 50 5 51 6 52 7 53 8 54 9 55 10 56 11 57 12 58 13 59 14 60 15 61 16 62 17 63 18 64 19 65 20 66 21 67 22
22 67 23 68 24 69 25 70 26 71 27 72 28 73 29 74 30 75 31 76 32 77 33 78 34 79 35 80 36 81 37 82 38 83 39 84 40 85 41 86 42 87 43 88 44 89 45 90 1 46 2 47 3 48 4 49 5 50 6 51 7 52 8 53 9 54 10 55 11 56 12 57 13 58 14 59 15 60 16 61 17 62 18 63 19 64 20 65 21 66
67 22 68 23 69 24 70 25 71 26 72 27 73 28 74 29 75 30 76 31 77 32 78 33 79 34 80 35 81 36 82 37 83 38 84 39 85 40 86 41 87 42 88 43 89 44 90 45 46 1 47 2 48 3 49 4 50 5 51 6 52 7 53 8 54 9 55 10 56 11 57 12 58 13 59 14 60 15 61 16 62 17 63 18 64 19 65 20 66 21
21 66 22 67 23 68 24 69 25 70 26 71 27 72 28 73 29 74 30 75 31 76 32 77 33 78 34 79 35 80 36 81 37 82 38 83 39 84 40 85 41 86 42 87 43 88 44 89 45 90 1 46 2 47 3 48 4 49 5 50 6 51 7 52 8 53 9 54 10 55 11 56 12 57 13 58 14 59 15 60 16 61 17 62 18 63 19 64 20 65
66 21 67 22 68 23 69 24 70 25 71 26 72 27 73 28 74 29 75 30 76 31 77 32 78 33 79 34 80 35 81 36 82 37 83 38 84 39 85 40 86 41 87 42 88 43 89 44 90 45 46 1 47 2 48 3 49 4 50 5 51 6 52 7 53 8 54 9 55 10 56 11 57 12 58 13 59 14 60 15 61 16 62 17 63 18 64 19 65 20
20 65 21 66 22 67 23 68 24 69 25 70 26 71 27 72 28 73 29 74 30 75 31 76 32 77 33 78 34 79 35 80 36 81 37 82 38 83 39 84 40 85 41 86 42 87 43 88 44 89 45 90 1 46 2 47 3 48 4 49 5 50 6 51 7 52 8 53 9 54 10 55 11 56 12 57 13 58 14 59 15 60 16 61 17 62 18 63 19 64
65 20 66 21 67 22 68 23 69 24 70 25 71 26 72 27 73 28 74 29 75 30 76 31 77 32 78 33 79 34 80 35 81 36 82 37 83 38 84 39 85 40 86 41 87 42 88 43 89 44 90 45 46 1 47 2 48 3 49 4 50 5 51 6 52 7 53 8 54 9 55 10 56 11 57 12 58 13 59 14 60 15 61 16 62 17 63 18 64 19
19 64 20 65 21 66 22 67 23 68 24 69 25 70 26 71 27 72 28 73 29 74 30 75 31 76 32 77 33 78 34 79 35 80 36 81 37 82 38 83 39 84 40 85 41 86 42 87 43 88 44 89 45 90 1 46 2 47 3 48 4 49 5 50 6 51 7 52 8 53 9 54 10 55 11 56 12 57 13 58 14 59 15 60 16 61 17 62 18 63
64 19 65 20 66 21 67 22 68 23 69 24 70 25 71 26 72 27 73 28 74 29 75 30 76 31 77 32 78 33 79 34 80 35 81 36 82 37 83 38 84 39 85 40 86 41 87 42 88 43 89 44 90 45 46 1 47 2 48 3 49 4 50 5 51 6 52 7 53 8 54 9 55 10 56 11 57 12 58 13 59 14 60 15 61 16 62 17 63 18
18 63 19 64 20 65 21 66 22 67 23 68 24 69 25 70 26 71 27 72 28 73 29 74 30 75 31 76 32 77 33 78 34 79 35 80 36 81 37 82 38 83 39 84 40 85 41 86 42 87 43 88 44 89 45 90 1 46 2 47 3 48 4 49 5 50 6 51 7 52 8 53 9 54 10 55 11 56 12 57 13 58 14 59 15 60 16 61 17 62
63 18 64 19 65 20 66 21 67 22 68 23 69 24 70 25 71 26 72 27 73 28 74 29 75 30 76 31 77 32 78 33 79 34 80 35 81 36 82 37 83 38 84 39 85 40 86 41 87 42 88 43 89 44 90 45 46 1 47 2 48 3 49 4 50 5 51 6 52 7 53 8 54 9 55 10 56 11 57 12 58 13 59 14 60 15 61 16 62 17
17 62 18 63 19 64 20 65 21 66 22 67 23 68 24 69 25 70 26 71 27 72 28 73 29 74 30 75 31 76 32 77 33 78 34 79 35 80 36 81 37 82 38 83 39 84 40 85 41 86 42 87 43 88 44 89 45 90 1 46 2 47 3 48 4 49 5 50 6 51 7 52 8 53 9 54 10 55 11 56 12 57 13 58 14 59 15 60 16 61
62 17 63 18 64 19 65 20 66 21 67 22 68 23 69 24 70 25 71 26 72 27 73 28 74 29 75 30 76 31 77 32 78 33 79 34 80 35 81 36 82 37 83 38 84 39 85 40 86 41 87 42 88 43 89 44 90 45 46 1 47 2 48 3 49 4 50 5 51 6 52 7 53 8 54 9 55 10 56 11 57 12 58 13 59 14 60 15 61 16
16 61 17 62 18 63 19 64 20 65 21 66 22 67 23 68 24 69 25 70 26 71 27 72 28 73 29 74 30 75 31 76 32 77 33 78 34 79 35 80 36 81 37 82 38 83 39 84 40 85 41 86 42 87 43 88 44 89 45 90 1 46 2 47 3 48 4 49 5 50 6 51 7 52 8 53 9 54 10 55 11 56 12 57 13 58 14 59 15 60
61 16 62 17 63 18 64 19 65 20 66 21 67 22 68 23 69 24 70 25 71 26 72 27 73 28 74 29 75 30 76 31 77 32 78 33 79 34 80 35 81 36 82 37 83 38 84 39 85 40 86 41 87 42 88 43 89 44 90 45 46 1 47 2 48 3 49 4 50 5 51 6 52 7 53 8 54 9 55 10 56 11 57 12 58 13 59 14 60 15
15 60 16 61 17 62 18 63 19 64 20 65 21 66 22 67 23 68 24 69 25 70 26 71 27 72 28 73 29 74 30 75 31 76 32 77 33 78 34 79 35 80 36 81 37 82 38 83 39 84 40 85 41 86 42 87 43 88 44 89 45 90 1 46 2 47 3 48 4 49 5 50 6 51 7 52 8 53 9 54 10 55 11 56 12 57 13 58 14 59
60 15 61 16 62 17 63 18 64 19 65 20 66 21 67 22 68 23 69 24 70 25 71 26 72 27 73 28 74 29 75 30 76 31 77 32 78 33 79 34 80 35 81 36 82 37 83 38 84 39 85 40 86 41 87 42 88 43 89 44 90 45 46 1 47 2 48 3 49 4 50 5 51 6 52 7 53 8 54 9 55 10 56 11 57 12 58 13 59 14
14 59 15 60 16 61 17 62 18 63 19 64 20 65 21 66 22 67 23 68 24 69 25 70 26 71 27 72 28 73 29 74 30 75 31 76 32 77 33 78 34 79 35 80 36 81 37 82 38 83 39 84 40 85 41 86 42 87 43 88 44 89 45 90 1 46 2 47 3 48 4 49 5 50 6 51 7 52 8 53 9 54 10 55 11 56 12 57 13 58
59 14 60 15 61 16 62 17 63 18 64 19 65 20 66 21 67 22 68 23 69 24 70 25 71 26 72 27 73 28 74 29 75 30 76 31 77 32 78 33 79 34 80 35 81 36 82 37 83 38 84 39 85 40 86 41 87 42 88 43 89 44 90 45 46 1 47 2 48 3 49 4 50 5 51 6 52 7 53 8 54 9 55 10 56 11 57 12 58 13
13 58 14 59 15 60 16 61 17 62 18 63 19 64 20 65 21 66 22 67 23 68 24 69 25 70 26 71 27 72 28 73 29 74 30 75 31 76 32 77 33 78 34 79 35 80 36 81 37 82 38 83 39 84 40 85 41 86 42 87 43 88 44 89 45 90 1 46 2 47 3 48 4 49 5 50 6 51 7 52 8 53 9 54 10 55 11 56 12 57
58 13 59 14 60 15 61 16 62 17 63 18 64 19 65 20 66 21 67 22 68 23 69 24 70 25 71 26 72 27 73 28 74 29 75 30 76 31 77 32 78 33 79 34 80 35 81 36 82 37 83 38 84 39 85 40 86 41 87 42 88 43 89 44 90 45 46 1 47 2 48 3 49 4 50 5 51 6 52 7 53 8 54 9 55 10 56 11 57 12
12 57 13 58 14 59 15 60 16 61 17 62 18 63 19 64 20 65 21 66 22 67 23 68 24 69 25 70 26 71 27 72 28 73 29 74 30 75 31 76 32 77 33 78 34 79 35 80 36 81 37 82 38 83 39 84 40 85 41 86 42 87 43 88 44 89 45 90 1 46 2 47 3 48 4 49 5 50 6 51 7 52 8 53 9 54 10 55 11 56
57 12 58 13 59 14 60 15 61 16 62 17 63 18 64 19 65 20 66 21 67 22 68 23 69 24 70 25 71 26 72 27 73 28 74 29 75 30 76 31 77 32 78 33 79 34 80 35 81 36 82 37 83 38 84 39 85 40 86 41 87 42 88 43 89 44 90 45 46 1 47 2 48 3 49 4 50 5 51 6 52 7 53 8 54 9 55 10 56 11
11 56 12 57 13 58 14 59 15 60 16 61 17 62 18 63 19 64 20 65 21 66 22 67 23 68 24 69 25 70 26 71 27 72 28 73 29 74 30 75 31 76 32 77 33 78 34 79 35 80 36 81 37 82 38 83 39 84 40 85 41 86 42 87 43 88 44 89 45 90 1 46 2 47 3 48 4 49 5 50 6 51 7 52 8 53 9 54 10 55
56 11 57 12 58 13 59 14 60 15 61 16 62 17 63 18 64 19 65 20 66 21 67 22 68 23 69 24 70 25 71 26 72 27 73 28 74 29 75 30 76 31 77 32 78 33 79 34 80 35 81 36 82 37 83 38 84 39 85 40 86 41 87 42 88 43 89 44 90 45 46 1 47 2 48 3 49 4 50 5 51 6 52 7 53 8 54 9 55 10
10 55 11 56 12 57 13 58 14 59 15 60 16 61 17 62 18 63 19 64 20 65 21 66 22 67 23 68 24 69 25 70 26 71 27 72 28 73 29 74 30 75 31 76 32 77 33 78 34 79 35 80 36 81 37 82 38 83 39 84 40 85 41 86 42 87 43 88 44 89 45 90 1 46 2 47 3 48 4 49 5 50 6 51 7 52 8 53 9 54
55 10 56 11 57 12 58 13 59 14 60 15 61 16 62 17 63 18 64 19 65 20 66 21 67 22 68 23 69 24 70 25 71 26 72 27 73 28 74 29 75 30 76 31 77 32 78 33 79 34 80 35 81 36 82 37 83 38 84 39 85 40 86 41 87 42 88 43 89 44 90 45 46 1 47 2 48 3 49 4 50 5 51 6 52 7 53 8 54 9
9 54 10 55 11 56 12 57 13 58 14 59 15 60 16 61 17 62 18 63 19 64 20 65 21 66 22 67 23 68 24 69 25 70 26 71 27 72 28 73 29 74 30 75 31 76 32 77 33 78 34 79 35 80 36 81 37 82 38 83 39 84 40 85 41 86 42 87 43 88 44 89 45 90 1 46 2 47 3 48 4 49 5 50 6 51 7 52 8 53
54 9 55 10 56 11 57 12 58 13 59 14 60 15 61 16 62 17 63 18 64 19 65 20 66 21 67 22 68 23 69 24 70 25 71 26 72 27 73 28 74 29 75 30 76 31 77 32 78 33 79 34 80 35 81 36 82 37 83 38 84 39 85 40 86 41 87 42 88 43 89 44 90 45 46 1 47 2 48 3 49 4 50 5 51 6 52 7 53 8
8 53 9 54 10 55 11 56 12 57 13 58 14 59 15 60 16 61 17 62 18 63 19 64 20 65 21 66 22 67 23 68 24 69 25 70 26 71 27 72 28 73 29 74 30 75 31 76 32 77 33 78 34 79 35 80 36 81 37 82 38 83 39 84 40 85 41 86 42 87 43 88 44 89 45 90 1 46 2 47 3 48 4 49 5 50 6 51 7 52
53 8 54 9 55 10 56 11 57 12 58 13 59 14 60 15 61 16 62 17 63 18 64 19 65 20 66 21 67 22 68 23 69 24 70 25 71 26 72 27 73 28 74 29 75 30 76 31 77 32 78 33 79 34 80 35 81 36 82 37 83 38 84 39 85 40 86 41 87 42 88 43 89 44 90 45 46 1 47 2 48 3 49 4 50 5 51 6 52 7
7 52 8 53 9 54 10 55 11 56 12 57 13 58 14 59 15 60 16 61 17 62 18 63 19 64 20 65 21 66 22 67 23 68 24 69 25 70 26 71 27 72 28 73 29 74 30 75 31 76 32 77 33 78 34 79 35 80 36 81 37 82 38 83 39 84 40 85 41 86 42 87 43 88 44 89 45 90 1 46 2 47 3 48 4 49 5 50 6 51
52 7 53 8 54 9 55 10 56 11 57 12 58 13 59 14 60 15 61 16 62 17 63 18 64 19 65 20 66 21 67 22 68 23 69 24 70 25 71 26 72 27 73 28 74 29 75 30 76 31 77 32 78 33 79 34 80 35 81 36 82 37 83 38 84 39 85 40 86 41 87 42 88 43 89 44 90 45 46 1 47 2 48 3 49 4 50 5 51 6
6 51 7 52 8 53 9 54 10 55 11 56 12 57 13 58 14 59 15 60 16 61 17 62 18 63 19 64 20 65 21 66 22 67 23 68 24 69 25 70 26 71 27 72 28 73 29 74 30 75 31 76 32 77 33 78 34 79 35 80 36 81 37 82 38 83 39 84 40 85 41 86 42 87 43 88 44 89 45 90 1 46 2 47 3 48 4 49 5 50
51 6 52 7 53 8 54 9 55 10 56 11 57 12 58 13 59 14 60 15 61 16 62 17 63 18 64 19 65 20 66 21 67 22 68 23 69 24 70 25 71 26 72 27 73 28 74 29 75 30 76 31 77 32 78 33 79 34 80 35 81 36 82 37 83 38 84 39 85 40 86 41 87 42 88 43 89 44 90 45 46 1 47 2 48 3 49 4 50 5
5 50 6 51 7 52 8 53 9 54 10 55 11 56 12 57 13 58 14 59 15 60 16 61 17 62 18 63 19 64 20 65 21 66 22 67 23 68 24 69 25 70 26 71 27 72 28 73 29 74 30 75 31 76 32 77 33 78 34 79 35 80 36 81 37 82 38 83 39 84 40 85 41 86 42 87 43 88 44 89 45 90 1 46 2 47 3 48 4 49
50 5 51 6 52 7 53 8 54 9 55 10 56 11 57 12 58 13 59 14 60 15 61 16 62 17 63 18 64 19 65 20 66 21 67 22 68 23 69 24 70 25 71 26 72 27 73 28 74 29 75 30 76 31 77 32 78 33 79 34 80 35 81 36 82 37 83 38 84 39 85 40 86 41 87 42 88 43 89 44 90 45 46 1 47 2 48 3 49 4
4 49 5 50 6 51 7 52 8 53 9 54 10 55 11 56 12 57 13 58 14 59 15 60 16 61 17 62 18 63 19 64 20 65 21 66 22 67 23 68 24 69 25 70 26 71 27 72 28 73 29 74 30 75 31 76 32 77 33 78 34 79 35 80 36 81 37 82 38 83 39 84 40 85 41 86 42 87 43 88 44 89 45 90 1 46 2 47 3 48
49 4 50 5 51 6 52 7 53 8 54 9 55 10 56 11 57 12 58 13 59 14 60 15 61 16 62 17 63 18 64 19 65 20 66 21 67 22 68 23 69 24 70 25 71 26 72 27 73 28 74 29 75 30 76 31 77 32 78 33 79 34 80 35 81 36 82 37 83 38 84 39 85 40 86 41 87 42 88 43 89 44 90 45 46 1 47 2 48 3
3 48 4 49 5 50 6 51 7 52 8 53 9 54 10 55 11 56 12 57 13 58 14 59 15 60 16 61 17 62 18 63 19 64 20 65 21 66 22 67 23 68 24 69 25 70 26 71 27 72 28 73 29 74 30 75 31 76 32 77 33 78 34 79 35 80 36 81 37 82 38 83 39 84 40 85 41 86 42 87 43 88 44 89 45 90 1 46 2 47
48 3 49 4 50 5 51 6 52 7 53 8 54 9 55 10 56 11 57 12 58 13 59 14 60 15 61 16 62 17 63 18 64 19 65 20 66 21 67 22 68 23 69 24 70 25 71 26 72 27 73 28 74 29 75 30 76 31 77 32 78 33 79 34 80 35 81 36 82 37 83 38 84 39 85 40 86 41 87 42 88 43 89 44 90 45 46 1 47 2
2 47 3 48 4 49 5 50 6 51 7 52 8 53 9 54 10 55 11 56 12 57 13 58 14 59 15 60 16 61 17 62 18 63 19 64 20 65 21 66 22 67 23 68 24 69 25 70 26 71 27 72 28 73 29 74 30 75 31 76 32 77 33 78 34 79 35 80 36 81 37 82 38 83 39 84 40 85 41 86 42 87 43 88 44 89 45 90 1 46
47 2 48 3 49 4 50 5 51 6 52 7 53 8 54 9 55 10 56 11 57 12 58 13 59 14 60 15 61 16 62 17 63 18 64 19 65 20 66 21 67 22 68 23 69 24 70 25 71 26 72 27 73 28 74 29 75 30 76 31 77 32 78 33 79 34 80 35 81 36 82 37 83 38 84 39 85 40 86 41 87 42 88 43 89 44 90 45 46 1
