1 11 21 31 41 51 61 71 81 2 12 22 32 42 52 62 72 82 3 13 23 33 43 53 63 73 83 4 14 24 34 44 54 64 74 84 5 15 25 35 45 55 65 75 85 6 16 26 36 46 56 66 76 86 7 17 27 37 47 57 67 77 87 8 18 28 38 48 58 68 78 88 9 19 29 39 49 59 69 79 89 10 20 30 40 50 60 70 80 90
11 21 31 41 51 61 71 81 1 12 22 32 42 52 62 72 82 2 13 23 33 43 53 63 73 83 3 14 24 34 44 54 64 74 84 4 15 25 35 45 55 65 75 85 5 16 26 36 46 56 66 76 86 6 17 27 37 47 57 67 77 87 7 18 28 38 48 58 68 78 88 8 19 29 39 49 59 69 79 89 9 20 30 40 50 60 70 80 90 10
21 31 41 51 61 71 81 1 11 22 32 42 52 62 72 82 2 12 23 33 43 53 63 73 83 3 13 24 34 44 54 64 74 84 4 14 25 35 45 55 65 75 85 5 15 26 36 46 56 66 76 86 6 16 27 37 47 57 67 77 87 7 17 28 38 48 58 68 78 88 8 18 29 39 49 59 69 79 89 9 19 30 40 50 60 70 80 90 10 20
31 41 51 61 71 81 1 11 21 32 42 52 62 72 82 2 12 22 33 43 53 63 73 83 3 13 23 34 44 54 64 74 84 4 14 24 35 45 55 65 75 85 5 15 25 36 46 56 66 76 86 6 16 26 37 47 57 67 77 87 7 17 27 38 48 58 68 78 88 8 18 28 39 49 59 69 79 89 9 19 29 40 50 60 70 80 90 10 20 30
41 51 61 71 81 1 11 21 31 42 52 62 72 82 2 12 22 32 43 53 63 73 83 3 13 23 33 44 54 64 74 84 4 14 24 34 45 55 65 75 85 5 15 25 35 46 56 66 76 86 6 16 26 36 47 57 67 77 87 7 17 27 37 48 58 68 78 88 8 18 28 38 49 59 69 79 89 9 19 29 39 50 60 70 80 90 10 20 30 40
51 61 71 81 1 11 21 31 41 52 62 72 82 2 12 22 32 42 53 63 73 83 3 13 23 33 43 54 64 74 84 4 14 24 34 44 55 65 75 85 5 15 25 35 45 56 66 76 86 6 16 26 36 46 57 67 77 87 7 17 27 37 47 58 68 78 88 8 18 28 38 48 59 69 79 89 9 19 29 39 49 60 70 80 90 10 20 30 40 50
61 71 81 1 11 21 31 41 51 62 72 82 2 12 22 32 42 52 63 73 83 3 13 23 33 43 53 64 74 84 4 14 24 34 44 54 65 75 85 5 15 25 35 45 55 66 76 86 6 16 26 36 46 56 67 77 87 7 17 27 37 47 57 68 78 88 8 18 28 38 48 58 69 79 89 9 19 29 39 49 59 70 80 90 10 20 30 40 50 60
71 81 1 11 21 31 41 51 61 72 82 2 12 22 32 42 52 62 73 83 3 13 23 33 43 53 63 74 84 4 14 24 34 44 54 64 75 85 5 15 25 35 45 55 65 76 86 6 16 26 36 46 56 66 77 87 7 17 27 37 47 57 67 78 88 8 18 28 38 48 58 68 79 89 9 19 29 39 49 59 69 80 90 10 20 30 40 50 60 70
81 1 11 21 31 41 51 61 71 82 2 12 22 32 42 52 62 72 83 3 13 23 33 43 53 63 73 84 4 14 24 34 44 54 64 74 85 5 15 25 35 45 55 65 75 86 6 16 26 36 46 56 66 76 87 7 17 27 37 47 57 67 77 88 8 18 28 38 48 58 68 78 89 9 19 29 39 49 59 69 79 90 10 20 30 40 50 60 70 80
10 20 30 40 50 60 70 80 90 1 11 21 31 41 51 61 71 81 2 12 22 32 42 52 62 72 82 3 13 23 33 43 53 63 73 83 4 14 24 34 44 54 64 74 84 5 15 25 35 45 55 65 75 85 6 16 26 36 46 56 66 76 86 7 17 27 37 47 57 67 77 87 8 18 28 38 48 58 68 78 88 9 19 29 39 49 59 69 79 89
20 30 40 50 60 70 80 90 10 11 21 31 41 51 61 71 81 1 12 22 32 42 52 62 72 82 2 13 23 33 43 53 63 73 83 3 14 24 34 44 54 64 74 84 4 15 25 35 45 55 65 75 85 5 16 26 36 46 56 66 76 86 6 17 27 37 47 57 67 77 87 7 18 28 38 48 58 68 78 88 8 19 29 39 49 59 69 79 89 9
30 40 50 60 70 80 90 10 20 21 31 41 51 61 71 81 1 11 22 32 42 52 62 72 82 2 12 23 33 43 53 63 73 83 3 13 24 34 44 54 64 74 84 4 14 25 35 45 55 65 75 85 5 15 26 36 46 56 66 76 86 6 16 27 37 47 57 67 77 87 7 17 28 38 48 58 68 78 88 8 18 29 39 49 59 69 79 89 9 19
40 50 60 70 80 90 10 20 30 31 41 51 61 71 81 1 11 21 32 42 52 62 72 82 2 12 22 33 43 53 63 73 83 3 13 23 34 44 54 64 74 84 4 14 24 35 45 55 65 75 85 5 15 25 36 46 56 66 76 86 6 16 26 37 47 57 67 77 87 7 17 27 38 48 58 68 78 88 8 18 28 39 49 59 69 79 89 9 19 29
50 60 70 80 90 10 20 30 40 41 51 61 71 81 1 11 21 31 42 52 62 72 82 2 12 22 32 43 53 63 73 83 3 13 23 33 44 54 64 74 84 4 14 24 34 45 55 65 75 85 5 15 25 35 46 56 66 76 86 6 16 26 36 47 57 67 77 87 7 17 27 37 48 58 68 78 88 8 18 28 38 49 59 69 79 89 9 19 29 39
60 70 80 90 10 20 30 40 50 51 61 71 81 1 11 21 31 41 52 62 72 82 2 12 22 32 42 53 63 73 83 3 13 23 33 43 54 64 74 84 4 14 24 34 44 55 65 75 85 5 15 25 35 45 56 66 76 86 6 16 26 36 46 57 67 77 87 7 17 27 37 47 58 68 78 88 8 18 28 38 48 59 69 79 89 9 19 29 39 49
70 80 90 10 20 30 40 50 60 61 71 81 1 11 21 31 41 51 62 72 82 2 12 22 32 42 52 63 73 83 3 13 23 33 43 53 64 74 84 4 14 24 34 44 54 65 75 85 5 15 25 35 45 55 66 76 86 6 16 26 36 46 56 67 77 87 7 17 27 37 47 57 68 78 88 8 18 28 38 48 58 69 79 89 9 19 29 39 49 59
80 90 10 20 30 40 50 60 70 71 81 1 11 21 31 41 51 61 72 82 2 12 22 32 42 52 62 73 83 3 13 23 33 43 53 63 74 84 4 14 24 34 44 54 64 75 85 5 15 25 35 45 55 65 76 86 6 16 26 36 46 56 66 77 87 7 17 27 37 47 57 67 78 88 8 18 28 38 48 58 68 79 89 9 19 29 39 49 59 69
90 10 20 30 40 50 60 70 80 81 1 11 21 31 41 51 61 71 82 2 12 22 32 42 52 62 72 83 3 13 23 33 43 53 63 73 84 4 14 24 34 44 54 64 74 85 5 15 25 35 45 55 65 75 86 6 16 26 36 46 56 66 76 87 7 17 27 37 47 57 67 77 88 8 18 28 38 48 58 68 78 89 9 19 29 39 49 59 69 79
9 19 29 39 49 59 69 79 89 10 20 30 40 50 60 70 80 90 1 11 21 31 41 51 61 71 81 2 12 22 32 42 52 62 72 82 3 13 23 33 43 53 63 73 83 4 14 24 34 44 54 64 74 84 5 15 25 35 45 55 65 75 85 6 16 26 36 46 56 66 76 86 7 17 27 37 47 57 67 77 87 8 18 28 38 48 58 68 78 88
19 29 39 49 59 69 79 89 9 20 30 40 50 60 70 80 90 10 11 21 31 41 51 61 71 81 1 12 22 32 42 52 62 72 82 2 13 23 33 43 53 63 73 83 3 14 24 34 44 54 64 74 84 4 15 25 35 45 55 65 75 85 5 16 26 36 46 56 66 76 86 6 17 27 37 47 57 67 77 87 7 18 28 38 48 58 68 78 88 8
29 39 49 59 69 79 89 9 19 30 40 50 60 70 80 90 10 20 21 31 41 51 61 71 81 1 11 22 32 42 52 62 72 82 2 12 23 33 43 53 63 73 83 3 13 24 34 44 54 64 74 84 4 14 25 35 45 55 65 75 85 5 15 26 36 46 56 66 76 86 6 16 27 37 47 57 67 77 87 7 17 28 38 48 58 68 78 88 8 18
39 49 59 69 79 89 9 19 29 40 50 60 70 80 90 10 20 30 31 41 51 61 71 81 1 11 21 32 42 52 62 72 82 2 12 22 33 43 53 63 73 83 3 13 23 34 44 54 64 74 84 4 14 24 35 45 55 65 75 85 5 15 25 36 46 56 66 76 86 6 16 26 37 47 57 67 77 87 7 17 27 38 48 58 68 78 88 8 18 28
49 59 69 79 89 9 19 29 39 50 60 70 80 90 10 20 30 40 41 51 61 71 81 1 11 21 31 42 52 62 72 82 2 12 22 32 43 53 63 73 83 3 13 23 33 44 54 64 74 84 4 14 24 34 45 55 65 75 85 5 15 25 35 46 56 66 76 86 6 16 26 36 47 57 67 77 87 7 17 27 37 48 58 68 78 88 8 18 28 38
59 69 79 89 9 19 29 39 49 60 70 80 90 10 20 30 40 50 51 61 71 81 1 11 21 31 41 52 62 72 82 2 12 22 32 42 53 63 73 83 3 13 23 33 43 54 64 74 84 4 14 24 34 44 55 65 75 85 5 15 25 35 45 56 66 76 86 6 16 26 36 46 57 67 77 87 7 17 27 37 47 58 68 78 88 8 18 28 38 48
69 79 89 9 19 29 39 49 59 70 80 90 10 20 30 40 50 60 61 71 81 1 11 21 31 41 51 62 72 82 2 12 22 32 42 52 63 73 83 3 13 23 33 43 53 64 74 84 4 14 24 34 44 54 65 75 85 5 15 25 35 45 55 66 76 86 6 16 26 36 46 56 67 77 87 7 17 27 37 47 57 68 78 88 8 18 28 38 48 58
79 89 9 19 29 39 49 59 69 80 90 10 20 30 40 50 60 70 71 81 1 11 21 31 41 51 61 72 82 2 12 22 32 42 52 62 73 83 3 13 23 33 43 53 63 74 84 4 14 24 34 44 54 64 75 85 5 15 25 35 45 55 65 76 86 6 16 26 36 46 56 66 77 87 7 17 27 37 47 57 67 78 88 8 18 28 38 48 58 68
89 9 19 29 39 49 59 69 79 90 10 20 30 40 50 60 70 80 81 1 11 21 31 41 51 61 71 82 2 12 22 32 42 52 62 72 83 3 13 23 33 43 53 63 73 84 4 14 24 34 44 54 64 74 85 5 15 25 35 45 55 65 75 86 6 16 26 36 46 56 66 76 87 7 17 27 37 47 57 67 77 88 8 18 28 38 48 58 68 78
8 18 28 38 48 58 68 78 88 9 19 29 39 49 59 69 79 89 10 20 30 40 50 60 70 80 90 1 11 21 31 41 51 61 71 81 2 12 22 32 42 52 62 72 82 3 13 23 33 43 53 63 73 83 4 14 24 34 44 54 64 74 84 5 15 25 35 45 55 65 75 85 6 16 26 36 46 56 66 76 86 7 17 27 37 47 57 67 77 87
18 28 38 48 58 68 78 88 8 19 29 39 49 59 69 79 89 9 20 30 40 50 60 70 80 90 10 11 21 31 41 51 61 71 81 1 12 22 32 42 52 62 72 82 2 13 23 33 43 53 63 73 83 3 14 24 34 44 54 64 74 84 4 15 25 35 45 55 65 75 85 5 16 26 36 46 56 66 76 86 6 17 27 37 47 57 67 77 87 7
28 38 48 58 68 78 88 8 18 29 39 49 59 69 79 89 9 19 30 40 50 60 70 80 90 10 20 21 31 41 51 61 71 81 1 11 22 32 42 52 62 72 82 2 12 23 33 43 53 63 73 83 3 13 24 34 44 54 64 74 84 4 14 25 35 45 55 65 75 85 5 15 26 36 46 56 66 76 86 6 16 27 37 47 57 67 77 87 7 17
38 48 58 68 78 88 8 18 28 39 49 59 69 79 89 9 19 29 40 50 60 70 80 90 10 20 30 31 41 51 61 71 81 1 11 21 32 42 52 62 72 82 2 12 22 33 43 53 63 73 83 3 13 23 34 44 54 64 74 84 4 14 24 35 45 55 65 75 85 5 15 25 36 46 56 66 76 86 6 16 26 37 47 57 67 77 87 7 17 27
48 58 68 78 88 8 18 28 38 49 59 69 79 89 9 19 29 39 50 60 70 80 90 10 20 30 40 41 51 61 71 81 1 11 21 31 42 52 62 72 82 2 12 22 32 43 53 63 73 83 3 13 23 33 44 54 64 74 84 4 14 24 34 45 55 65 75 85 5 15 25 35 46 56 66 76 86 6 16 26 36 47 57 67 77 87 7 17 27 37
58 68 78 88 8 18 28 38 48 59 69 79 89 9 19 29 39 49 60 70 80 90 10 20 30 40 50 51 61 71 81 1 11 21 31 41 52 62 72 82 2 12 22 32 42 53 63 73 83 3 13 23 33 43 54 64 74 84 4 14 24 34 44 55 65 75 85 5 15 25 35 45 56 66 76 86 6 16 26 36 46 57 67 77 87 7 17 27 37 47
68 78 88 8 18 28 38 48 58 69 79 89 9 19 29 39 49 59 70 80 90 10 20 30 40 50 60 61 71 81 1 11 21 31 41 51 62 72 82 2 12 22 32 42 52 63 73 83 3 13 23 33 43 53 64 74 84 4 14 24 34 44 54 65 75 85 5 15 25 35 45 55 66 76 86 6 16 26 36 46 56 67 77 87 7 17 27 37 47 57
78 88 8 18 28 38 48 58 68 79 89 9 19 29 39 49 59 69 80 90 10 20 30 40 50 60 70 71 81 1 11 21 31 41 51 61 72 82 2 12 22 32 42 52 62 73 83 3 13 23 33 43 53 63 74 84 4 14 24 34 44 54 64 75 85 5 15 25 35 45 55 65 76 86 6 16 26 36 46 56 66 77 87 7 17 27 37 47 57 67
88 8 18 28 38 48 58 68 78 89 9 19 29 39 49 59 69 79 90 10 20 30 40 50 60 70 80 81 1 11 21 31 41 51 61 71 82 2 12 22 32 42 52 62 72 83 3 13 23 33 43 53 63 73 84 4 14 24 34 44 54 64 74 85 5 15 25 35 45 55 65 75 86 6 16 26 36 46 56 66 76 87 7 17 27 37 47 57 67 77
7 17 27 37 47 57 67 77 87 8 18 28 38 48 58 68 78 88 9 19 29 39 49 59 69 79 89 10 20 30 40 50 60 70 80 90 1 11 21 31 41 51 61 71 81 2 12 22 32 42 52 62 72 82 3 13 23 33 43 53 63 73 83 4 14 24 34 44 54 64 74 84 5 15 25 35 45 55 65 75 85 6 16 26 36 46 56 66 76 86
17 27 37 47 57 67 77 87 7 18 28 38 48 58 68 78 88 8 19 29 39 49 59 69 79 89 9 20 30 40 50 60 70 80 90 10 11 21 31 41 51 61 71 81 1 12 22 32 42 52 62 72 82 2 13 23 33 43 53 63 73 83 3 14 24 34 44 54 64 74 84 4 15 25 35 45 55 65 75 85 5 16 26 36 46 56 66 76 86 6
27 37 47 57 67 77 87 7 17 28 38 48 58 68 78 88 8 18 29 39 49 59 69 79 89 9 19 30 40 50 60 70 80 90 10 20 21 31 41 51 61 71 81 1 11 22 32 42 52 62 72 82 2 12 23 33 43 53 63 73 83 3 13 24 34 44 54 64 74 84 4 14 25 35 45 55 65 75 85 5 15 26 36 46 56 66 76 86 6 16
37 47 57 67 77 87 7 17 27 38 48 58 68 78 88 8 18 28 39 49 59 69 79 89 9 19 29 40 50 60 70 80 90 10 20 30 31 41 51 61 71 81 1 11 21 32 42 52 62 72 82 2 12 22 33 43 53 63 73 83 3 13 23 34 44 54 64 74 84 4 14 24 35 45 55 65 75 85 5 15 25 36 46 56 66 76 86 6 16 26
47 57 67 77 87 7 17 27 37 48 58 68 78 88 8 18 28 38 49 59 69 79 89 9 19 29 39 50 60 70 80 90 10 20 30 40 41 51 61 71 81 1 11 21 31 42 52 62 72 82 2 12 22 32 43 53 63 73 83 3 13 23 33 44 54 64 74 84 4 14 24 34 45 55 65 75 85 5 15 25 35 46 56 66 76 86 6 16 26 36
57 67 77 87 7 17 27 37 47 58 68 78 88 8 18 28 38 48 59 69 79 89 9 19 29 39 49 60 70 80 90 10 20 30 40 50 51 61 71 81 1 11 21 31 41 52 62 72 82 2 12 22 32 42 53 63 73 83 3 13 23 33 43 54 64 74 84 4 14 24 34 44 55 65 75 85 5 15 25 35 45 56 66 76 86 6 16 26 36 46
67 77 87 7 17 27 37 47 57 68 78 88 8 18 28 38 48 58 69 79 89 9 19 29 39 49 59 70 80 90 10 20 30 40 50 60 61 71 81 1 11 21 31 41 51 62 72 82 2 12 22 32 42 52 63 73 83 3 13 23 33 43 53 64 74 84 4 14 24 34 44 54 65 75 85 5 15 25 35 45 55 66 76 86 6 16 26 36 46 56
77 87 7 17 27 37 47 57 67 78 88 8 18 28 38 48 58 68 79 89 9 19 29 39 49 59 69 80 90 10 20 30 40 50 60 70 71 81 1 11 21 31 41 51 61 72 82 2 12 22 32 42 52 62 73 83 3 13 23 33 43 53 63 74 84 4 14 24 34 44 54 64 75 85 5 15 25 35 45 55 65 76 86 6 16 26 36 46 56 66
87 7 17 27 37 47 57 67 77 88 8 18 28 38 48 58 68 78 89 9 19 29 39 49 59 69 79 90 10 20 30 40 50 60 70 80 81 1 11 21 31 41 51 61 71 82 2 12 22 32 42 52 62 72 83 3 13 23 33 43 53 63 73 84 4 14 24 34 44 54 64 74 85 5 15 25 35 45 55 65 75 86 6 16 26 36 46 56 66 76
6 16 26 36 46 56 66 76 86 7 17 27 37 47 57 67 77 87 8 18 28 38 48 58 68 78 88 9 19 29 39 49 59 69 79 89 10 20 30 40 50 60 70 80 90 1 11 21 31 41 51 61 71 81 2 12 22 32 42 52 62 72 82 3 13 23 33 43 53 63 73 83 4 14 24 34 44 54 64 74 84 5 15 25 35 45 55 65 75 85
16 26 36 46 56 66 76 86 6 17 27 37 47 57 67 77 87 7 18 28 38 48 58 68 78 88 8 19 29 39 49 59 69 79 89 9 20 30 40 50 60 70 80 90 10 11 21 31 41 51 61 71 81 1 12 22 32 42 52 62 72 82 2 13 23 33 43 53 63 73 83 3 14 24 34 44 54 64 74 84 4 15 25 35 45 55 65 75 85 5
26 36 46 56 66 76 86 6 16 27 37 47 57 67 77 87 7 17 28 38 48 58 68 78 88 8 18 29 39 49 59 69 79 89 9 19 30 40 50 60 70 80 90 10 20 21 31 41 51 61 71 81 1 11 22 32 42 52 62 72 82 2 12 23 33 43 53 63 73 83 3 13 24 34 44 54 64 74 84 4 14 25 35 45 55 65 75 85 5 15
36 46 56 66 76 86 6 16 26 37 47 57 67 77 87 7 17 27 38 48 58 68 78 88 8 18 28 39 49 59 69 79 89 9 19 29 40 50 60 70 80 90 10 20 30 31 41 51 61 71 81 1 11 21 32 42 52 62 72 82 2 12 22 33 43 53 63 73 83 3 13 23 34 44 54 64 74 84 4 14 24 35 45 55 65 75 85 5 15 25
46 56 66 76 86 6 16 26 36 47 57 67 77 87 7 17 27 37 48 58 68 78 88 8 18 28 38 49 59 69 79 89 9 19 29 39 50 60 70 80 90 10 20 30 40 41 51 61 71 81 1 11 21 31 42 52 62 72 82 2 12 22 32 43 53 63 73 83 3 13 23 33 44 54 64 74 84 4 14 24 34 45 55 65 75 85 5 15 25 35
56 66 76 86 6 16 26 36 46 57 67 77 87 7 17 27 37 47 58 68 78 88 8 18 28 38 48 59 69 79 89 9 19 29 39 49 60 70 80 90 10 20 30 40 50 51 61 71 81 1 11 21 31 41 52 62 72 82 2 12 22 32 42 53 63 73 83 3 13 23 33 43 54 64 74 84 4 14 24 34 44 55 65 75 85 5 15 25 35 45
66 76 86 6 16 26 36 46 56 67 77 87 7 17 27 37 47 57 68 78 88 8 18 28 38 48 58 69 79 89 9 19 29 39 49 59 70 80 90 10 20 30 40 50 60 61 71 81 1 11 21 31 41 51 62 72 82 2 12 22 32 42 52 63 73 83 3 13 23 33 43 53 64 74 84 4 14 24 34 44 54 65 75 85 5 15 25 35 45 55
76 86 6 16 26 36 46 56 66 77 87 7 17 27 37 47 57 67 78 88 8 18 28 38 48 58 68 79 89 9 19 29 39 49 59 69 80 90 10 20 30 40 50 60 70 71 81 1 11 21 31 41 51 61 72 82 2 12 22 32 42 52 62 73 83 3 13 23 33 43 53 63 74 84 4 14 24 34 44 54 64 75 85 5 15 25 35 45 55 65
86 6 16 26 36 46 56 66 76 87 7 17 27 37 47 57 67 77 88 8 18 28 38 48 58 68 78 89 9 19 29 39 49 59 69 79 90 10 20 30 40 50 60 70 80 81 1 11 21 31 41 51 61 71 82 2 12 22 32 42 52 62 72 83 3 13 23 33 43 53 63 73 84 4 14 24 34 44 54 64 74 85 5 15 25 35 45 55 65 75
5 15 25 35 45 55 65 75 85 6 16 26 36 46 56 66 76 86 7 17 27 37 47 57 67 77 87 8 18 28 38 48 58 68 78 88 9 19 29 39 49 59 69 79 89 10 20 30 40 50 60 70 80 90 1 11 21 31 41 51 61 71 81 2 12 22 32 42 52 62 72 82 3 13 23 33 43 53 63 73 83 4 14 24 34 44 54 64 74 84
15 25 35 45 55 65 75 85 5 16 26 36 46 56 66 76 86 6 17 27 37 47 57 67 77 87 7 18 28 38 48 58 68 78 88 8 19 29 39 49 59 69 79 89 9 20 30 40 50 60 70 80 90 10 11 21 31 41 51 61 71 81 1 12 22 32 42 52 62 72 82 2 13 23 33 43 53 63 73 83 3 14 24 34 44 54 64 74 84 4
25 35 45 55 65 75 85 5 15 26 36 46 56 66 76 86 6 16 27 37 47 57 67 77 87 7 17 28 38 48 58 68 78 88 8 18 29 39 49 59 69 79 89 9 19 30 40 50 60 70 80 90 10 20 21 31 41 51 61 71 81 1 11 22 32 42 52 62 72 82 2 12 23 33 43 53 63 73 83 3 13 24 34 44 54 64 74 84 4 14
35 45 55 65 75 85 5 15 25 36 46 56 66 76 86 6 16 26 37 47 57 67 77 87 7 17 27 38 48 58 68 78 88 8 18 28 39 49 59 69 79 89 9 19 29 40 50 60 70 80 90 10 20 30 31 41 51 61 71 81 1 11 21 32 42 52 62 72 82 2 12 22 33 43 53 63 73 83 3 13 23 34 44 54 64 74 84 4 14 24
45 55 65 75 85 5 15 25 35 46 56 66 76 86 6 16 26 36 47 57 67 77 87 7 17 27 37 48 58 68 78 88 8 18 28 38 49 59 69 79 89 9 19 29 39 50 60 70 80 90 10 20 30 40 41 51 61 71 81 1 11 21 31 42 52 62 72 82 2 12 22 32 43 53 63 73 83 3 13 23 33 44 54 64 74 84 4 14 24 34
55 65 75 85 5 15 25 35 45 56 66 76 86 6 16 26 36 46 57 67 77 87 7 17 27 37 47 58 68 78 88 8 18 28 38 48 59 69 79 89 9 19 29 39 49 60 70 80 90 10 20 30 40 50 51 61 71 81 1 11 21 31 41 52 62 72 82 2 12 22 32 42 53 63 73 83 3 13 23 33 43 54 64 74 84 4 14 24 34 44
65 75 85 5 15 25 35 45 55 66 76 86 6 16 26 36 46 56 67 77 87 7 17 27 37 47 57 68 78 88 8 18 28 38 48 58 69 79 89 9 19 29 39 49 59 70 80 90 10 20 30 40 50 60 61 71 81 1 11 21 31 41 51 62 72 82 2 12 22 32 42 52 63 73 83 3 13 23 33 43 53 64 74 84 4 14 24 34 44 54
75 85 5 15 25 35 45 55 65 76 86 6 16 26 36 46 56 66 77 87 7 17 27 37 47 57 67 78 88 8 18 28 38 48 58 68 79 89 9 19 29 39 49 59 69 80 90 10 20 30 40 50 60 70 71 81 1 11 21 31 41 51 61 72 82 2 12 22 32 42 52 62 73 83 3 13 23 33 43 53 63 74 84 4 14 24 34 44 54 64
85 5 15 25 35 45 55 65 75 86 6 16 26 36 46 56 66 76 87 7 17 27 37 47 57 67 77 88 8 18 28 38 48 58 68 78 89 9 19 29 39 49 59 69 79 90 10 20 30 40 50 60 70 80 81 1 11 21 31 41 51 61 71 82 2 12 22 32 42 52 62 72 83 3 13 23 33 43 53 63 73 84 4 14 24 34 44 54 64 74
4 14 24 34 44 54 64 74 84 5 15 25 35 45 55 65 75 85 6 16 26 36 46 56 66 76 86 7 17 27 37 47 57 67 77 87 8 18 28 38 48 58 68 78 88 9 19 29 39 49 59 69 79 89 10 20 30 40 50 60 70 80 90 1 11 21 31 41 51 61 71 81 2 12 22 32 42 52 62 72 82 3 13 23 33 43 53 63 73 83
14 24 34 44 54 64 74 84 4 15 25 35 45 55 65 75 85 5 16 26 36 46 56 66 76 86 6 17 27 37 47 57 67 77 87 7 18 28 38 48 58 68 78 88 8 19 29 39 49 59 69 79 89 9 20 30 40 50 60 70 80 90 10 11 21 31 41 51 61 71 81 1 12 22 32 42 52 62 72 82 2 13 23 33 43 53 63 73 83 3
24 34 44 54 64 74 84 4 14 25 35 45 55 65 75 85 5 15 26 36 46 56 66 76 86 6 16 27 37 47 57 67 77 87 7 17 28 38 48 58 68 78 88 8 18 29 39 49 59 69 79 89 9 19 30 40 50 60 70 80 90 10 20 21 31 41 51 61 71 81 1 11 22 32 42 52 62 72 82 2 12 23 33 43 53 63 73 83 3 13
34 44 54 64 74 84 4 14 24 35 45 55 65 75 85 5 15 25 36 46 56 66 76 86 6 16 26 37 47 57 67 77 87 7 17 27 38 48 58 68 78 88 8 18 28 39 49 59 69 79 89 9 19 29 40 50 60 70 80 90 10 20 30 31 41 51 61 71 81 1 11 21 32 42 52 62 72 82 2 12 22 33 43 53 63 73 83 3 13 23
44 54 64 74 84 4 14 24 34 45 55 65 75 85 5 15 25 35 46 56 66 76 86 6 16 26 36 47 57 67 77 87 7 17 27 37 48 58 68 78 88 8 18 28 38 49 59 69 79 89 9 19 29 39 50 60 70 80 90 10 20 30 40 41 51 61 71 81 1 11 21 31 42 52 62 72 82 2 12 22 32 43 53 63 73 83 3 13 23 33
54 64 74 84 4 14 24 34 44 55 65 75 85 5 15 25 35 45 56 66 76 86 6 16 26 36 46 57 67 77 87 7 17 27 37 47 58 68 78 88 8 18 28 38 48 59 69 79 89 9 19 29 39 49 60 70 80 90 10 20 30 40 50 51 61 71 81 1 11 21 31 41 52 62 72 82 2 12 22 32 42 53 63 73 83 3 13 23 33 43
64 74 84 4 14 24 34 44 54 65 75 85 5 15 25 35 45 55 66 76 86 6 16 26 36 46 56 67 77 87 7 17 27 37 47 57 68 78 88 8 18 28 38 48 58 69 79 89 9 19 29 39 49 59 70 80 90 10 20 30 40 50 60 61 71 81 1 11 21 31 41 51 62 72 82 2 12 22 32 42 52 63 73 83 3 13 23 33 43 53
74 84 4 14 24 34 44 54 64 75 85 5 15 25 35 45 55 65 76 86 6 16 26 36 46 56 66 77 87 7 17 27 37 47 57 67 78 88 8 18 28 38 48 58 68 79 89 9 19 29 39 49 59 69 80 90 10 20 30 40 50 60 70 71 81 1 11 21 31 41 51 61 72 82 2 12 22 32 42 52 62 73 83 3 13 23 33 43 53 63
84 4 14 24 34 44 54 64 74 85 5 15 25 35 45 55 65 75 86 6 16 26 36 46 56 66 76 87 7 17 27 37 47 57 67 77 88 8 18 28 38 48 58 68 78 89 9 19 29 39 49 59 69 79 90 10 20 30 40 50 60 70 80 81 1 11 21 31 41 51 61 71 82 2 12 22 32 42 52 62 72 83 3 13 23 33 43 53 63 73
3 13 23 33 43 53 63 73 83 4 14 24 34 44 54 64 74 84 5 15 25 35 45 55 65 75 85 6 16 26 36 46 56 66 76 86 7 17 27 37 47 57 67 77 87 8 18 28 38 48 58 68 78 88 9 19 29 39 49 59 69 79 89 10 20 30 40 50 60 70 80 90 1 11 21 31 41 51 61 71 81 2 12 22 32 42 52 62 72 82
13 23 33 43 53 63 73 83 3 14 24 34 44 54 64 74 84 4 15 25 35 45 55 65 75 85 5 16 26 36 46 56 66 76 86 6 17 27 37 47 57 67 77 87 7 18 28 38 48 58 68 78 88 8 19 29 39 49 59 69 79 89 9 20 30 40 50 60 70 80 90 10 11 21 31 41 51 61 71 81 1 12 22 32 42 52 62 72 82 2
23 33 43 53 63 73 83 3 13 24 34 44 54 64 74 84 4 14 25 35 45 55 65 75 85 5 15 26 36 46 56 66 76 86 6 16 27 37 47 57 67 77 87 7 17 28 38 48 58 68 78 88 8 18 29 39 49 59 69 79 89 9 19 30 40 50 60 70 80 90 10 20 21 31 41 51 61 71 81 1 11 22 32 42 52 62 72 82 2 12
33 43 53 63 73 83 3 13 23 34 44 54 64 74 84 4 14 24 35 45 55 65 75 85 5 15 25 36 46 56 66 76 86 6 16 26 37 47 57 67 77 87 7 17 27 38 48 58 68 78 88 8 18 28 39 49 59 69 79 89 9 19 29 40 50 60 70 80 90 10 20 30 31 41 51 61 71 81 1 11 21 32 42 52 62 72 82 2 12 22
43 53 63 73 83 3 13 23 33 44 54 64 74 84 4 14 24 34 45 55 65 75 85 5 15 25 35 46 56 66 76 86 6 16 26 36 47 57 67 77 87 7 17 27 37 48 58 68 78 88 8 18 28 38 49 59 69 79 89 9 19 29 39 50 60 70 80 90 10 20 30 40 41 51 61 71 81 1 11 21 31 42 52 62 72 82 2 12 22 32
53 63 73 83 3 13 23 33 43 54 64 74 84 4 14 24 34 44 55 65 75 85 5 15 25 35 45 56 66 76 86 6 16 26 36 46 57 67 77 87 7 17 27 37 47 58 68 78 88 8 18 28 38 48 59 69 79 89 9 19 29 39 49 60 70 80 90 10 20 30 40 50 51 61 71 81 1 11 21 31 41 52 62 72 82 2 12 22 32 42
63 73 83 3 13 23 33 43 53 64 74 84 4 14 24 34 44 54 65 75 85 5 15 25 35 45 55 66 76 86 6 16 26 36 46 56 67 77 87 7 17 27 37 47 57 68 78 88 8 18 28 38 48 58 69 79 89 9 19 29 39 49 59 70 80 90 10 20 30 40 50 60 61 71 81 1 11 21 31 41 51 62 72 82 2 12 22 32 42 52
73 83 3 13 23 33 43 53 63 74 84 4 14 24 34 44 54 64 75 85 5 15 25 35 45 55 65 76 86 6 16 26 36 46 56 66 77 87 7 17 27 37 47 57 67 78 88 8 18 28 38 48 58 68 79 89 9 19 29 39 49 59 69 80 90 10 20 30 40 50 60 70 71 81 1 11 21 31 41 51 61 72 82 2 12 22 32 42 52 62
83 3 13 23 33 43 53 63 73 84 4 14 24 34 44 54 64 74 85 5 15 25 35 45 55 65 75 86 6 16 26 36 46 56 66 76 87 7 17 27 37 47 57 67 77 88 8 18 28 38 48 58 68 78 89 9 19 29 39 49 59 69 79 90 10 20 30 40 50 60 70 80 81 1 11 21 31 41 51 61 71 82 2 12 22 32 42 52 62 72
2 12 22 32 42 52 62 72 82 3 13 23 33 43 53 63 73 83 4 14 24 34 44 54 64 74 84 5 15 25 35 45 55 65 75 85 6 16 26 36 46 56 66 76 86 7 17 27 37 47 57 67 77 87 8 18 28 38 48 58 68 78 88 9 19 29 39 49 59 69 79 89 10 20 30 40 50 60 70 80 90 1 11 21 31 41 51 61 71 81
12 22 32 42 52 62 72 82 2 13 23 33 43 53 63 73 83 3 14 24 34 44 54 64 74 84 4 15 25 35 45 55 65 75 85 5 16 26 36 46 56 66 76 86 6 17 27 37 47 57 67 77 87 7 18 28 38 48 58 68 78 88 8 19 29 39 49 59 69 79 89 9 20 30 40 50 60 70 80 90 10 11 21 31 41 51 61 71 81 1
22 32 42 52 62 72 82 2 12 23 33 43 53 63 73 83 3 13 24 34 44 54 64 74 84 4 14 25 35 45 55 65 75 85 5 15 26 36 46 56 66 76 86 6 16 27 37 47 57 67 77 87 7 17 28 38 48 58 68 78 88 8 18 29 39 49 59 69 79 89 9 19 30 40 50 60 70 80 90 10 20 21 31 41 51 61 71 81 1 11
32 42 52 62 72 82 2 12 22 33 43 53 63 73 83 3 13 23 34 44 54 64 74 84 4 14 24 35 45 55 65 75 85 5 15 25 36 46 56 66 76 86 6 16 26 37 47 57 67 77 87 7 17 27 38 48 58 68 78 88 8 18 28 39 49 59 69 79 89 9 19 29 40 50 60 70 80 90 10 20 30 31 41 51 61 71 81 1 11 21
42 52 62 72 82 2 12 22 32 43 53 63 73 83 3 13 23 33 44 54 64 74 84 4 14 24 34 45 55 65 75 85 5 15 25 35 46 56 66 76 86 6 16 26 36 47 57 67 77 87 7 17 27 37 48 58 68 78 88 8 18 28 38 49 59 69 79 89 9 19 29 39 50 60 70 80 90 10 20 30 40 41 51 61 71 81 1 11 21 31
52 62 72 82 2 12 22 32 42 53 63 73 83 3 13 23 33 43 54 64 74 84 4 14 24 34 44 55 65 75 85 5 15 25 35 45 56 66 76 86 6 16 26 36 46 57 67 77 87 7 17 27 37 47 58 68 78 88 8 18 28 38 48 59 69 79 89 9 19 29 39 49 60 70 80 90 10 20 30 40 50 51 61 71 81 1 11 21 31 41
62 72 82 2 12 22 32 42 52 63 73 83 3 13 23 33 43 53 64 74 84 4 14 24 34 44 54 65 75 85 5 15 25 35 45 55 66 76 86 6 16 26 36 46 56 67 77 87 7 17 27 37 47 57 68 78 88 8 18 28 38 48 58 69 79 89 9 19 29 39 49 59 70 80 90 10 20 30 40 50 60 61 71 81 1 11 21 31 41 51
72 82 2 12 22 32 42 52 62 73 83 3 13 23 33 43 53 63 74 84 4 14 24 34 44 54 64 75 85 5 15 25 35 45 55 65 76 86 6 16 26 36 46 56 66 77 87 7 17 27 37 47 57 67 78 88 8 18 28 38 48 58 68 79 89 9 19 29 39 49 59 69 80 90 10 20 30 40 50 60 70 71 81 1 11 21 31 41 51 61
82 2 12 22 32 42 52 62 72 83 3 13 23 33 43 53 63 73 84 4 14 24 34 44 54 64 74 85 5 15 25 35 45 55 65 75 86 6 16 26 36 46 56 66 76 87 7 17 27 37 47 57 67 77 88 8 18 28 38 48 58 68 78 89 9 19 29 39 49 59 69 79 90 10 20 30 40 50 60 70 80 81 1 11 21 31 41 51 61 71
