1 31 24 61 91 71 40 108 13 58 49 87 50 97 51 12 22 62 30 109 77 73 44 115 26 120 94 93 19 2 101 103 69 67 64 46 25 45 14 3 10 119 28 60 34 72 98 27 48 82 11 85 9 20 56 118 32 57 92 33 63 104 42 78 68 38 55 59 52 5 116 53 106 65 7 80 54 23 105 113 102 111 99 66 112 18 39 6 29 70 75 110 76 43 17 114 47 21 117 107 83 84 95 79 41 15 90 74 4 86 89 100 35 81 16 88 37 8 36 96
31 61 54 91 1 101 70 18 43 88 79 117 80 7 81 42 52 92 60 19 107 103 74 25 56 30 4 3 49 32 11 13 99 97 94 76 55 75 44 33 40 29 58 90 64 102 8 57 78 112 41 115 39 50 86 28 62 87 2 63 93 14 72 108 98 68 85 89 82 35 26 83 16 95 37 110 84 53 15 23 12 21 9 96 22 48 69 36 59 100 105 20 106 73 47 24 77 51 27 17 113 114 5 109 71 45 120 104 34 116 119 10 65 111 46 118 67 38 66 6
21 51 14 81 111 61 60 98 3 48 39 77 40 117 41 2 12 82 20 99 67 63 34 105 16 110 114 113 9 22 91 93 89 87 84 36 15 35 4 23 30 109 18 50 54 62 118 17 38 72 1 75 29 10 46 108 52 47 112 53 83 94 32 68 88 58 45 49 42 25 106 43 96 85 27 70 44 13 95 103 92 101 119 86 102 8 59 26 19 90 65 100 66 33 7 104 37 11 107 97 73 74 115 69 31 5 80 64 24 76 79 120 55 71 6 78 57 28 56 116
37 67 60 97 7 107 76 24 49 64 85 93 86 13 87 48 58 98 36 25 113 109 80 1 32 6 10 9 55 38 17 19 105 103 100 82 31 81 50 39 46 5 34 66 70 108 14 33 84 118 47 91 45 56 62 4 68 63 8 69 99 20 78 114 104 74 61 65 88 41 2 89 22 101 43 116 90 59 21 29 18 27 15 102 28 54 75 42 35 106 111 26 112 79 53 30 83 57 3 23 119 120 11 115 77 51 96 110 40 92 95 16 71 117 52 94 73 44 72 12
61 91 84 1 31 11 100 48 73 118 109 27 110 37 111 72 82 2 90 49 17 13 104 55 86 60 34 33 79 62 41 43 9 7 4 106 85 105 74 63 70 59 88 120 94 12 38 87 108 22 71 25 69 80 116 58 92 117 32 93 3 44 102 18 8 98 115 119 112 65 56 113 46 5 67 20 114 83 45 53 42 51 39 6 52 78 99 66 89 10 15 50 16 103 77 54 107 81 57 47 23 24 35 19 101 75 30 14 64 26 29 40 95 21 76 28 97 68 96 36
17 47 10 77 107 87 56 94 29 44 35 73 36 113 37 28 8 78 16 95 63 89 60 101 12 106 110 109 5 18 117 119 85 83 80 32 11 31 30 19 26 105 14 46 50 88 114 13 34 68 27 71 25 6 42 104 48 43 108 49 79 120 58 64 84 54 41 45 38 21 102 39 92 81 23 66 40 9 91 99 118 97 115 82 98 4 55 22 15 86 61 96 62 59 3 100 33 7 103 93 69 70 111 65 57 1 76 90 20 72 75 116 51 67 2 74 53 24 52 112
26 56 19 86 116 66 35 103 8 53 44 82 45 92 46 7 17 87 25 104 72 68 39 110 21 115 119 118 14 27 96 98 64 62 89 41 20 40 9 28 5 114 23 55 59 67 93 22 43 77 6 80 4 15 51 113 57 52 117 58 88 99 37 73 63 33 50 54 47 30 111 48 101 90 2 75 49 18 100 108 97 106 94 61 107 13 34 1 24 65 70 105 71 38 12 109 42 16 112 102 78 79 120 74 36 10 85 69 29 81 84 95 60 76 11 83 32 3 31 91
6 36 29 66 96 76 45 113 18 33 54 62 55 102 56 17 27 67 5 114 82 78 49 120 1 95 99 98 24 7 106 108 74 72 69 51 30 50 19 8 15 94 3 35 39 77 103 2 53 87 16 90 14 25 31 93 37 32 97 38 68 109 47 83 73 43 60 34 57 10 91 58 111 70 12 85 59 28 110 118 107 116 104 71 117 23 44 11 4 75 80 115 81 48 22 119 52 26 92 112 88 89 100 84 46 20 65 79 9 61 64 105 40 86 21 63 42 13 41 101
80 110 73 20 50 30 119 37 62 107 98 16 99 56 100 61 71 21 79 38 6 2 93 44 75 49 53 52 68 81 60 32 28 26 23 95 74 94 63 82 89 48 77 109 113 1 57 76 97 11 90 14 88 69 105 47 111 106 51 112 22 33 91 7 27 117 104 108 101 84 45 102 35 24 86 9 103 72 34 42 31 40 58 25 41 67 118 85 78 29 4 39 5 92 66 43 96 70 46 36 12 13 54 8 120 64 19 3 83 15 18 59 114 10 65 17 116 87 115 55
91 1 114 31 61 41 10 78 103 28 19 57 20 67 21 102 112 32 120 79 47 43 14 85 116 90 64 63 109 92 71 73 39 37 34 16 115 15 104 93 100 89 118 30 4 42 68 117 18 52 101 55 99 110 26 88 2 27 62 3 33 74 12 48 38 8 25 29 22 95 86 23 76 35 97 50 24 113 75 83 72 81 69 36 82 108 9 96 119 40 45 80 46 13 107 84 17 111 87 77 53 54 65 49 11 105 60 44 94 56 59 70 5 51 106 58 7 98 6 66
40 70 33 100 10 110 79 27 52 67 88 96 89 16 90 51 31 101 39 28 116 112 83 4 35 9 13 12 58 41 20 22 108 106 103 85 34 84 53 42 49 8 37 69 73 111 17 36 87 91 50 94 48 59 65 7 71 66 11 72 102 23 81 117 107 77 64 68 61 44 5 62 25 104 46 119 63 32 24 2 21 30 18 105 1 57 78 45 38 109 114 29 115 82 56 3 86 60 6 26 92 93 14 118 80 54 99 113 43 95 98 19 74 120 55 97 76 47 75 15
10 40 3 70 100 80 49 117 22 37 58 66 59 106 60 21 1 71 9 118 86 82 53 94 5 99 103 102 28 11 110 112 78 76 73 55 4 54 23 12 19 98 7 39 43 81 107 6 57 61 20 64 18 29 35 97 41 36 101 42 72 113 51 87 77 47 34 38 31 14 95 32 115 74 16 89 33 2 114 92 111 120 108 75 91 27 48 15 8 79 84 119 85 52 26 93 56 30 96 116 62 63 104 88 50 24 69 83 13 65 68 109 44 90 25 67 46 17 45 105
69 99 62 9 39 19 108 56 81 96 117 5 118 45 119 80 90 10 68 57 25 21 112 33 64 38 42 41 87 70 49 51 17 15 12 114 63 113 82 71 78 37 66 98 102 20 46 65 116 30 79 3 77 88 94 36 100 95 40 101 11 52 110 26 16 106 93 97 120 73 34 91 54 13 75 28 92 61 53 31 50 59 47 14 60 86 107 74 67 18 23 58 24 111 85 32 115 89 35 55 1 2 43 27 109 83 8 22 72 4 7 48 103 29 84 6 105 76 104 44
97 7 120 37 67 47 16 84 109 4 25 33 26 73 27 108 118 38 96 85 53 49 20 61 92 66 70 69 115 98 77 79 45 43 40 22 91 21 110 99 106 65 94 6 10 48 74 93 24 58 107 31 105 116 2 64 8 3 68 9 39 80 18 54 44 14 1 5 28 101 62 29 82 41 103 56 30 119 81 89 78 87 75 42 88 114 15 102 95 46 51 86 52 19 113 90 23 117 63 83 59 60 71 55 17 111 36 50 100 32 35 76 11 57 112 34 13 104 12 72
25 55 18 85 115 65 34 102 7 52 43 81 44 91 45 6 16 86 24 103 71 67 38 109 20 114 118 117 13 26 95 97 63 61 88 40 19 39 8 27 4 113 22 54 58 66 92 21 42 76 5 79 3 14 50 112 56 51 116 57 87 98 36 72 62 32 49 53 46 29 110 47 100 89 1 74 48 17 99 107 96 105 93 90 106 12 33 30 23 64 69 104 70 37 11 108 41 15 111 101 77 78 119 73 35 9 84 68 28 80 83 94 59 75 10 82 31 2 60 120
84 114 77 24 54 4 93 41 66 111 102 20 103 60 104 65 75 25 83 42 10 6 97 48 79 53 57 56 72 85 34 36 2 30 27 99 78 98 67 86 63 52 81 113 117 5 31 80 101 15 64 18 62 73 109 51 115 110 55 116 26 37 95 11 1 91 108 112 105 88 49 106 39 28 90 13 107 76 38 46 35 44 32 29 45 71 92 89 82 3 8 43 9 96 70 47 100 74 50 40 16 17 58 12 94 68 23 7 87 19 22 33 118 14 69 21 120 61 119 59
71 101 64 11 41 21 110 58 83 98 119 7 120 47 91 82 62 12 70 59 27 23 114 35 66 40 44 43 89 72 51 53 19 17 14 116 65 115 84 73 80 39 68 100 104 22 48 67 118 2 81 5 79 90 96 38 102 97 42 103 13 54 112 28 18 108 95 99 92 75 36 93 56 15 77 30 94 63 55 33 52 31 49 16 32 88 109 76 69 20 25 60 26 113 87 34 117 61 37 57 3 4 45 29 111 85 10 24 74 6 9 50 105 1 86 8 107 78 106 46
38 68 31 98 8 108 77 25 50 65 86 94 87 14 88 49 59 99 37 26 114 110 81 2 33 7 11 10 56 39 18 20 106 104 101 83 32 82 51 40 47 6 35 67 71 109 15 34 85 119 48 92 46 57 63 5 69 64 9 70 100 21 79 115 105 75 62 66 89 42 3 90 23 102 44 117 61 60 22 30 19 28 16 103 29 55 76 43 36 107 112 27 113 80 54 1 84 58 4 24 120 91 12 116 78 52 97 111 41 93 96 17 72 118 53 95 74 45 73 13
79 109 72 19 49 29 118 36 61 106 97 15 98 55 99 90 70 20 78 37 5 1 92 43 74 48 52 51 67 80 59 31 27 25 22 94 73 93 62 81 88 47 76 108 112 30 56 75 96 10 89 13 87 68 104 46 110 105 50 111 21 32 120 6 26 116 103 107 100 83 44 101 34 23 85 8 102 71 33 41 60 39 57 24 40 66 117 84 77 28 3 38 4 91 65 42 95 69 45 35 11 12 53 7 119 63 18 2 82 14 17 58 113 9 64 16 115 86 114 54
120 30 113 60 90 40 9 77 102 27 18 56 19 66 20 101 111 31 119 78 46 42 13 84 115 89 63 62 108 91 70 72 38 36 33 15 114 14 103 92 99 88 117 29 3 41 67 116 17 51 100 54 98 109 25 87 1 26 61 2 32 73 11 47 37 7 24 28 21 94 85 22 75 34 96 49 23 112 74 82 71 80 68 35 81 107 8 95 118 39 44 79 45 12 106 83 16 110 86 76 52 53 64 48 10 104 59 43 93 55 58 69 4 50 105 57 6 97 5 65
41 71 34 101 11 111 80 28 53 68 89 97 90 17 61 52 32 102 40 29 117 113 84 5 36 10 14 13 59 42 21 23 109 107 104 86 35 85 54 43 50 9 38 70 74 112 18 37 88 92 51 95 49 60 66 8 72 67 12 73 103 24 82 118 108 78 65 69 62 45 6 63 26 105 47 120 64 33 25 3 22 1 19 106 2 58 79 46 39 110 115 30 116 83 57 4 87 31 7 27 93 94 15 119 81 55 100 114 44 96 99 20 75 91 56 98 77 48 76 16
12 42 5 72 102 82 51 119 24 39 60 68 31 108 32 23 3 73 11 120 88 84 55 96 7 101 105 104 30 13 112 114 80 78 75 57 6 56 25 14 21 100 9 41 45 83 109 8 59 63 22 66 20 1 37 99 43 38 103 44 74 115 53 89 79 49 36 40 33 16 97 34 117 76 18 61 35 4 116 94 113 92 110 77 93 29 50 17 10 81 86 91 87 54 28 95 58 2 98 118 64 65 106 90 52 26 71 85 15 67 70 111 46 62 27 69 48 19 47 107
116 26 109 56 86 36 5 73 98 23 14 52 15 62 16 97 107 57 115 74 42 38 9 80 111 85 89 88 104 117 66 68 34 32 59 11 110 10 99 118 95 84 113 25 29 37 63 112 13 47 96 50 94 105 21 83 27 22 87 28 58 69 7 43 33 3 20 24 17 120 81 18 71 60 92 45 19 108 70 78 67 76 64 31 77 103 4 91 114 35 40 75 41 8 102 79 12 106 82 72 48 49 90 44 6 100 55 39 119 51 54 65 30 46 101 53 2 93 1 61
52 82 45 112 22 92 61 9 34 79 70 108 71 28 72 33 43 113 51 10 98 94 65 16 47 21 25 24 40 53 2 4 120 118 115 67 46 66 35 54 31 20 49 81 85 93 29 48 69 103 32 106 60 41 77 19 83 78 23 84 114 5 63 99 119 89 76 80 73 56 17 74 7 116 58 101 75 44 6 14 3 12 30 117 13 39 90 57 50 91 96 11 97 64 38 15 68 42 18 8 104 105 26 100 62 36 111 95 55 107 110 1 86 102 37 109 88 59 87 27
77 107 70 17 47 27 116 34 89 104 95 13 96 53 97 88 68 18 76 35 3 29 120 41 72 46 50 49 65 78 57 59 25 23 20 92 71 91 90 79 86 45 74 106 110 28 54 73 94 8 87 11 85 66 102 44 108 103 48 109 19 60 118 4 24 114 101 105 98 81 42 99 32 21 83 6 100 69 31 39 58 37 55 22 38 64 115 82 75 26 1 36 2 119 63 40 93 67 43 33 9 10 51 5 117 61 16 30 80 12 15 56 111 7 62 14 113 84 112 52
64 94 87 4 34 14 103 51 76 91 112 30 113 40 114 75 85 5 63 52 20 16 107 58 89 33 37 36 82 65 44 46 12 10 7 109 88 108 77 66 73 32 61 93 97 15 41 90 111 25 74 28 72 83 119 31 95 120 35 96 6 47 105 21 11 101 118 92 115 68 59 116 49 8 70 23 117 86 48 56 45 54 42 9 55 81 102 69 62 13 18 53 19 106 80 57 110 84 60 50 26 27 38 22 104 78 3 17 67 29 2 43 98 24 79 1 100 71 99 39
53 83 46 113 23 93 62 10 35 80 71 109 72 29 73 34 44 114 52 11 99 95 66 17 48 22 26 25 41 54 3 5 91 119 116 68 47 67 36 55 32 21 50 82 86 94 30 49 70 104 33 107 31 42 78 20 84 79 24 85 115 6 64 100 120 90 77 81 74 57 18 75 8 117 59 102 76 45 7 15 4 13 1 118 14 40 61 58 51 92 97 12 98 65 39 16 69 43 19 9 105 106 27 101 63 37 112 96 56 108 111 2 87 103 38 110 89 60 88 28
18 48 11 78 108 88 57 95 30 45 36 74 37 114 38 29 9 79 17 96 64 90 31 102 13 107 111 110 6 19 118 120 86 84 81 33 12 32 1 20 27 106 15 47 51 89 115 14 35 69 28 72 26 7 43 105 49 44 109 50 80 91 59 65 85 55 42 46 39 22 103 40 93 82 24 67 41 10 92 100 119 98 116 83 99 5 56 23 16 87 62 97 63 60 4 101 34 8 104 94 70 71 112 66 58 2 77 61 21 73 76 117 52 68 3 75 54 25 53 113
85 115 78 25 55 5 94 42 67 112 103 21 104 31 105 66 76 26 84 43 11 7 98 49 80 54 58 57 73 86 35 37 3 1 28 100 79 99 68 87 64 53 82 114 118 6 32 81 102 16 65 19 63 74 110 52 116 111 56 117 27 38 96 12 2 92 109 113 106 89 50 107 40 29 61 14 108 77 39 47 36 45 33 30 46 72 93 90 83 4 9 44 10 97 71 48 101 75 51 41 17 18 59 13 95 69 24 8 88 20 23 34 119 15 70 22 91 62 120 60
119 29 112 59 89 39 8 76 101 26 17 55 18 65 19 100 110 60 118 77 45 41 12 83 114 88 62 61 107 120 69 71 37 35 32 14 113 13 102 91 98 87 116 28 2 40 66 115 16 50 99 53 97 108 24 86 30 25 90 1 31 72 10 46 36 6 23 27 20 93 84 21 74 33 95 48 22 111 73 81 70 79 67 34 80 106 7 94 117 38 43 78 44 11 105 82 15 109 85 75 51 52 63 47 9 103 58 42 92 54 57 68 3 49 104 56 5 96 4 64
93 3 116 33 63 43 12 80 105 30 21 59 22 69 23 104 114 34 92 81 49 45 16 87 118 62 66 65 111 94 73 75 41 39 36 18 117 17 106 95 102 61 120 2 6 44 70 119 20 54 103 57 101 112 28 90 4 29 64 5 35 76 14 50 40 10 27 1 24 97 88 25 78 37 99 52 26 115 77 85 74 83 71 38 84 110 11 98 91 42 47 82 48 15 109 86 19 113 89 79 55 56 67 51 13 107 32 46 96 58 31 72 7 53 108 60 9 100 8 68
50 80 43 110 20 120 89 7 32 77 68 106 69 26 70 31 41 111 49 8 96 92 63 14 45 19 23 22 38 51 30 2 118 116 113 65 44 64 33 52 59 18 47 79 83 91 27 46 67 101 60 104 58 39 75 17 81 76 21 82 112 3 61 97 117 87 74 78 71 54 15 72 5 114 56 99 73 42 4 12 1 10 28 115 11 37 88 55 48 119 94 9 95 62 36 13 66 40 16 6 102 103 24 98 90 34 109 93 53 105 108 29 84 100 35 107 86 57 85 25
81 111 74 21 51 1 120 38 63 108 99 17 100 57 101 62 72 22 80 39 7 3 94 45 76 50 54 53 69 82 31 33 29 27 24 96 75 95 64 83 90 49 78 110 114 2 58 77 98 12 61 15 89 70 106 48 112 107 52 113 23 34 92 8 28 118 105 109 102 85 46 103 36 25 87 10 104 73 35 43 32 41 59 26 42 68 119 86 79 30 5 40 6 93 67 44 97 71 47 37 13 14 55 9 91 65 20 4 84 16 19 60 115 11 66 18 117 88 116 56
98 8 91 38 68 48 17 85 110 5 26 34 27 74 28 109 119 39 97 86 54 50 21 62 93 67 71 70 116 99 78 80 46 44 41 23 92 22 111 100 107 66 95 7 11 49 75 94 25 59 108 32 106 117 3 65 9 4 69 10 40 81 19 55 45 15 2 6 29 102 63 30 83 42 104 57 1 120 82 90 79 88 76 43 89 115 16 103 96 47 52 87 53 20 114 61 24 118 64 84 60 31 72 56 18 112 37 51 101 33 36 77 12 58 113 35 14 105 13 73
75 105 68 15 45 25 114 32 87 102 93 11 94 51 95 86 66 16 74 33 1 27 118 39 70 44 48 47 63 76 55 57 23 21 18 120 69 119 88 77 84 43 72 104 108 26 52 71 92 6 85 9 83 64 100 42 106 101 46 107 17 58 116 2 22 112 99 103 96 79 40 97 60 19 81 4 98 67 59 37 56 35 53 20 36 62 113 80 73 24 29 34 30 117 61 38 91 65 41 31 7 8 49 3 115 89 14 28 78 10 13 54 109 5 90 12 111 82 110 50
20 50 13 80 110 90 59 97 2 47 38 76 39 116 40 1 11 81 19 98 66 62 33 104 15 109 113 112 8 21 120 92 88 86 83 35 14 34 3 22 29 108 17 49 53 61 117 16 37 71 30 74 28 9 45 107 51 46 111 52 82 93 31 67 87 57 44 48 41 24 105 42 95 84 26 69 43 12 94 102 91 100 118 85 101 7 58 25 18 89 64 99 65 32 6 103 36 10 106 96 72 73 114 68 60 4 79 63 23 75 78 119 54 70 5 77 56 27 55 115
56 86 49 116 26 96 65 13 38 83 74 112 75 2 76 37 47 117 55 14 102 98 69 20 51 25 29 28 44 57 6 8 94 92 119 71 50 70 39 58 35 24 53 85 89 97 3 52 73 107 36 110 34 45 81 23 87 82 27 88 118 9 67 103 93 63 80 84 77 60 21 78 11 120 32 105 79 48 10 18 7 16 4 91 17 43 64 31 54 95 100 15 101 68 42 19 72 46 22 12 108 109 30 104 66 40 115 99 59 111 114 5 90 106 41 113 62 33 61 1
14 44 7 74 104 84 53 91 26 41 32 70 33 110 34 25 5 75 13 92 90 86 57 98 9 103 107 106 2 15 114 116 82 80 77 59 8 58 27 16 23 102 11 43 47 85 111 10 31 65 24 68 22 3 39 101 45 40 105 46 76 117 55 61 81 51 38 42 35 18 99 36 119 78 20 63 37 6 118 96 115 94 112 79 95 1 52 19 12 83 88 93 89 56 30 97 60 4 100 120 66 67 108 62 54 28 73 87 17 69 72 113 48 64 29 71 50 21 49 109
94 4 117 34 64 44 13 81 106 1 22 60 23 70 24 105 115 35 93 82 50 46 17 88 119 63 67 66 112 95 74 76 42 40 37 19 118 18 107 96 103 62 91 3 7 45 71 120 21 55 104 58 102 113 29 61 5 30 65 6 36 77 15 51 41 11 28 2 25 98 89 26 79 38 100 53 27 116 78 86 75 84 72 39 85 111 12 99 92 43 48 83 49 16 110 87 20 114 90 80 56 57 68 52 14 108 33 47 97 59 32 73 8 54 109 31 10 101 9 69
70 100 63 10 40 20 109 57 82 97 118 6 119 46 120 81 61 11 69 58 26 22 113 34 65 39 43 42 88 71 50 52 18 16 13 115 64 114 83 72 79 38 67 99 103 21 47 66 117 1 80 4 78 89 95 37 101 96 41 102 12 53 111 27 17 107 94 98 91 74 35 92 55 14 76 29 93 62 54 32 51 60 48 15 31 87 108 75 68 19 24 59 25 112 86 33 116 90 36 56 2 3 44 28 110 84 9 23 73 5 8 49 104 30 85 7 106 77 105 45
68 98 61 8 38 18 107 55 80 95 116 4 117 44 118 79 89 9 67 56 24 20 111 32 63 37 41 40 86 69 48 50 16 14 11 113 62 112 81 70 77 36 65 97 101 19 45 64 115 29 78 2 76 87 93 35 99 94 39 100 10 51 109 25 15 105 92 96 119 72 33 120 53 12 74 27 91 90 52 60 49 58 46 13 59 85 106 73 66 17 22 57 23 110 84 31 114 88 34 54 30 1 42 26 108 82 7 21 71 3 6 47 102 28 83 5 104 75 103 43
43 73 36 103 13 113 82 30 55 70 61 99 62 19 63 54 34 104 42 1 119 115 86 7 38 12 16 15 31 44 23 25 111 109 106 88 37 87 56 45 52 11 40 72 76 114 20 39 90 94 53 97 51 32 68 10 74 69 14 75 105 26 84 120 110 80 67 71 64 47 8 65 28 107 49 92 66 35 27 5 24 3 21 108 4 60 81 48 41 112 117 2 118 85 59 6 89 33 9 29 95 96 17 91 83 57 102 116 46 98 101 22 77 93 58 100 79 50 78 18
104 14 97 44 74 54 23 61 116 11 2 40 3 80 4 115 95 45 103 62 60 56 27 68 99 73 77 76 92 105 84 86 52 50 47 29 98 28 117 106 113 72 101 13 17 55 81 100 1 35 114 38 112 93 9 71 15 10 75 16 46 87 25 31 51 21 8 12 5 108 69 6 89 48 110 33 7 96 88 66 85 64 82 49 65 91 22 109 102 53 58 63 59 26 120 67 30 94 70 90 36 37 78 32 24 118 43 57 107 39 42 83 18 34 119 41 20 111 19 79
46 76 39 106 16 116 85 3 58 73 64 102 65 22 66 57 37 107 45 4 92 118 89 10 41 15 19 18 34 47 26 28 114 112 109 61 40 90 59 48 55 14 43 75 79 117 23 42 63 97 56 100 54 35 71 13 77 72 17 78 108 29 87 93 113 83 70 74 67 50 11 68 1 110 52 95 69 38 30 8 27 6 24 111 7 33 84 51 44 115 120 5 91 88 32 9 62 36 12 2 98 99 20 94 86 60 105 119 49 101 104 25 80 96 31 103 82 53 81 21
27 57 20 87 117 67 36 104 9 54 45 83 46 93 47 8 18 88 26 105 73 69 40 111 22 116 120 119 15 28 97 99 65 63 90 42 21 41 10 29 6 115 24 56 60 68 94 23 44 78 7 81 5 16 52 114 58 53 118 59 89 100 38 74 64 34 51 55 48 1 112 49 102 61 3 76 50 19 101 109 98 107 95 62 108 14 35 2 25 66 71 106 72 39 13 110 43 17 113 103 79 80 91 75 37 11 86 70 30 82 85 96 31 77 12 84 33 4 32 92
113 23 106 53 83 33 2 70 95 20 11 49 12 89 13 94 104 54 112 71 39 35 6 77 108 82 86 85 101 114 63 65 31 59 56 8 107 7 96 115 92 81 110 22 26 34 90 109 10 44 93 47 91 102 18 80 24 19 84 25 55 66 4 40 60 30 17 21 14 117 78 15 68 57 119 42 16 105 67 75 64 73 61 58 74 100 1 118 111 32 37 72 38 5 99 76 9 103 79 69 45 46 87 41 3 97 52 36 116 48 51 62 27 43 98 50 29 120 28 88
63 93 86 3 33 13 102 50 75 120 111 29 112 39 113 74 84 4 62 51 19 15 106 57 88 32 36 35 81 64 43 45 11 9 6 108 87 107 76 65 72 31 90 92 96 14 40 89 110 24 73 27 71 82 118 60 94 119 34 95 5 46 104 20 10 100 117 91 114 67 58 115 48 7 69 22 116 85 47 55 44 53 41 8 54 80 101 68 61 12 17 52 18 105 79 56 109 83 59 49 25 26 37 21 103 77 2 16 66 28 1 42 97 23 78 30 99 70 98 38
117 27 110 57 87 37 6 74 99 24 15 53 16 63 17 98 108 58 116 75 43 39 10 81 112 86 90 89 105 118 67 69 35 33 60 12 111 11 100 119 96 85 114 26 30 38 64 113 14 48 97 51 95 106 22 84 28 23 88 29 59 70 8 44 34 4 21 25 18 91 82 19 72 31 93 46 20 109 71 79 68 77 65 32 78 104 5 92 115 36 41 76 42 9 103 80 13 107 83 73 49 50 61 45 7 101 56 40 120 52 55 66 1 47 102 54 3 94 2 62
74 104 67 14 44 24 113 31 86 101 92 10 93 50 94 85 65 15 73 32 30 26 117 38 69 43 47 46 62 75 54 56 22 20 17 119 68 118 87 76 83 42 71 103 107 25 51 70 91 5 84 8 82 63 99 41 105 100 45 106 16 57 115 1 21 111 98 102 95 78 39 96 59 18 80 3 97 66 58 36 55 34 52 19 35 61 112 79 72 23 28 33 29 116 90 37 120 64 40 60 6 7 48 2 114 88 13 27 77 9 12 53 108 4 89 11 110 81 109 49
8 38 1 68 98 78 47 115 20 35 56 64 57 104 58 19 29 69 7 116 84 80 51 92 3 97 101 100 26 9 108 110 76 74 71 53 2 52 21 10 17 96 5 37 41 79 105 4 55 89 18 62 16 27 33 95 39 34 99 40 70 111 49 85 75 45 32 36 59 12 93 60 113 72 14 87 31 30 112 120 109 118 106 73 119 25 46 13 6 77 82 117 83 50 24 91 54 28 94 114 90 61 102 86 48 22 67 81 11 63 66 107 42 88 23 65 44 15 43 103
22 52 15 82 112 62 31 99 4 49 40 78 41 118 42 3 13 83 21 100 68 64 35 106 17 111 115 114 10 23 92 94 90 88 85 37 16 36 5 24 1 110 19 51 55 63 119 18 39 73 2 76 30 11 47 109 53 48 113 54 84 95 33 69 89 59 46 50 43 26 107 44 97 86 28 71 45 14 96 104 93 102 120 87 103 9 60 27 20 61 66 101 67 34 8 105 38 12 108 98 74 75 116 70 32 6 81 65 25 77 80 91 56 72 7 79 58 29 57 117
60 90 53 120 30 100 69 17 42 87 78 116 79 6 80 41 51 91 59 18 106 102 73 24 55 29 3 2 48 31 10 12 98 96 93 75 54 74 43 32 39 28 57 89 63 101 7 56 77 111 40 114 38 49 85 27 61 86 1 62 92 13 71 107 97 67 84 88 81 34 25 82 15 94 36 109 83 52 14 22 11 20 8 95 21 47 68 35 58 99 104 19 105 72 46 23 76 50 26 16 112 113 4 108 70 44 119 103 33 115 118 9 64 110 45 117 66 37 65 5
112 22 105 52 82 32 1 69 94 19 10 48 11 88 12 93 103 53 111 70 38 34 5 76 107 81 85 84 100 113 62 64 60 58 55 7 106 6 95 114 91 80 109 21 25 33 89 108 9 43 92 46 120 101 17 79 23 18 83 24 54 65 3 39 59 29 16 20 13 116 77 14 67 56 118 41 15 104 66 74 63 72 90 57 73 99 30 117 110 31 36 71 37 4 98 75 8 102 78 68 44 45 86 40 2 96 51 35 115 47 50 61 26 42 97 49 28 119 27 87
102 12 95 42 72 52 21 89 114 9 30 38 1 78 2 113 93 43 101 90 58 54 25 66 97 71 75 74 120 103 82 84 50 48 45 27 96 26 115 104 111 70 99 11 15 53 79 98 29 33 112 36 110 91 7 69 13 8 73 14 44 85 23 59 49 19 6 10 3 106 67 4 87 46 108 31 5 94 86 64 83 62 80 47 63 119 20 107 100 51 56 61 57 24 118 65 28 92 68 88 34 35 76 60 22 116 41 55 105 37 40 81 16 32 117 39 18 109 17 77
115 25 108 55 85 35 4 72 97 22 13 51 14 61 15 96 106 56 114 73 41 37 8 79 110 84 88 87 103 116 65 67 33 31 58 10 109 9 98 117 94 83 112 24 28 36 62 111 12 46 95 49 93 104 20 82 26 21 86 27 57 68 6 42 32 2 19 23 16 119 80 17 70 59 91 44 18 107 69 77 66 75 63 60 76 102 3 120 113 34 39 74 40 7 101 78 11 105 81 71 47 48 89 43 5 99 54 38 118 50 53 64 29 45 100 52 1 92 30 90
111 21 104 51 81 31 30 68 93 18 9 47 10 87 11 92 102 52 110 69 37 33 4 75 106 80 84 83 99 112 61 63 59 57 54 6 105 5 94 113 120 79 108 20 24 32 88 107 8 42 91 45 119 100 16 78 22 17 82 23 53 64 2 38 58 28 15 19 12 115 76 13 66 55 117 40 14 103 65 73 62 71 89 56 72 98 29 116 109 60 35 70 36 3 97 74 7 101 77 67 43 44 85 39 1 95 50 34 114 46 49 90 25 41 96 48 27 118 26 86
76 106 69 16 46 26 115 33 88 103 94 12 95 52 96 87 67 17 75 34 2 28 119 40 71 45 49 48 64 77 56 58 24 22 19 91 70 120 89 78 85 44 73 105 109 27 53 72 93 7 86 10 84 65 101 43 107 102 47 108 18 59 117 3 23 113 100 104 97 80 41 98 31 20 82 5 99 68 60 38 57 36 54 21 37 63 114 81 74 25 30 35 1 118 62 39 92 66 42 32 8 9 50 4 116 90 15 29 79 11 14 55 110 6 61 13 112 83 111 51
51 81 44 111 21 91 90 8 33 78 69 107 70 27 71 32 42 112 50 9 97 93 64 15 46 20 24 23 39 52 1 3 119 117 114 66 45 65 34 53 60 19 48 80 84 92 28 47 68 102 31 105 59 40 76 18 82 77 22 83 113 4 62 98 118 88 75 79 72 55 16 73 6 115 57 100 74 43 5 13 2 11 29 116 12 38 89 56 49 120 95 10 96 63 37 14 67 41 17 7 103 104 25 99 61 35 110 94 54 106 109 30 85 101 36 108 87 58 86 26
36 66 59 96 6 106 75 23 48 63 84 92 85 12 86 47 57 97 35 24 112 108 79 30 31 5 9 8 54 37 16 18 104 102 99 81 60 80 49 38 45 4 33 65 69 107 13 32 83 117 46 120 44 55 61 3 67 62 7 68 98 19 77 113 103 73 90 64 87 40 1 88 21 100 42 115 89 58 20 28 17 26 14 101 27 53 74 41 34 105 110 25 111 78 52 29 82 56 2 22 118 119 10 114 76 50 95 109 39 91 94 15 70 116 51 93 72 43 71 11
114 24 107 54 84 34 3 71 96 21 12 50 13 90 14 95 105 55 113 72 40 36 7 78 109 83 87 86 102 115 64 66 32 60 57 9 108 8 97 116 93 82 111 23 27 35 61 110 11 45 94 48 92 103 19 81 25 20 85 26 56 67 5 41 31 1 18 22 15 118 79 16 69 58 120 43 17 106 68 76 65 74 62 59 75 101 2 119 112 33 38 73 39 6 100 77 10 104 80 70 46 47 88 42 4 98 53 37 117 49 52 63 28 44 99 51 30 91 29 89
90 120 83 30 60 10 99 47 72 117 108 26 109 36 110 71 81 1 89 48 16 12 103 54 85 59 33 32 78 61 40 42 8 6 3 105 84 104 73 62 69 58 87 119 93 11 37 86 107 21 70 24 68 79 115 57 91 116 31 92 2 43 101 17 7 97 114 118 111 64 55 112 45 4 66 19 113 82 44 52 41 50 38 5 51 77 98 65 88 9 14 49 15 102 76 53 106 80 56 46 22 23 34 18 100 74 29 13 63 25 28 39 94 20 75 27 96 67 95 35
59 89 52 119 29 99 68 16 41 86 77 115 78 5 79 40 50 120 58 17 105 101 72 23 54 28 2 1 47 60 9 11 97 95 92 74 53 73 42 31 38 27 56 88 62 100 6 55 76 110 39 113 37 48 84 26 90 85 30 61 91 12 70 106 96 66 83 87 80 33 24 81 14 93 35 108 82 51 13 21 10 19 7 94 20 46 67 34 57 98 103 18 104 71 45 22 75 49 25 15 111 112 3 107 69 43 118 102 32 114 117 8 63 109 44 116 65 36 64 4
16 46 9 76 106 86 55 93 28 43 34 72 35 112 36 27 7 77 15 94 62 88 59 100 11 105 109 108 4 17 116 118 84 82 79 31 10 60 29 18 25 104 13 45 49 87 113 12 33 67 26 70 24 5 41 103 47 42 107 48 78 119 57 63 83 53 40 44 37 20 101 38 91 80 22 65 39 8 120 98 117 96 114 81 97 3 54 21 14 85 90 95 61 58 2 99 32 6 102 92 68 69 110 64 56 30 75 89 19 71 74 115 50 66 1 73 52 23 51 111
54 84 47 114 24 94 63 11 36 81 72 110 73 30 74 35 45 115 53 12 100 96 67 18 49 23 27 26 42 55 4 6 92 120 117 69 48 68 37 56 33 22 51 83 87 95 1 50 71 105 34 108 32 43 79 21 85 80 25 86 116 7 65 101 91 61 78 82 75 58 19 76 9 118 60 103 77 46 8 16 5 14 2 119 15 41 62 59 52 93 98 13 99 66 40 17 70 44 20 10 106 107 28 102 64 38 113 97 57 109 112 3 88 104 39 111 90 31 89 29
2 32 25 62 92 72 41 109 14 59 50 88 51 98 52 13 23 63 1 110 78 74 45 116 27 91 95 94 20 3 102 104 70 68 65 47 26 46 15 4 11 120 29 31 35 73 99 28 49 83 12 86 10 21 57 119 33 58 93 34 64 105 43 79 69 39 56 60 53 6 117 54 107 66 8 81 55 24 106 114 103 112 100 67 113 19 40 7 30 71 76 111 77 44 18 115 48 22 118 108 84 85 96 80 42 16 61 75 5 87 90 101 36 82 17 89 38 9 37 97
30 60 23 90 120 70 39 107 12 57 48 86 49 96 50 11 21 61 29 108 76 72 43 114 25 119 93 92 18 1 100 102 68 66 63 45 24 44 13 2 9 118 27 59 33 71 97 26 47 81 10 84 8 19 55 117 31 56 91 32 62 103 41 77 67 37 54 58 51 4 115 52 105 64 6 79 53 22 104 112 101 110 98 65 111 17 38 5 28 69 74 109 75 42 16 113 46 20 116 106 82 83 94 78 40 14 89 73 3 85 88 99 34 80 15 87 36 7 35 95
73 103 66 13 43 23 112 60 85 100 91 9 92 49 93 84 64 14 72 31 29 25 116 37 68 42 46 45 61 74 53 55 21 19 16 118 67 117 86 75 82 41 70 102 106 24 50 69 120 4 83 7 81 62 98 40 104 99 44 105 15 56 114 30 20 110 97 101 94 77 38 95 58 17 79 2 96 65 57 35 54 33 51 18 34 90 111 78 71 22 27 32 28 115 89 36 119 63 39 59 5 6 47 1 113 87 12 26 76 8 11 52 107 3 88 10 109 80 108 48
106 16 99 46 76 56 25 63 118 13 4 42 5 82 6 117 97 47 105 64 32 58 29 70 101 75 79 78 94 107 86 88 54 52 49 1 100 30 119 108 115 74 103 15 19 57 83 102 3 37 116 40 114 95 11 73 17 12 77 18 48 89 27 33 53 23 10 14 7 110 71 8 61 50 112 35 9 98 90 68 87 66 84 51 67 93 24 111 104 55 60 65 31 28 92 69 2 96 72 62 38 39 80 34 26 120 45 59 109 41 44 85 20 36 91 43 22 113 21 81
3 33 26 63 93 73 42 110 15 60 51 89 52 99 53 14 24 64 2 111 79 75 46 117 28 92 96 95 21 4 103 105 71 69 66 48 27 47 16 5 12 91 30 32 36 74 100 29 50 84 13 87 11 22 58 120 34 59 94 35 65 106 44 80 70 40 57 31 54 7 118 55 108 67 9 82 56 25 107 115 104 113 101 68 114 20 41 8 1 72 77 112 78 45 19 116 49 23 119 109 85 86 97 81 43 17 62 76 6 88 61 102 37 83 18 90 39 10 38 98
11 41 4 71 101 81 50 118 23 38 59 67 60 107 31 22 2 72 10 119 87 83 54 95 6 100 104 103 29 12 111 113 79 77 74 56 5 55 24 13 20 99 8 40 44 82 108 7 58 62 21 65 19 30 36 98 42 37 102 43 73 114 52 88 78 48 35 39 32 15 96 33 116 75 17 90 34 3 115 93 112 91 109 76 92 28 49 16 9 80 85 120 86 53 27 94 57 1 97 117 63 64 105 89 51 25 70 84 14 66 69 110 45 61 26 68 47 18 46 106
96 6 119 36 66 46 15 83 108 3 24 32 25 72 26 107 117 37 95 84 52 48 19 90 91 65 69 68 114 97 76 78 44 42 39 21 120 20 109 98 105 64 93 5 9 47 73 92 23 57 106 60 104 115 1 63 7 2 67 8 38 79 17 53 43 13 30 4 27 100 61 28 81 40 102 55 29 118 80 88 77 86 74 41 87 113 14 101 94 45 50 85 51 18 112 89 22 116 62 82 58 59 70 54 16 110 35 49 99 31 34 75 10 56 111 33 12 103 11 71
7 37 30 67 97 77 46 114 19 34 55 63 56 103 57 18 28 68 6 115 83 79 50 91 2 96 100 99 25 8 107 109 75 73 70 52 1 51 20 9 16 95 4 36 40 78 104 3 54 88 17 61 15 26 32 94 38 33 98 39 69 110 48 84 74 44 31 35 58 11 92 59 112 71 13 86 60 29 111 119 108 117 105 72 118 24 45 12 5 76 81 116 82 49 23 120 53 27 93 113 89 90 101 85 47 21 66 80 10 62 65 106 41 87 22 64 43 14 42 102
103 13 96 43 73 53 22 90 115 10 1 39 2 79 3 114 94 44 102 61 59 55 26 67 98 72 76 75 91 104 83 85 51 49 46 28 97 27 116 105 112 71 100 12 16 54 80 99 30 34 113 37 111 92 8 70 14 9 74 15 45 86 24 60 50 20 7 11 4 107 68 5 88 47 109 32 6 95 87 65 84 63 81 48 64 120 21 108 101 52 57 62 58 25 119 66 29 93 69 89 35 36 77 31 23 117 42 56 106 38 41 82 17 33 118 40 19 110 18 78
29 59 22 89 119 69 38 106 11 56 47 85 48 95 49 10 20 90 28 107 75 71 42 113 24 118 92 91 17 30 99 101 67 65 62 44 23 43 12 1 8 117 26 58 32 70 96 25 46 80 9 83 7 18 54 116 60 55 120 31 61 102 40 76 66 36 53 57 50 3 114 51 104 63 5 78 52 21 103 111 100 109 97 64 110 16 37 4 27 68 73 108 74 41 15 112 45 19 115 105 81 82 93 77 39 13 88 72 2 84 87 98 33 79 14 86 35 6 34 94
109 19 102 49 79 59 28 66 91 16 7 45 8 85 9 120 100 50 108 67 35 31 2 73 104 78 82 81 97 110 89 61 57 55 52 4 103 3 92 111 118 77 106 18 22 60 86 105 6 40 119 43 117 98 14 76 20 15 80 21 51 62 30 36 56 26 13 17 10 113 74 11 64 53 115 38 12 101 63 71 90 69 87 54 70 96 27 114 107 58 33 68 34 1 95 72 5 99 75 65 41 42 83 37 29 93 48 32 112 44 47 88 23 39 94 46 25 116 24 84
45 75 38 105 15 115 84 2 57 72 63 101 64 21 65 56 36 106 44 3 91 117 88 9 40 14 18 17 33 46 25 27 113 111 108 90 39 89 58 47 54 13 42 74 78 116 22 41 62 96 55 99 53 34 70 12 76 71 16 77 107 28 86 92 112 82 69 73 66 49 10 67 30 109 51 94 68 37 29 7 26 5 23 110 6 32 83 50 43 114 119 4 120 87 31 8 61 35 11 1 97 98 19 93 85 59 104 118 48 100 103 24 79 95 60 102 81 52 80 20
28 58 21 88 118 68 37 105 10 55 46 84 47 94 48 9 19 89 27 106 74 70 41 112 23 117 91 120 16 29 98 100 66 64 61 43 22 42 11 30 7 116 25 57 31 69 95 24 45 79 8 82 6 17 53 115 59 54 119 60 90 101 39 75 65 35 52 56 49 2 113 50 103 62 4 77 51 20 102 110 99 108 96 63 109 15 36 3 26 67 72 107 73 40 14 111 44 18 114 104 80 81 92 76 38 12 87 71 1 83 86 97 32 78 13 85 34 5 33 93
44 74 37 104 14 114 83 1 56 71 62 100 63 20 64 55 35 105 43 2 120 116 87 8 39 13 17 16 32 45 24 26 112 110 107 89 38 88 57 46 53 12 41 73 77 115 21 40 61 95 54 98 52 33 69 11 75 70 15 76 106 27 85 91 111 81 68 72 65 48 9 66 29 108 50 93 67 36 28 6 25 4 22 109 5 31 82 49 42 113 118 3 119 86 60 7 90 34 10 30 96 97 18 92 84 58 103 117 47 99 102 23 78 94 59 101 80 51 79 19
48 78 41 108 18 118 87 5 60 75 66 104 67 24 68 59 39 109 47 6 94 120 61 12 43 17 21 20 36 49 28 30 116 114 111 63 42 62 31 50 57 16 45 77 81 119 25 44 65 99 58 102 56 37 73 15 79 74 19 80 110 1 89 95 115 85 72 76 69 52 13 70 3 112 54 97 71 40 2 10 29 8 26 113 9 35 86 53 46 117 92 7 93 90 34 11 64 38 14 4 100 101 22 96 88 32 107 91 51 103 106 27 82 98 33 105 84 55 83 23
105 15 98 45 75 55 24 62 117 12 3 41 4 81 5 116 96 46 104 63 31 57 28 69 100 74 78 77 93 106 85 87 53 51 48 30 99 29 118 107 114 73 102 14 18 56 82 101 2 36 115 39 113 94 10 72 16 11 76 17 47 88 26 32 52 22 9 13 6 109 70 7 90 49 111 34 8 97 89 67 86 65 83 50 66 92 23 110 103 54 59 64 60 27 91 68 1 95 71 61 37 38 79 33 25 119 44 58 108 40 43 84 19 35 120 42 21 112 20 80
92 2 115 32 62 42 11 79 104 29 20 58 21 68 22 103 113 33 91 80 48 44 15 86 117 61 65 64 110 93 72 74 40 38 35 17 116 16 105 94 101 90 119 1 5 43 69 118 19 53 102 56 100 111 27 89 3 28 63 4 34 75 13 49 39 9 26 30 23 96 87 24 77 36 98 51 25 114 76 84 73 82 70 37 83 109 10 97 120 41 46 81 47 14 108 85 18 112 88 78 54 55 66 50 12 106 31 45 95 57 60 71 6 52 107 59 8 99 7 67
55 85 48 115 25 95 64 12 37 82 73 111 74 1 75 36 46 116 54 13 101 97 68 19 50 24 28 27 43 56 5 7 93 91 118 70 49 69 38 57 34 23 52 84 88 96 2 51 72 106 35 109 33 44 80 22 86 81 26 87 117 8 66 102 92 62 79 83 76 59 20 77 10 119 31 104 78 47 9 17 6 15 3 120 16 42 63 60 53 94 99 14 100 67 41 18 71 45 21 11 107 108 29 103 65 39 114 98 58 110 113 4 89 105 40 112 61 32 90 30
13 43 6 73 103 83 52 120 25 40 31 69 32 109 33 24 4 74 12 91 89 85 56 97 8 102 106 105 1 14 113 115 81 79 76 58 7 57 26 15 22 101 10 42 46 84 110 9 60 64 23 67 21 2 38 100 44 39 104 45 75 116 54 90 80 50 37 41 34 17 98 35 118 77 19 62 36 5 117 95 114 93 111 78 94 30 51 18 11 82 87 92 88 55 29 96 59 3 99 119 65 66 107 61 53 27 72 86 16 68 71 112 47 63 28 70 49 20 48 108
4 34 27 64 94 74 43 111 16 31 52 90 53 100 54 15 25 65 3 112 80 76 47 118 29 93 97 96 22 5 104 106 72 70 67 49 28 48 17 6 13 92 1 33 37 75 101 30 51 85 14 88 12 23 59 91 35 60 95 36 66 107 45 81 71 41 58 32 55 8 119 56 109 68 10 83 57 26 108 116 105 114 102 69 115 21 42 9 2 73 78 113 79 46 20 117 50 24 120 110 86 87 98 82 44 18 63 77 7 89 62 103 38 84 19 61 40 11 39 99
23 53 16 83 113 63 32 100 5 50 41 79 42 119 43 4 14 84 22 101 69 65 36 107 18 112 116 115 11 24 93 95 61 89 86 38 17 37 6 25 2 111 20 52 56 64 120 19 40 74 3 77 1 12 48 110 54 49 114 55 85 96 34 70 90 60 47 51 44 27 108 45 98 87 29 72 46 15 97 105 94 103 91 88 104 10 31 28 21 62 67 102 68 35 9 106 39 13 109 99 75 76 117 71 33 7 82 66 26 78 81 92 57 73 8 80 59 30 58 118
39 69 32 99 9 109 78 26 51 66 87 95 88 15 89 50 60 100 38 27 115 111 82 3 34 8 12 11 57 40 19 21 107 105 102 84 33 83 52 41 48 7 36 68 72 110 16 35 86 120 49 93 47 58 64 6 70 65 10 71 101 22 80 116 106 76 63 67 90 43 4 61 24 103 45 118 62 31 23 1 20 29 17 104 30 56 77 44 37 108 113 28 114 81 55 2 85 59 5 25 91 92 13 117 79 53 98 112 42 94 97 18 73 119 54 96 75 46 74 14
19 49 12 79 109 89 58 96 1 46 37 75 38 115 39 30 10 80 18 97 65 61 32 103 14 108 112 111 7 20 119 91 87 85 82 34 13 33 2 21 28 107 16 48 52 90 116 15 36 70 29 73 27 8 44 106 50 45 110 51 81 92 60 66 86 56 43 47 40 23 104 41 94 83 25 68 42 11 93 101 120 99 117 84 100 6 57 24 17 88 63 98 64 31 5 102 35 9 105 95 71 72 113 67 59 3 78 62 22 74 77 118 53 69 4 76 55 26 54 114
88 118 81 28 58 8 97 45 70 115 106 24 107 34 108 69 79 29 87 46 14 10 101 52 83 57 31 60 76 89 38 40 6 4 1 103 82 102 71 90 67 56 85 117 91 9 35 84 105 19 68 22 66 77 113 55 119 114 59 120 30 41 99 15 5 95 112 116 109 62 53 110 43 2 64 17 111 80 42 50 39 48 36 3 49 75 96 63 86 7 12 47 13 100 74 51 104 78 54 44 20 21 32 16 98 72 27 11 61 23 26 37 92 18 73 25 94 65 93 33
24 54 17 84 114 64 33 101 6 51 42 80 43 120 44 5 15 85 23 102 70 66 37 108 19 113 117 116 12 25 94 96 62 90 87 39 18 38 7 26 3 112 21 53 57 65 91 20 41 75 4 78 2 13 49 111 55 50 115 56 86 97 35 71 61 31 48 52 45 28 109 46 99 88 30 73 47 16 98 106 95 104 92 89 105 11 32 29 22 63 68 103 69 36 10 107 40 14 110 100 76 77 118 72 34 8 83 67 27 79 82 93 58 74 9 81 60 1 59 119
42 72 35 102 12 112 81 29 54 69 90 98 61 18 62 53 33 103 41 30 118 114 85 6 37 11 15 14 60 43 22 24 110 108 105 87 36 86 55 44 51 10 39 71 75 113 19 38 89 93 52 96 50 31 67 9 73 68 13 74 104 25 83 119 109 79 66 70 63 46 7 64 27 106 48 91 65 34 26 4 23 2 20 107 3 59 80 47 40 111 116 1 117 84 58 5 88 32 8 28 94 95 16 120 82 56 101 115 45 97 100 21 76 92 57 99 78 49 77 17
62 92 85 2 32 12 101 49 74 119 110 28 111 38 112 73 83 3 61 50 18 14 105 56 87 31 35 34 80 63 42 44 10 8 5 107 86 106 75 64 71 60 89 91 95 13 39 88 109 23 72 26 70 81 117 59 93 118 33 94 4 45 103 19 9 99 116 120 113 66 57 114 47 6 68 21 115 84 46 54 43 52 40 7 53 79 100 67 90 11 16 51 17 104 78 55 108 82 58 48 24 25 36 20 102 76 1 15 65 27 30 41 96 22 77 29 98 69 97 37
65 95 88 5 35 15 104 52 77 92 113 1 114 41 115 76 86 6 64 53 21 17 108 59 90 34 38 37 83 66 45 47 13 11 8 110 89 109 78 67 74 33 62 94 98 16 42 61 112 26 75 29 73 84 120 32 96 91 36 97 7 48 106 22 12 102 119 93 116 69 60 117 50 9 71 24 118 87 49 57 46 55 43 10 56 82 103 70 63 14 19 54 20 107 81 58 111 85 31 51 27 28 39 23 105 79 4 18 68 30 3 44 99 25 80 2 101 72 100 40
108 18 101 48 78 58 27 65 120 15 6 44 7 84 8 119 99 49 107 66 34 60 1 72 103 77 81 80 96 109 88 90 56 54 51 3 102 2 91 110 117 76 105 17 21 59 85 104 5 39 118 42 116 97 13 75 19 14 79 20 50 61 29 35 55 25 12 16 9 112 73 10 63 52 114 37 11 100 62 70 89 68 86 53 69 95 26 113 106 57 32 67 33 30 94 71 4 98 74 64 40 41 82 36 28 92 47 31 111 43 46 87 22 38 93 45 24 115 23 83
87 117 80 27 57 7 96 44 69 114 105 23 106 33 107 68 78 28 86 45 13 9 100 51 82 56 60 59 75 88 37 39 5 3 30 102 81 101 70 89 66 55 84 116 120 8 34 83 104 18 67 21 65 76 112 54 118 113 58 119 29 40 98 14 4 94 111 115 108 61 52 109 42 1 63 16 110 79 41 49 38 47 35 2 48 74 95 62 85 6 11 46 12 99 73 50 103 77 53 43 19 20 31 15 97 71 26 10 90 22 25 36 91 17 72 24 93 64 92 32
32 62 55 92 2 102 71 19 44 89 80 118 81 8 82 43 53 93 31 20 108 104 75 26 57 1 5 4 50 33 12 14 100 98 95 77 56 76 45 34 41 30 59 61 65 103 9 58 79 113 42 116 40 51 87 29 63 88 3 64 94 15 73 109 99 69 86 90 83 36 27 84 17 96 38 111 85 54 16 24 13 22 10 97 23 49 70 37 60 101 106 21 107 74 48 25 78 52 28 18 114 115 6 110 72 46 91 105 35 117 120 11 66 112 47 119 68 39 67 7
110 20 103 50 80 60 29 67 92 17 8 46 9 86 10 91 101 51 109 68 36 32 3 74 105 79 83 82 98 111 90 62 58 56 53 5 104 4 93 112 119 78 107 19 23 31 87 106 7 41 120 44 118 99 15 77 21 16 81 22 52 63 1 37 57 27 14 18 11 114 75 12 65 54 116 39 13 102 64 72 61 70 88 55 71 97 28 115 108 59 34 69 35 2 96 73 6 100 76 66 42 43 84 38 30 94 49 33 113 45 48 89 24 40 95 47 26 117 25 85
82 112 75 22 52 2 91 39 64 109 100 18 101 58 102 63 73 23 81 40 8 4 95 46 77 51 55 54 70 83 32 34 30 28 25 97 76 96 65 84 61 50 79 111 115 3 59 78 99 13 62 16 90 71 107 49 113 108 53 114 24 35 93 9 29 119 106 110 103 86 47 104 37 26 88 11 105 74 36 44 33 42 60 27 43 69 120 87 80 1 6 41 7 94 68 45 98 72 48 38 14 15 56 10 92 66 21 5 85 17 20 31 116 12 67 19 118 89 117 57
118 28 111 58 88 38 7 75 100 25 16 54 17 64 18 99 109 59 117 76 44 40 11 82 113 87 61 90 106 119 68 70 36 34 31 13 112 12 101 120 97 86 115 27 1 39 65 114 15 49 98 52 96 107 23 85 29 24 89 30 60 71 9 45 35 5 22 26 19 92 83 20 73 32 94 47 21 110 72 80 69 78 66 33 79 105 6 93 116 37 42 77 43 10 104 81 14 108 84 74 50 51 62 46 8 102 57 41 91 53 56 67 2 48 103 55 4 95 3 63
89 119 82 29 59 9 98 46 71 116 107 25 108 35 109 70 80 30 88 47 15 11 102 53 84 58 32 31 77 90 39 41 7 5 2 104 83 103 72 61 68 57 86 118 92 10 36 85 106 20 69 23 67 78 114 56 120 115 60 91 1 42 100 16 6 96 113 117 110 63 54 111 44 3 65 18 112 81 43 51 40 49 37 4 50 76 97 64 87 8 13 48 14 101 75 52 105 79 55 45 21 22 33 17 99 73 28 12 62 24 27 38 93 19 74 26 95 66 94 34
34 64 57 94 4 104 73 21 46 61 82 120 83 10 84 45 55 95 33 22 110 106 77 28 59 3 7 6 52 35 14 16 102 100 97 79 58 78 47 36 43 2 31 63 67 105 11 60 81 115 44 118 42 53 89 1 65 90 5 66 96 17 75 111 101 71 88 62 85 38 29 86 19 98 40 113 87 56 18 26 15 24 12 99 25 51 72 39 32 103 108 23 109 76 50 27 80 54 30 20 116 117 8 112 74 48 93 107 37 119 92 13 68 114 49 91 70 41 69 9
67 97 90 7 37 17 106 54 79 94 115 3 116 43 117 78 88 8 66 55 23 19 110 31 62 36 40 39 85 68 47 49 15 13 10 112 61 111 80 69 76 35 64 96 100 18 44 63 114 28 77 1 75 86 92 34 98 93 38 99 9 50 108 24 14 104 91 95 118 71 32 119 52 11 73 26 120 89 51 59 48 57 45 12 58 84 105 72 65 16 21 56 22 109 83 60 113 87 33 53 29 30 41 25 107 81 6 20 70 2 5 46 101 27 82 4 103 74 102 42
72 102 65 12 42 22 111 59 84 99 120 8 91 48 92 83 63 13 71 60 28 24 115 36 67 41 45 44 90 73 52 54 20 18 15 117 66 116 85 74 81 40 69 101 105 23 49 68 119 3 82 6 80 61 97 39 103 98 43 104 14 55 113 29 19 109 96 100 93 76 37 94 57 16 78 1 95 64 56 34 53 32 50 17 33 89 110 77 70 21 26 31 27 114 88 35 118 62 38 58 4 5 46 30 112 86 11 25 75 7 10 51 106 2 87 9 108 79 107 47
66 96 89 6 36 16 105 53 78 93 114 2 115 42 116 77 87 7 65 54 22 18 109 60 61 35 39 38 84 67 46 48 14 12 9 111 90 110 79 68 75 34 63 95 99 17 43 62 113 27 76 30 74 85 91 33 97 92 37 98 8 49 107 23 13 103 120 94 117 70 31 118 51 10 72 25 119 88 50 58 47 56 44 11 57 83 104 71 64 15 20 55 21 108 82 59 112 86 32 52 28 29 40 24 106 80 5 19 69 1 4 45 100 26 81 3 102 73 101 41
58 88 51 118 28 98 67 15 40 85 76 114 77 4 78 39 49 119 57 16 104 100 71 22 53 27 1 30 46 59 8 10 96 94 91 73 52 72 41 60 37 26 55 87 61 99 5 54 75 109 38 112 36 47 83 25 89 84 29 90 120 11 69 105 95 65 82 86 79 32 23 80 13 92 34 107 81 50 12 20 9 18 6 93 19 45 66 33 56 97 102 17 103 70 44 21 74 48 24 14 110 111 2 106 68 42 117 101 31 113 116 7 62 108 43 115 64 35 63 3
101 11 94 41 71 51 20 88 113 8 29 37 30 77 1 112 92 42 100 89 57 53 24 65 96 70 74 73 119 102 81 83 49 47 44 26 95 25 114 103 110 69 98 10 14 52 78 97 28 32 111 35 109 120 6 68 12 7 72 13 43 84 22 58 48 18 5 9 2 105 66 3 86 45 107 60 4 93 85 63 82 61 79 46 62 118 19 106 99 50 55 90 56 23 117 64 27 91 67 87 33 34 75 59 21 115 40 54 104 36 39 80 15 31 116 38 17 108 16 76
9 39 2 69 99 79 48 116 21 36 57 65 58 105 59 20 30 70 8 117 85 81 52 93 4 98 102 101 27 10 109 111 77 75 72 54 3 53 22 11 18 97 6 38 42 80 106 5 56 90 19 63 17 28 34 96 40 35 100 41 71 112 50 86 76 46 33 37 60 13 94 31 114 73 15 88 32 1 113 91 110 119 107 74 120 26 47 14 7 78 83 118 84 51 25 92 55 29 95 115 61 62 103 87 49 23 68 82 12 64 67 108 43 89 24 66 45 16 44 104
47 77 40 107 17 117 86 4 59 74 65 103 66 23 67 58 38 108 46 5 93 119 90 11 42 16 20 19 35 48 27 29 115 113 110 62 41 61 60 49 56 15 44 76 80 118 24 43 64 98 57 101 55 36 72 14 78 73 18 79 109 30 88 94 114 84 71 75 68 51 12 69 2 111 53 96 70 39 1 9 28 7 25 112 8 34 85 52 45 116 91 6 92 89 33 10 63 37 13 3 99 100 21 95 87 31 106 120 50 102 105 26 81 97 32 104 83 54 82 22
33 63 56 93 3 103 72 20 45 90 81 119 82 9 83 44 54 94 32 21 109 105 76 27 58 2 6 5 51 34 13 15 101 99 96 78 57 77 46 35 42 1 60 62 66 104 10 59 80 114 43 117 41 52 88 30 64 89 4 65 95 16 74 110 100 70 87 61 84 37 28 85 18 97 39 112 86 55 17 25 14 23 11 98 24 50 71 38 31 102 107 22 108 75 49 26 79 53 29 19 115 116 7 111 73 47 92 106 36 118 91 12 67 113 48 120 69 40 68 8
100 10 93 40 70 50 19 87 112 7 28 36 29 76 30 111 91 41 99 88 56 52 23 64 95 69 73 72 118 101 80 82 48 46 43 25 94 24 113 102 109 68 97 9 13 51 77 96 27 31 110 34 108 119 5 67 11 6 71 12 42 83 21 57 47 17 4 8 1 104 65 2 85 44 106 59 3 92 84 62 81 90 78 45 61 117 18 105 98 49 54 89 55 22 116 63 26 120 66 86 32 33 74 58 20 114 39 53 103 35 38 79 14 60 115 37 16 107 15 75
83 113 76 23 53 3 92 40 65 110 101 19 102 59 103 64 74 24 82 41 9 5 96 47 78 52 56 55 71 84 33 35 1 29 26 98 77 97 66 85 62 51 80 112 116 4 60 79 100 14 63 17 61 72 108 50 114 109 54 115 25 36 94 10 30 120 107 111 104 87 48 105 38 27 89 12 106 75 37 45 34 43 31 28 44 70 91 88 81 2 7 42 8 95 69 46 99 73 49 39 15 16 57 11 93 67 22 6 86 18 21 32 117 13 68 20 119 90 118 58
57 87 50 117 27 97 66 14 39 84 75 113 76 3 77 38 48 118 56 15 103 99 70 21 52 26 30 29 45 58 7 9 95 93 120 72 51 71 40 59 36 25 54 86 90 98 4 53 74 108 37 111 35 46 82 24 88 83 28 89 119 10 68 104 94 64 81 85 78 31 22 79 12 91 33 106 80 49 11 19 8 17 5 92 18 44 65 32 55 96 101 16 102 69 43 20 73 47 23 13 109 110 1 105 67 41 116 100 60 112 115 6 61 107 42 114 63 34 62 2
78 108 71 18 48 28 117 35 90 105 96 14 97 54 98 89 69 19 77 36 4 30 91 42 73 47 51 50 66 79 58 60 26 24 21 93 72 92 61 80 87 46 75 107 111 29 55 74 95 9 88 12 86 67 103 45 109 104 49 110 20 31 119 5 25 115 102 106 99 82 43 100 33 22 84 7 101 70 32 40 59 38 56 23 39 65 116 83 76 27 2 37 3 120 64 41 94 68 44 34 10 11 52 6 118 62 17 1 81 13 16 57 112 8 63 15 114 85 113 53
5 35 28 65 95 75 44 112 17 32 53 61 54 101 55 16 26 66 4 113 81 77 48 119 30 94 98 97 23 6 105 107 73 71 68 50 29 49 18 7 14 93 2 34 38 76 102 1 52 86 15 89 13 24 60 92 36 31 96 37 67 108 46 82 72 42 59 33 56 9 120 57 110 69 11 84 58 27 109 117 106 115 103 70 116 22 43 10 3 74 79 114 80 47 21 118 51 25 91 111 87 88 99 83 45 19 64 78 8 90 63 104 39 85 20 62 41 12 40 100
107 17 100 47 77 57 26 64 119 14 5 43 6 83 7 118 98 48 106 65 33 59 30 71 102 76 80 79 95 108 87 89 55 53 50 2 101 1 120 109 116 75 104 16 20 58 84 103 4 38 117 41 115 96 12 74 18 13 78 19 49 90 28 34 54 24 11 15 8 111 72 9 62 51 113 36 10 99 61 69 88 67 85 52 68 94 25 112 105 56 31 66 32 29 93 70 3 97 73 63 39 40 81 35 27 91 46 60 110 42 45 86 21 37 92 44 23 114 22 82
95 5 118 35 65 45 14 82 107 2 23 31 24 71 25 106 116 36 94 83 51 47 18 89 120 64 68 67 113 96 75 77 43 41 38 20 119 19 108 97 104 63 92 4 8 46 72 91 22 56 105 59 103 114 30 62 6 1 66 7 37 78 16 52 42 12 29 3 26 99 90 27 80 39 101 54 28 117 79 87 76 85 73 40 86 112 13 100 93 44 49 84 50 17 111 88 21 115 61 81 57 58 69 53 15 109 34 48 98 60 33 74 9 55 110 32 11 102 10 70
15 45 8 75 105 85 54 92 27 42 33 71 34 111 35 26 6 76 14 93 61 87 58 99 10 104 108 107 3 16 115 117 83 81 78 60 9 59 28 17 24 103 12 44 48 86 112 11 32 66 25 69 23 4 40 102 46 41 106 47 77 118 56 62 82 52 39 43 36 19 100 37 120 79 21 64 38 7 119 97 116 95 113 80 96 2 53 20 13 84 89 94 90 57 1 98 31 5 101 91 67 68 109 63 55 29 74 88 18 70 73 114 49 65 30 72 51 22 50 110
99 9 92 39 69 49 18 86 111 6 27 35 28 75 29 110 120 40 98 87 55 51 22 63 94 68 72 71 117 100 79 81 47 45 42 24 93 23 112 101 108 67 96 8 12 50 76 95 26 60 109 33 107 118 4 66 10 5 70 11 41 82 20 56 46 16 3 7 30 103 64 1 84 43 105 58 2 91 83 61 80 89 77 44 90 116 17 104 97 48 53 88 54 21 115 62 25 119 65 85 31 32 73 57 19 113 38 52 102 34 37 78 13 59 114 36 15 106 14 74
86 116 79 26 56 6 95 43 68 113 104 22 105 32 106 67 77 27 85 44 12 8 99 50 81 55 59 58 74 87 36 38 4 2 29 101 80 100 69 88 65 54 83 115 119 7 33 82 103 17 66 20 64 75 111 53 117 112 57 118 28 39 97 13 3 93 110 114 107 90 51 108 41 30 62 15 109 78 40 48 37 46 34 1 47 73 94 61 84 5 10 45 11 98 72 49 102 76 52 42 18 19 60 14 96 70 25 9 89 21 24 35 120 16 71 23 92 63 91 31
35 65 58 95 5 105 74 22 47 62 83 91 84 11 85 46 56 96 34 23 111 107 78 29 60 4 8 7 53 36 15 17 103 101 98 80 59 79 48 37 44 3 32 64 68 106 12 31 82 116 45 119 43 54 90 2 66 61 6 67 97 18 76 112 102 72 89 63 86 39 30 87 20 99 41 114 88 57 19 27 16 25 13 100 26 52 73 40 33 104 109 24 110 77 51 28 81 55 1 21 117 118 9 113 75 49 94 108 38 120 93 14 69 115 50 92 71 42 70 10
49 79 42 109 19 119 88 6 31 76 67 105 68 25 69 60 40 110 48 7 95 91 62 13 44 18 22 21 37 50 29 1 117 115 112 64 43 63 32 51 58 17 46 78 82 120 26 45 66 100 59 103 57 38 74 16 80 75 20 81 111 2 90 96 116 86 73 77 70 53 14 71 4 113 55 98 72 41 3 11 30 9 27 114 10 36 87 54 47 118 93 8 94 61 35 12 65 39 15 5 101 102 23 97 89 33 108 92 52 104 107 28 83 99 34 106 85 56 84 24
