1 12 10 8 6 14 4 25 23 21 19 2 17 15 16 18 3 20 22 24 5 7 9 11 13 26
3 1 12 10 8 16 6 14 25 23 21 4 19 17 18 20 5 22 24 26 7 9 11 13 2 15
14 25 23 21 19 1 17 12 10 8 6 15 4 2 3 5 16 7 9 11 18 20 22 24 26 13
16 14 25 23 21 3 19 1 12 10 8 17 6 4 5 7 18 9 11 13 20 22 24 26 15 2
18 16 14 25 23 5 21 3 1 12 10 19 8 6 7 9 20 11 13 2 22 24 26 15 17 4
5 3 1 12 10 18 8 16 14 25 23 6 21 19 20 22 7 24 26 15 9 11 13 2 4 17
20 18 16 14 25 7 23 5 3 1 12 21 10 8 9 11 22 13 2 4 24 26 15 17 19 6
7 5 3 1 12 20 10 18 16 14 25 8 23 21 22 24 9 26 15 17 11 13 2 4 6 19
22 20 18 16 14 9 25 7 5 3 1 23 12 10 11 13 24 2 4 6 26 15 17 19 21 8
9 7 5 3 1 22 12 20 18 16 14 10 25 23 24 26 11 15 17 19 13 2 4 6 8 21
11 9 7 5 3 24 1 22 20 18 16 12 14 25 26 15 13 17 19 21 2 4 6 8 10 23
24 22 20 18 16 11 14 9 7 5 3 25 1 12 13 2 26 4 6 8 15 17 19 21 23 10
13 11 9 7 5 26 3 24 22 20 18 1 16 14 15 17 2 19 21 23 4 6 8 10 12 25
26 24 22 20 18 13 16 11 9 7 5 14 3 1 2 4 15 6 8 10 17 19 21 23 25 12
25 23 21 19 17 12 15 10 8 6 4 26 2 13 1 3 14 5 7 9 16 18 20 22 24 11
23 21 19 17 15 10 26 8 6 4 2 24 13 11 12 1 25 3 5 7 14 16 18 20 22 9
12 10 8 6 4 25 2 23 21 19 17 13 15 26 14 16 1 18 20 22 3 5 7 9 11 24
21 19 17 15 26 8 24 6 4 2 13 22 11 9 10 12 23 1 3 5 25 14 16 18 20 7
19 17 15 26 24 6 22 4 2 13 11 20 9 7 8 10 21 12 1 3 23 25 14 16 18 5
10 8 6 4 2 23 13 21 19 17 15 11 26 24 25 14 12 16 18 20 1 3 5 7 9 22
17 15 26 24 22 4 20 2 13 11 9 18 7 5 6 8 19 10 12 1 21 23 25 14 16 3
8 6 4 2 13 21 11 19 17 15 26 9 24 22 23 25 10 14 16 18 12 1 3 5 7 20
6 4 2 13 11 19 9 17 15 26 24 7 22 20 21 23 8 25 14 16 10 12 1 3 5 18
15 26 24 22 20 2 18 13 11 9 7 16 5 3 4 6 17 8 10 12 19 21 23 25 14 1
4 2 13 11 9 17 7 15 26 24 22 5 20 18 19 21 6 23 25 14 8 10 12 1 3 16
2 13 11 9 7 15 5 26 24 22 20 3 18 16 17 19 4 21 23 25 6 8 10 12 1 14
