24 100
24 12 22 63 23 100 69 5 1 88 6 4 1 31 9 17 65 93 37 39 70 47 90 5 6 48 49 96 49 46 95 30 73 3 82 93 17 60 87 44 50 58 95 69 1 11 6 78 82 46 23 28 37 48 62 87 75 40 36 96 17 100 55 13 18 1 15 17 12 47 78 5 35 42 68 36 33 30 24 52 83 40 70 35 67 36 27 35 80 25 56 62 34 92 42 15 15 73 24 71
66 15 57 93 56 88 38 58 34 48 98 45 76 69 5 53 42 90 8 38 10 25 12 27 71 86 18 23 72 91 97 96 85 38 40 2 73 33 32 58 99 35 36 25 62 65 28 44 81 66 73 87 7 86 80 66 20 27 27 98 22 99 86 50 44 12 43 62 95 80 91 68 84 81 18 74 8 58 75 58 4 44 94 78 57 18 100 60 45 94 39 18 32 74 83 7 48 63 46 5
29 29 93 13 74 45 45 14 66 26 23 70 48 13 76 27 47 45 13 11 47 87 12 21 46 19 37 10 84 41 6 93 19 89 4 68 63 3 8 64 64 12 83 92 55 15 78 43 53 37 22 97 56 78 57 62 64 42 51 84 43 85 34 56 26 43 63 29 65 60 47 32 46 96 75 97 11 32 84 44 24 12 67 37 31 48 50 2 39 47 69 99 44 95 51 89 44 3 26 28
56 30 62 75 57 71 35 20 4 92 94 81 23 69 81 4 1 12 64 91 70 39 16 85 28 43 51 100 27 69 58 81 14 63 2 55 16 72 44 57 24 97 25 79 46 33 6 40 35 2 61 3 65 5 83 25 29 58 36 13 86 49 46 21 5 87 58 94 83 35 93 20 33 29 72 11 33 82 76 15 26 30 87 97 12 89 22 100 66 3 77 21 86 48 50 7 16 32 78 88
7 88 66 93 70 71 55 30 45 70 71 60 89 9 90 90 56 71 41 81 39 78 70 15 25 61 58 43 59 28 6 79 91 31 11 1 51 60 2 39 72 60 37 12 53 18 52 48 28 16 77 88 56 36 84 79 17 64 47 70 38 46 67 73 27 81 61 51 81 10 82 91 40 5 80 17 40 97 23 33 68 27 72 5 6 95 86 94 86 6 88 66 54 86 48 81 87 57 95 72
35 83 10 60 25 59 71 89 92 26 38 56 48 88 36 80 40 25 60 82 66 53 57 41 90 45 21 71 99 100 61 14 77 54 50 20 69 100 66 47 36 74 85 30 81 16 81 2 18 49 34 1 31 75 94 75 26 45 90 24 44 12 27 39 83 51 87 58 26 31 29 60 41 20 80 97 30 33 5 58 68 24 8 7 84 95 92 42 59 76 60 87 37 31 38 42 65 55 31 99
79 52 1 50 85 12 80 59 63 69 98 40 95 100 95 22 9 86 21 36 20 62 22 92 46 84 89 35 96 89 52 81 56 68 81 3 50 46 8 11 88 7 71 60 70 23 6 44 2 19 72 40 25 37 92 63 100 43 92 7 75 13 69 18 66 54 17 50 67 31 28 10 6 84 92 19 89 45 30 32 24 58 82 22 90 11 30 88 14 41 63 93 83 79 7 53 88 98 98 8
96 42 73 46 84 34 6 80 12 84 85 2 10 79 96 59 11 39 41 36 8 29 27 1 78 48 60 18 94 84 26 35 26 51 34 73 78 23 83 31 8 94 73 34 20 30 3 77 93 65 35 50 70 7 79 31 74 58 34 74 96 61 99 25 72 22 31 31 64 50 1 48 92 66 1 53 2 76 98 18 31 34 67 86 56 83 35 80 10 23 33 32 11 36 24 89 50 28 84 18
3 24 56 60 40 48 57 70 49 40 26 42 9 88 2 97 43 33 35 74 38 7 51 12 2 33 62 20 8 20 13 40 2 79 86 58 96 8 98 85 76 30 41 15 32 49 10 6 50 94 28 35 91 96 30 26 93 100 60 88 11 82 15 7 89 65 29 66 1 75 75 31 59 31 93 23 54 25 53 17 37 1 69 43 39 68 65 91 16 86 42 11 18 86 13 70 8 18 60 29
70 64 76 58 95 13 77 37 73 78 58 86 17 42 54 16 52 6 32 70 27 34 80 60 85 61 31 30 92 12 95 65 87 83 49 20 18 66 61 17 48 46 38 46 77 86 83 48 22 11 99 15 83 16 14 99 96 2 42 45 15 41 3 32 100 17 98 49 54 90 86 35 84 100 14 35 25 24 33 66 35 45 87 58 75 4 37 37 80 13 80 2 80 64 42 73 82 56 72 19
34 91 19 100 84 72 79 95 85 8 47 66 45 70 99 32 4 39 76 77 36 2 99 61 68 41 86 65 84 94 6 56 75 83 32 39 84 11 16 98 17 6 53 33 67 61 63 71 60 44 63 95 52 70 11 54 5 80 71 55 18 2 45 19 12 41 85 96 72 35 62 26 94 79 11 94 1 90 59 33 1 55 58 3 100 92 50 2 57 34 11 66 93 37 47 32 24 93 47 52
60 2 43 73 11 49 38 41 4 94 88 18 30 88 94 18 17 60 34 88 75 78 32 37 35 17 74 27 30 67 77 30 57 8 13 42 52 54 77 74 51 96 45 4 31 4 78 75 53 34 22 96 60 56 53 5 50 12 9 53 55 84 55 38 74 7 39 1 70 98 24 78 42 20 74 81 13 33 98 6 74 15 34 90 46 100 26 24 37 10 16 85 81 99 5 72 51 93 54 15
59 59 43 55 21 90 35 28 3 89 51 87 84 82 94 3 27 63 28 73 93 13 16 95 47 92 8 24 69 97 28 86 57 87 87 7 52 79 41 62 21 56 99 79 69 51 79 6 42 60 22 80 44 47 80 68 89 52 62 59 38 15 79 52 84 57 27 38 68 53 99 81 15 48 84 93 59 14 100 95 36 31 52 65 92 35 64 82 43 2 21 16 12 4 66 77 6 9 99 90
84 66 41 59 98 15 90 61 41 60 85 54 83 80 26 81 52 33 64 51 62 22 33 83 26 11 46 95 81 84 55 1 29 58 56 43 60 68 39 91 64 100 67 68 93 68 52 47 37 89 56 34 85 60 40 61 21 12 25 60 32 61 8 46 1 27 62 33 7 12 85 72 22 94 85 32 25 62 19 19 93 4 61 48 40 96 40 13 100 59 17 67 55 96 33 1 30 39 85 66
51 93 31 39 45 34 95 22 40 46 10 53 74 17 2 12 48 59 36 43 47 16 61 56 31 89 90 35 91 45 76 65 82 37 73 68 88 49 69 66 72 96 89 6 47 52 4 46 35 16 57 23 46 16 50 60 74 33 44 51 32 98 52 14 42 83 67 35 88 82 39 77 43 85 57 61 81 58 33 46 15 71 73 37 57 86 66 30 38 22 61 25 26 60 43 5 18 48 30 69
43 17 22 90 67 24 41 70 83 65 55 88 91 29 26 90 85 98 83 62 43 54 63 29 23 1 7 99 54 58 21 65 71 62 53 49 24 1 81 46 84 27 81 21 56 64 31 41 89 85 68 64 31 29 77 16 5 44 39 95 43 23 68 23 99 14 24 58 44 13 13 39 43 87 75 100 84 18 80 10 37 74 57 60 76 49 68 68 64 1 64 61 24 38 44 27 7 16 4 74
49 14 1 99 97 86 10 97 89 3 94 2 42 65 95 87 41 88 2 64 70 17 69 49 81 47 91 42 36 4 99 84 66 78 6 57 84 66 89 9 3 73 72 31 42 62 57 76 42 65 21 57 61 87 37 64 58 11 79 71 89 42 7 96 20 8 43 2 31 53 20 38 72 66 66 11 27 41 23 35 100 88 88 92 44 7 7 48 20 25 11 58 46 27 96 50 9 5 16 68
22 95 43 46 46 13 80 42 56 63 1 73 5 78 8 46 99 29 52 96 14 61 68 75 23 70 36 19 31 7 98 61 21 78 30 16 60 78 87 6 50 11 8 5 31 22 15 78 35 22 2 65 96 23 77 75 73 67 53 62 9 52 36 21 97 60 38 37 10 57 66 61 12 77 19 95 82 76 27 29 7 24 92 72 6 8 50 77 27 78 34 99 4 7 86 58 49 76 86 96
72 87 1 46 94 42 78 55 16 80 15 25 75 45 2 34 60 47 63 93 21 84 99 90 62 45 80 38 85 70 98 9 43 35 48 41 100 9 9 41 47 98 88 32 35 49 72 18 15 100 32 31 71 60 57 44 41 89 66 92 53 62 51 28 86 93 95 31 82 82 53 22 46 63 92 1 3 22 95 45 54 55 26 60 58 98 58 32 80 54 29 64 6 61 68 65 25 70 59 78
29 49 97 17 85 86 5 52 48 98 46 77 26 85 8 19 92 58 84 58 24 31 64 34 95 30 13 65 76 8 23 84 20 42 21 11 37 75 42 2 53 88 89 76 69 49 54 72 92 69 22 23 59 53 39 35 36 65 54 15 40 17 52 81 27 66 53 38 52 31 72 6 51 49 16 5 37 47 96 75 7 26 41 33 11 86 67 58 89 63 24 27 16 77 16 59 43 72 6 60
68 77 49 80 88 39 84 32 33 59 91 21 6 1 12 42 87 17 39 51 95 98 17 46 40 98 33 96 42 44 7 24 85 1 43 56 18 92 60 74 77 46 86 28 74 30 19 73 32 82 11 18 41 8 40 34 33 66 34 39 94 15 96 98 37 79 73 18 40 55 60 2 70 39 53 39 78 62 50 3 56 13 83 12 83 20 46 13 21 56 79 92 7 36 77 95 42 16 64 99
6 60 61 52 91 86 97 47 35 96 13 2 17 31 87 60 81 15 96 66 90 68 53 23 75 51 87 1 95 18 6 6 93 32 1 20 76 99 28 66 19 52 37 28 78 35 72 6 44 68 3 62 99 18 39 37 48 60 93 94 68 71 21 44 79 34 26 7 33 55 36 2 44 14 21 76 100 9 17 91 23 82 90 12 57 67 85 17 65 23 95 66 65 71 16 95 30 86 43 76
15 60 49 62 57 31 33 87 69 37 51 73 6 84 25 19 83 98 83 35 90 29 1 59 91 20 8 57 38 32 5 7 16 57 77 91 75 50 74 7 79 92 28 14 65 99 29 94 68 7 34 56 31 9 64 75 9 56 91 41 69 41 54 100 47 83 70 10 8 59 2 58 49 1 46 65 65 85 97 70 35 87 37 7 77 35 14 13 87 70 7 11 45 79 20 32 53 67 43 24
46 22 59 63 92 60 84 7 49 81 21 53 5 85 96 84 63 64 26 41 46 94 19 40 29 89 98 62 23 30 92 92 52 64 5 47 94 73 10 74 17 99 85 78 56 89 51 47 29 19 5 76 53 65 84 7 93 44 65 26 46 99 45 11 74 96 42 4 77 29 29 88 46 67 58 37 75 59 3 40 80 52 56 25 88 58 56 92 38 89 40 84 57 7 23 7 1 82 84 72
1 72
