27 100
9 13 75 24 40 57 100 16 12 33 61 38 65 23 44 94 95 60 68 30 18 68 95 31 86 13 51 34 52 49 13 60 31 23 45 43 100 10 24 58 62 87 100 77 55 30 76 58 81 76 34 29 78 12 75 98 93 9 2 10 51 26 53 25 55 70 30 14 37 32 95 53 7 29 67 80 91 81 39 71 66 25 57 33 89 76 17 44 27 13 79 69 24 71 94 38 45 97 29 18
61 54 28 100 13 19 59 40 61 64 83 40 62 43 15 57 70 44 41 20 91 74 43 49 8 52 70 15 45 37 98 82 67 97 15 87 42 77 62 80 2 63 62 26 71 68 68 61 89 37 80 23 5 26 60 49 61 70 24 89 80 49 85 70 76 52 89 59 33 36 23 96 37 15 15 43 63 74 74 17 51 90 12 91 69 59 68 89 73 100 76 42 72 32 19 94 38 59 33 39
99 19 26 56 78 23 3 5 69 88 35 93 30 95 7 7 71 8 99 30 96 98 35 80 36 13 74 74 47 10 99 83 26 86 87 69 2 47 93 31 41 18 70 26 12 20 76 19 80 50 7 98 40 96 12 3 97 93 72 99 46 1 47 31 84 98 7 90 3 64 56 18 27 53 7 83 77 26 32 40 11 99 34 51 67 35 47 97 36 22 25 36 71 89 18 56 72 42 65 99
7 53 35 33 32 76 22 28 55 95 70 88 76 5 63 57 60 34 36 64 6 75 91 82 99 61 75 93 39 54 17 36 5 86 51 51 39 35 64 37 72 49 2 9 84 67 86 70 79 57 56 87 78 56 88 39 1 45 50 82 63 86 3 6 82 83 42 39 100 50 52 55 39 88 12 14 70 45 60 16 37 8 25 90 13 73 47 77 97 78 43 71 94 66 56 100 8 5 35 82
16 62 22 25 16 62 80 28 90 92 99 86 25 48 53 34 17 47 5 67 75 38 7 49 59 39 87 50 53 62 74 22 73 49 19 91 27 5 43 2 56 11 9 72 55 12 4 98 68 57 100 29 60 3 5 59 3 76 92 56 88 4 3 30 85 25 89 30 81 72 52 80 76 58 86 34 91 96 64 54 57 95 18 92 11 32 9 9 96 25 83 23 42 35 79 62 87 22 78 56
81 96 31 62 99 25 20 41 97 76 3 90 48 65 86 59 52 34 83 27 40 7 53 62 90 21 45 10 92 26 9 99 59 63 89 40 32 97 69 44 98 57 28 10 54 4 52 74 71 67 88 58 46 20 13 25 51 56 57 63 51 47 35 78 12 7 33 27 35 21 92 19 61 70 79 63 50 83 33 9 13 97 63 40 59 66 39 84 12 55 91 76 83 60 51 42 58 15 79 94
89 65 49 27 95 27 13 64 16 6 36 65 9 36 72 63 89 25 83 8 66 42 96 77 75 17 69 69 39 83 11 69 53 25 13 75 34 88 85 21 96 94 81 68 79 42 91 83 34 99 10 8 23 50 59 94 32 83 65 45 67 20 17 65 23 38 27 39 56 6 87 91 83 65 52 48 15 25 97 86 13 74 23 60 70 45 24 44 36 81 15 66 32 81 30 52 15 31 47 99
92 64 15 25 31 37 34 5 58 84 25 58 23 85 90 72 31 49 12 82 94 75 32 18 80 66 93 8 49 60 57 63 42 6 30 51 59 25 18 85 87 35 83 50 86 52 63 89 90 62 41 80 6 49 59 47 38 3 46 96 38 57 41 84 7 100 47 85 92 50 76 54 66 78 3 47 96 79 51 2 12 74 81 58 32 55 28 76 2 57 82 81 85 19 12 53 61 67 34 88
51 86 56 87 15 10 70 67 28 31 45 95 68 55 19 33 97 42 44 65 81 22 19 62 98 33 33 18 30 98 83 94 45 55 79 84 67 18 95 92 95 19 13 84 70 96 40 32 20 69 37 30 1 17 51 19 14 99 88 36 10 77 2 21 33 96 51 66 84 30 62 69 23 79 7 2 90 37 47 55 17 65 61 64 48 79 86 20 100 81 26 98 95 88 100 57 68 86 75 72
13 87 23 54 66 40 52 76 77 91 31 38 1 64 43 26 45 13 82 9 16 32 34 80 99 12 20 24 92 4 76 50 15 63 67 36 35 69 79 90 22 92 83 10 50 92 52 84 69 60 85 31 42 51 88 86 29 8 23 16 27 21 71 68 55 12 9 2 35 42 84 100 13 58 24 50 38 84 11 18 99 95 10 37 26 50 68 32 25 44 87 4 48 28 41 11 90 89 77 72
68 35 3 35 74 57 44 86 40 16 4 21 59 67 25 99 21 41 67 15 16 80 14 28 3 22 45 94 71 91 59 66 16 36 77 98 34 35 62 18 61 65 19 92 5 78 71 82 50 69 83 66 29 45 99 29 41 53 76 81 15 9 52 9 98 74 81 61 60 74 70 35 56 66 32 3 69 22 10 44 25 16 54 73 32 6 78 58 69 12 56 52 40 3 59 36 83 36 35 72
16 9 8 72 96 3 8 55 52 22 80 3 59 53 28 49 97 55 24 67 47 55 7 87 48 45 52 47 29 54 28 72 11 36 53 69 88 8 6 42 9 66 13 98 23 41 47 89 21 56 80 36 99 26 92 79 90 19 63 90 26 45 86 20 71 56 72 79 41 53 30 86 60 3 23 54 5 10 5 13 62 66 34 25 46 34 88 31 75 6 1 34 53 67 39 44 30 39 33 100
25 79 13 62 38 20 84 62 77 78 49 9 70 60 90 39 50 38 21 64 5 53 28 14 51 90 14 68 11 68 4 86 91 65 5 59 77 65 59 38 83 47 15 45 85 46 80 61 46 34 73 76 30 88 95 50 66 34 80 69 83 72 54 72 55 32 92 80 67 18 32 62 32 41 68 54 61 92 45 39 91 58 63 29 45 59 47 50 92 33 19 14 24 44 70 59 93 74 49 25
48 28 11 98 35 14 42 23 76 91 12 94 54 63 19 6 71 91 98 63 52 5 17 79 80 93 20 57 82 13 93 74 46 42 69 43 24 4 27 88 33 78 82 21 40 76 98 7 2 59 94 51 11 5 9 76 90 42 97 84 5 60 23 99 59 8 1 48 76 58 95 70 80 21 37 60 4 81 95 5 88 39 46 5 95 37 72 54 51 95 59 99 66 27 99 81 58 34 39 33
54 5 8 4 62 45 91 87 35 78 42 15 52 84 15 6 50 14 72 11 9 89 8 71 90 43 1 11 83 53 68 3 78 83 76 94 70 72 47 83 11 4 39 25 74 40 35 47 47 66 51 62 18 71 3 2 11 23 5 29 26 15 63 24 80 82 58 88 8 28 61 90 62 66 51 35 75 69 12 41 11 75 48 56 9 13 65 66 55 23 88 91 40 46 44 82 28 13 70 94
52 4 14 42 19 32 13 38 90 39 12 67 60 40 12 43 99 91 32 22 81 43 41 46 12 30 7 41 75 13 57 97 62 93 41 79 6 79 37 56 39 72 43 46 56 38 49 17 19 37 54 35 10 87 100 53 6 49 4 71 96 32 66 28 39 49 50 83 64 37 67 52 66 98 11 32 58 60 5 1 76 84 43 99 37 40 37 96 95 25 20 86 39 8 5 19 58 62 45 80
12 12 68 79 24 36 26 43 87 2 71 8 97 47 57 100 61 29 81 8 26 5 94 73 49 36 38 59 12 35 79 21 82 59 18 66 76 98 79 70 65 80 16 32 55 94 18 42 97 75 51 87 14 14 82 32 57 45 73 58 19 49 66 42 22 51 7 54 62 60 19 10 70 38 34 67 92 50 5 99 42 16 39 27 82 58 97 23 47 37 47 66 13 70 56 76 77 26 87 86
98 59 52 13 41 37 11 40 75 70 94 25 14 70 34 3 87 79 18 31 71 98 51 91 33 40 37 46 93 82 96 7 21 62 52 13 15 4 58 92 52 70 5 42 80 24 59 52 99 8 33 19 21 31 33 87 43 94 11 96 77 71 72 7 34 69 78 93 46 63 8 89 87 2 95 25 56 10 61 28 89 97 30 15 86 52 42 72 20 73 64 62 22 99 70 32 1 77 83 37
88 75 80 61 61 14 87 15 98 49 67 57 57 83 5 20 93 22 21 97 82 39 15 72 89 4 55 73 54 92 77 34 4 46 73 55 9 55 49 30 19 88 86 51 80 49 31 20 34 4 14 50 60 10 16 99 75 77 13 58 26 72 10 83 67 78 34 16 47 12 9 5 30 83 48 76 80 23 23 89 90 78 9 100 63 29 24 86 99 34 86 28 79 4 89 68 95 3 24 50
27 57 96 72 39 86 84 18 79 61 97 35 56 24 14 93 96 69 94 25 66 39 25 26 56 25 87 17 6 79 41 47 78 39 77 3 15 13 30 20 16 24 38 16 48 35 62 59 80 24 2 81 70 89 98 48 6 10 22 79 83 16 27 33 83 61 76 35 28 41 30 14 80 31 28 78 90 66 64 42 18 88 64 85 93 7 34 26 59 43 96 61 75 53 33 64 2 43 50 87
24 21 93 88 58 26 69 20 38 97 25 20 66 48 9 33 50 1 68 33 17 52 72 99 56 62 92 38 11 45 21 67 62 38 74 27 98 13 57 66 33 52 55 55 21 73 39 17 49 3 88 59 50 97 47 65 76 36 34 25 35 67 43 67 3 18 49 10 44 21 26 88 78 88 8 30 22 57 4 42 71 10 78 46 2 79 27 36 90 57 78 12 85 34 55 56 90 55 67 45
44 80 58 15 37 52 31 33 13 82 64 82 63 5 23 82 39 61 94 55 35 35 44 16 13 53 6 57 22 20 54 32 99 32 80 10 47 56 76 53 86 19 17 79 17 12 38 41 59 87 43 22 9 13 72 71 56 21 98 98 94 57 44 64 64 45 32 53 87 68 20 36 70 49 33 77 1 23 19 93 53 81 91 33 34 80 63 59 32 68 21 59 47 63 1 4 31 89 11 49
85 17 65 12 43 22 7 78 52 67 42 69 34 20 52 97 57 31 88 31 7 92 59 13 35 33 23 60 41 18 91 52 1 54 65 97 15 24 71 96 85 71 52 17 28 63 64 36 35 66 71 72 68 52 6 59 33 11 16 21 8 43 22 28 7 39 60 81 18 86 78 90 20 23 35 18 89 62 70 60 74 81 100 12 100 64 32 37 17 25 19 45 34 25 88 65 40 76 36 82
50 9 47 72 57 44 6 75 20 26 2 5 64 96 16 61 73 17 44 39 3 75 56 98 87 38 63 9 71 6 15 51 73 79 42 67 88 40 98 20 46 53 53 57 96 28 82 82 21 81 98 50 12 34 3 51 17 68 85 98 76 80 80 40 54 94 43 89 30 81 64 25 73 9 62 58 23 76 46 44 79 78 90 97 51 69 5 77 70 6 49 35 8 10 11 10 5 49 71 41
22 14 97 67 31 82 81 55 31 88 40 37 40 36 85 84 96 65 45 11 21 48 63 12 38 60 57 11 31 21 93 24 9 36 16 81 63 82 74 77 62 37 69 87 98 57 90 20 60 68 55 61 30 31 67 17 70 87 5 61 59 60 41 47 33 97 14 67 13 95 22 10 11 78 20 69 11 23 33 63 29 12 56 87 5 18 10 59 44 49 19 72 65 88 27 47 44 51 29 37
14 84 16 52 11 95 57 16 71 33 50 7 33 8 50 5 23 89 75 21 76 17 75 94 69 88 47 95 77 14 99 19 69 25 76 34 100 24 64 70 96 27 46 11 87 20 43 4 59 88 18 67 59 64 17 13 75 69 34 59 32 60 87 78 2 62 54 96 36 9 74 49 48 30 60 92 100 37 15 75 9 88 44 22 92 8 58 64 32 37 35 32 58 3 26 77 9 60 35 75
98 15 46 40 25 60 80 96 3 78 68 98 18 27 96 16 47 99 89 23 43 58 75 97 66 74 42 33 47 26 70 58 87 61 20 100 6 71 63 9 96 99 28 33 61 64 74 71 13 35 18 15 49 15 48 74 52 93 9 40 27 68 99 81 45 67 52 35 36 91 79 14 23 60 54 33 34 8 62 27 17 88 42 34 92 85 60 87 76 92 58 52 89 71 18 36 26 50 63 19
1 97
