11 100
70 96 89 6 50 20 84 60 33 95 94 29 63 47 18 71 12 68 71 49 99 19 95 62 27 3 35 100 86 32 13 93 41 91 98 82 9 67 8 75 81 19 69 36 18 74 74 27 37 14 30 51 73 62 80 78 2 27 36 81 79 66 2 31 89 41 17 41 78 50 26 5 3 95 87 34 70 44 72 66 88 44 21 20 8 87 66 87 87 11 82 81 58 44 76 20 99 58 25 88
56 67 44 83 14 2 37 76 67 50 79 80 21 84 78 5 33 81 33 50 64 33 45 4 29 57 12 24 98 2 39 70 83 8 72 80 90 76 45 41 97 30 15 98 22 4 80 32 14 85 10 36 51 79 73 26 6 9 61 31 26 34 21 47 71 16 93 24 39 50 9 77 97 42 37 55 17 24 15 91 93 97 79 38 31 44 82 100 33 21 91 14 23 17 53 40 24 99 8 3
70 87 44 56 90 73 11 79 45 58 51 37 45 12 99 51 48 5 25 65 40 32 66 16 30 35 66 60 59 46 72 26 46 51 3 95 60 12 35 35 74 84 65 23 95 22 39 19 83 100 45 1 9 46 7 9 66 45 44 23 51 16 17 52 55 74 60 93 87 1 25 14 1 49 20 15 13 35 21 83 55 3 10 1 15 51 29 21 99 13 60 97 97 49 51 45 86 68 53 58
4 46 3 52 56 13 80 11 65 88 35 10 100 85 77 31 90 59 84 37 97 61 89 71 43 41 26 53 37 38 53 26 17 38 91 57 65 17 57 94 22 72 51 8 26 7 97 89 54 75 16 16 5 24 99 7 31 21 59 57 94 51 33 97 57 78 32 93 56 80 16 77 41 11 45 65 2 71 70 14 32 46 54 86 78 35 42 3 80 24 9 44 64 31 99 76 9 80 26 37
83 82 4 66 12 66 75 90 70 47 44 47 91 17 65 71 16 85 51 67 98 78 88 30 60 83 21 10 70 22 46 28 36 35 33 3 33 4 67 25 28 58 15 79 27 14 89 36 83 5 100 37 14 71 93 24 24 70 90 36 9 44 51 78 26 64 20 76 71 96 8 36 48 57 32 94 5 47 59 51 84 94 71 99 2 20 54 24 18 84 91 64 9 96 93 64 1 95 15 51
3 21 47 35 4 94 94 52 15 83 77 35 82 73 48 88 8 7 77 52 38 65 41 12 67 100 100 72 29 10 52 6 87 28 66 64 46 15 25 61 99 10 53 21 1 28 13 16 52 35 10 67 30 61 17 47 65 82 73 56 35 9 27 7 25 79 71 41 49 95 46 46 69 53 86 51 65 18 24 40 96 77 7 98 100 61 98 97 85 29 2 68 18 54 86 21 20 45 41 1
33 75 60 82 63 58 21 51 87 83 48 54 82 54 50 39 55 72 81 7 50 26 29 78 78 99 31 21 5 34 49 4 91 37 67 21 47 27 48 15 57 15 77 72 73 31 30 80 51 66 68 24 88 15 38 24 80 15 17 37 94 90 13 23 30 15 51 67 44 92 65 27 54 71 36 10 25 67 59 60 4 20 17 72 40 23 47 1 75 62 76 27 1 22 7 81 26 4 28 85
58 63 43 33 27 62 28 82 95 31 89 96 31 4 91 55 61 30 14 77 91 45 96 98 65 53 94 98 39 37 15 78 61 6 55 3 14 36 93 62 57 93 61 58 75 80 59 98 39 80 74 76 60 43 42 87 23 27 82 10 34 20 31 70 18 72 39 44 73 69 27 33 25 59 6 72 44 28 83 52 26 6 83 99 46 4 93 52 89 69 92 18 49 63 68 42 12 73 9 97
90 98 63 35 79 52 92 94 62 18 5 85 59 43 70 69 66 44 49 23 53 81 15 84 63 97 27 52 95 78 16 40 57 30 24 57 1 5 28 66 14 60 32 97 13 39 54 18 27 8 66 83 30 37 31 30 77 11 38 98 20 74 21 91 64 65 22 97 41 88 40 94 31 89 97 29 24 26 31 51 29 63 29 45 29 1 16 72 92 27 91 52 97 57 15 97 5 4 9 45
50 67 14 9 37 17 10 47 84 57 89 95 53 53 97 27 4 7 3 76 93 35 82 24 56 23 57 75 23 89 9 97 48 97 30 75 88 97 41 49 94 35 88 61 41 34 58 91 85 57 39 52 99 70 53 28 24 48 18 35 31 6 71 43 28 78 62 80 61 63 53 11 12 12 29 68 43 78 89 12 36 82 92 23 22 4 66 63 86 85 75 87 87 86 34 61 73 59 56 5
51 49 7 19 73 44 27 69 99 58 84 83 51 66 74 21 83 54 28 69 81 1 6 6 21 86 99 78 7 87 83 85 26 59 41 63 58 68 6 94 83 77 89 98 4 97 90 95 13 79 23 78 5 56 42 32 16 5 72 34 58 98 71 8 47 43 69 22 8 75 7 42 41 44 99 11 37 44 95 92 84 27 52 39 18 43 3 90 53 18 75 6 78 32 68 22 16 31 42 17
1 100
