17 100
85 90 7 61 23 82 33 75 42 17 37 96 90 69 95 96 3 40 23 83 10 85 93 39 63 83 82 19 42 46 64 18 62 60 90 45 8 22 5 89 65 20 96 30 72 68 37 15 65 12 30 79 37 27 1 53 52 8 4 61 81 43 89 25 5 54 27 69 72 94 80 63 59 63 53 48 100 23 25 49 74 28 54 35 78 17 18 87 83 93 80 59 83 48 53 43 83 88 99 65
15 46 89 38 23 94 24 70 7 35 20 84 20 32 45 55 58 84 43 98 20 75 50 37 58 86 78 62 98 71 61 37 3 47 52 49 81 98 6 56 40 74 40 83 73 5 22 47 87 46 73 41 7 100 59 64 93 8 98 77 24 2 45 22 70 55 65 80 41 90 82 23 59 98 71 66 24 46 57 100 39 89 73 85 57 38 2 38 53 2 100 1 88 1 7 47 91 16 85 27
36 78 8 66 97 54 85 34 69 7 39 77 1 76 24 56 56 84 87 70 24 80 1 76 43 84 8 28 34 66 59 51 37 34 88 73 93 31 72 73 77 4 79 63 1 36 81 16 14 79 94 37 28 30 43 92 59 87 3 5 79 83 59 55 56 35 30 93 27 11 34 57 91 6 29 92 52 44 53 48 71 94 96 72 76 45 52 24 74 63 4 19 15 61 42 23 22 8 39 96
3 8 90 58 99 32 45 58 5 71 14 16 65 5 12 8 89 32 39 85 91 79 24 37 1 63 86 4 22 13 18 24 13 29 48 22 85 74 8 52 32 88 54 89 46 92 14 100 1 3 17 73 75 27 49 23 73 37 89 56 100 30 83 77 2 63 21 39 25 64 36 86 37 84 84 2 77 83 42 97 38 11 24 94 40 56 77 49 60 12 99 97 96 76 11 33 49 16 92 48
56 79 64 49 9 33 13 79 63 31 9 49 91 99 70 27 72 81 31 32 12 87 22 54 82 61 60 54 70 54 41 69 1 74 57 51 46 26 51 56 42 47 22 54 25 10 78 73 31 26 96 95 39 86 80 52 7 67 92 47 18 56 52 78 40 25 76 82 86 3 28 10 80 83 41 11 74 55 17 38 19 95 54 90 96 49 76 90 38 18 75 96 80 34 45 56 74 8 30 10
81 64 3 51 24 3 58 25 68 87 6 92 46 92 59 49 76 12 98 79 43 40 11 5 12 33 81 2 86 72 74 85 53 86 92 33 47 92 14 94 34 100 60 58 35 94 39 9 13 48 22 34 51 99 74 79 42 68 87 76 16 52 41 21 52 60 8 40 27 97 24 76 61 85 26 21 58 44 40 85 89 80 93 96 40 46 83 45 27 31 71 47 100 52 81 13 29 42 94 58
50 82 12 22 67 78 69 99 67 71 40 45 24 57 38 43 88 30 86 83 77 34 82 82 67 12 28 85 65 36 62 65 91 12 42 64 34 100 83 78 87 61 54 46 48 77 53 90 31 33 84 70 30 70 59 33 83 73 97 66 6 31 4 92 2 53 67 95 13 45 78 29 9 72 18 38 87 66 19 33 87 25 79 84 58 46 66 76 14 54 28 47 90 50 89 92 24 59 94 2
81 51 17 13 25 91 24 99 8 3 50 88 46 97 33 99 11 30 99 71 80 83 62 68 88 45 96 35 16 46 47 89 20 66 85 28 63 26 61 24 19 88 76 28 47 93 90 35 19 90 23 47 87 16 18 93 68 61 73 39 46 64 14 76 52 44 100 84 100 34 100 46 48 94 17 32 22 10 24 86 21 75 32 87 57 50 8 2 63 8 20 27 2 39 100 72 4 59 49 72
99 33 73 67 52 4 27 68 91 71 81 42 53 64 40 87 53 52 56 32 4 20 6 87 25 46 87 36 25 82 4 25 20 57 20 45 22 58 32 40 95 88 68 50 24 49 63 72 75 26 2 18 31 4 9 56 34 53 94 48 49 29 73 97 91 78 50 63 74 28 7 61 49 21 93 6 32 30 83 25 36 8 43 60 80 13 43 93 73 24 54 68 70 68 9 6 25 22 50 38
37 66 44 94 89 95 48 58 27 32 78 46 31 15 90 67 56 17 68 94 42 16 73 57 7 48 27 59 33 43 96 88 65 97 31 55 80 24 86 35 57 22 15 31 60 10 52 26 21 74 30 43 2 4 61 46 45 52 99 33 27 52 69 71 20 96 37 89 28 83 66 16 48 44 66 64 27 45 59 17 89 27 7 85 80 56 84 83 98 20 45 42 59 77 47 90 37 64 37 98
55 61 68 81 90 18 24 66 37 4 85 20 28 89 62 62 80 17 38 52 64 45 42 88 42 71 12 98 81 67 59 52 9 95 77 91 74 65 67 44 44 60 49 88 72 58 64 20 78 25 57 46 2 6 73 78 15 52 15 41 30 91 48 43 44 10 88 32 48 64 45 62 50 76 27 15 39 52 43 79 79 22 35 99 97 51 22 25 82 90 73 37 54 23 82 45 50 85 85 58
57 75 82 65 11 64 52 59 40 71 81 5 10 27 7 29 59 88 17 79 48 41 100 38 89 19 83 100 58 9 16 89 95 2 96 96 61 60 79 96 64 77 9 52 3 57 30 16 22 53 95 22 39 23 2 58 1 84 50 7 84 84 81 3 16 54 9 39 10 25 96 76 65 28 51 27 2 63 26 74 65 35 43 61 41 98 27 23 56 65 52 90 68 96 73 10 32 13 36 46
17 78 87 37 37 87 88 14 68 17 21 33 57 69 29 89 93 61 53 35 41 70 20 61 11 36 43 49 61 98 77 73 78 99 61 18 11 26 43 46 83 71 2 76 68 63 25 20 64 36 74 33 24 31 58 57 96 68 7 8 93 2 25 85 14 68 64 75 67 89 48 34 6 41 66 48 56 82 64 84 12 72 61 38 1 100 98 37 27 97 38 55 15 90 3 49 84 50 66 81
18 69 63 22 74 64 79 91 72 52 1 36 7 47 46 84 49 82 72 9 21 26 58 23 63 39 31 49 32 56 27 31 71 37 49 90 52 35 19 67 69 11 24 16 36 27 65 78 59 36 13 9 45 51 53 91 26 72 33 86 30 86 49 13 94 25 5 59 89 62 77 83 21 55 1 33 60 68 3 12 27 87 64 86 55 56 23 59 50 78 37 91 94 64 62 75 39 29 51 51
68 29 82 51 86 6 13 46 86 24 75 18 98 93 45 11 35 70 38 4 29 63 96 8 89 79 5 33 83 62 87 1 86 57 100 36 99 22 31 7 5 53 9 5 94 88 81 88 53 44 20 16 99 1 13 61 30 22 42 20 60 43 30 54 97 65 25 5 17 78 19 96 56 30 81 12 53 67 74 38 34 2 4 65 78 19 64 66 26 65 42 59 5 12 2 51 43 9 100 54
38 42 93 66 24 15 84 3 74 54 38 31 21 72 46 15 76 90 58 12 87 12 12 58 7 37 50 61 91 10 86 95 81 22 6 84 99 37 53 82 54 46 16 9 42 67 11 32 32 44 42 18 79 88 88 26 51 35 71 31 90 2 93 41 2 31 5 58 8 63 28 34 88 6 13 75 6 61 53 58 74 99 24 8 77 72 6 10 26 17 82 46 18 11 91 27 93 68 90 36
59 81 30 2 51 58 8 42 27 72 30 48 23 82 96 87 93 4 11 86 51 95 76 40 45 17 83 53 11 93 33 51 8 95 29 30 10 42 69 45 63 8 62 58 1 50 7 37 64 41 5 6 39 70 80 39 22 14 86 75 7 15 71 6 24 57 19 62 2 50 12 95 94 43 15 40 98 73 35 96 20 49 90 87 76 28 35 66 69 20 90 74 69 5 39 29 86 44 27 63
1 77
