13 100
48 48 100 82 14 86 28 84 78 66 77 74 43 28 42 43 71 82 33 57 89 32 71 17 73 25 20 88 32 41 80 38 89 57 82 71 61 82 33 93 64 93 13 76 2 29 55 78 18 37 91 95 34 30 27 94 89 71 79 5 27 72 87 97 21 58 71 13 35 2 28 6 69 58 88 85 62 74 41 73 95 4 27 45 45 73 10 7 15 77 4 79 69 75 65 77 80 39 18 54
27 74 97 8 43 18 73 71 17 47 54 20 51 19 13 30 18 47 30 20 79 56 36 33 53 35 97 76 68 49 71 8 38 7 25 25 5 91 95 33 34 93 38 88 28 19 61 81 38 14 85 18 41 87 54 75 39 91 64 64 3 55 23 27 90 4 19 67 40 40 57 52 69 11 15 60 52 23 92 43 83 9 10 100 22 98 82 98 67 71 68 48 16 97 53 61 29 65 67 85
86 33 44 30 18 18 55 32 59 40 77 14 15 97 85 18 80 69 41 5 6 39 87 48 72 63 65 48 38 99 97 43 17 83 74 45 86 48 77 25 15 84 84 9 74 44 11 29 5 45 58 84 90 44 76 5 69 30 55 75 21 24 42 58 80 4 17 44 20 27 13 41 50 21 46 40 50 16 26 83 17 85 69 63 53 25 27 82 57 69 24 59 67 18 77 37 68 10 40 72
84 38 51 94 91 42 33 35 45 80 28 38 22 37 62 22 87 30 33 47 63 44 23 30 63 65 94 8 59 81 92 31 78 29 72 35 42 95 39 87 66 88 33 62 2 73 70 42 34 39 37 48 39 60 44 70 25 31 61 19 67 63 91 7 23 17 43 45 79 81 32 71 37 29 95 49 44 38 3 22 20 41 15 69 86 35 71 70 73 86 35 3 35 38 88 71 62 8 84 74
83 79 38 79 74 10 40 37 40 51 39 2 32 51 27 39 19 51 93 58 100 65 94 27 20 97 71 48 3 100 55 28 65 25 19 11 10 39 7 81 47 72 62 51 90 65 69 1 54 3 88 55 41 76 97 15 24 36 72 84 50 33 41 38 65 63 26 12 44 80 16 17 27 37 66 84 87 71 82 39 11 48 82 72 100 19 65 43 81 47 4 69 92 97 37 81 44 1 11 33
96 26 7 89 62 39 5 41 82 58 5 86 47 12 63 61 1 95 84 92 86 75 94 14 80 2 95 99 92 92 14 26 35 3 25 78 64 1 2 42 59 41 15 1 40 25 45 86 61 19 32 37 36 3 42 68 6 55 8 30 91 31 64 44 51 82 65 59 19 7 45 23 34 84 78 76 56 34 46 24 35 11 31 18 53 87 32 41 86 28 50 97 100 55 92 65 38 32 23 84
53 57 99 21 36 79 24 87 39 20 21 93 79 56 57 79 39 32 45 15 97 42 91 25 8 70 82 19 72 78 12 78 21 8 10 3 35 19 92 95 7 73 55 23 97 12 96 93 33 5 4 89 34 95 66 96 21 82 47 74 51 49 27 7 15 95 40 57 49 83 34 82 46 67 90 58 30 97 46 54 40 54 33 48 65 21 28 76 53 2 17 40 85 28 92 85 32 38 77 56
30 15 95 90 51 2 8 48 61 54 98 80 74 7 100 54 79 44 47 77 36 30 66 47 89 64 75 24 22 5 27 91 60 51 18 31 91 8 40 3 46 44 65 7 61 8 54 57 42 42 37 53 4 91 61 26 71 83 92 70 91 33 88 94 33 76 99 35 84 31 46 82 65 66 69 41 76 34 26 44 24 53 46 82 11 64 23 97 39 51 52 9 91 88 83 21 28 25 2 32
32 18 95 57 35 24 84 40 20 52 24 8 12 36 44 2 96 1 47 92 6 43 30 40 8 33 56 96 61 94 40 69 10 17 6 77 74 34 81 27 35 46 44 51 59 79 29 16 31 50 85 60 39 27 66 43 84 5 20 4 77 95 39 98 86 36 55 57 65 28 9 55 79 1 51 67 63 3 56 85 60 79 37 60 30 100 61 50 50 53 54 44 35 97 97 88 53 84 70 93
9 11 6 2 31 43 32 47 78 58 65 7 80 57 99 36 84 45 37 74 98 66 82 52 95 27 42 42 82 72 52 1 83 98 66 46 28 30 23 55 47 70 72 29 2 39 48 4 60 74 28 50 53 67 100 57 53 13 88 24 33 36 88 2 92 53 88 30 52 34 20 28 99 59 66 83 58 6 87 57 2 43 26 82 53 73 16 22 33 83 29 10 30 44 22 46 67 100 1 62
61 5 20 97 1 59 54 69 33 36 100 26 86 85 29 87 96 46 87 39 8 54 60 8 34 5 54 52 13 92 43 59 86 9 42 2 12 88 72 12 41 99 72 87 68 31 87 71 6 32 76 60 29 33 77 19 51 98 5 13 60 12 92 8 96 5 90 7 35 93 72 39 72 6 49 53 61 13 63 40 29 2 39 21 89 12 89 10 92 47 17 34 70 44 31 13 85 81 88 61
27 94 59 30 37 13 21 78 100 39 25 34 39 77 85 83 30 3 59 69 6 12 37 52 58 49 21 22 76 53 53 3 30 92 64 61 77 73 83 40 93 26 50 11 23 51 45 77 34 55 75 93 86 62 74 66 97 5 12 68 29 26 52 33 23 22 7 57 3 37 92 50 57 40 20 85 73 2 99 71 92 75 5 45 77 24 33 21 17 2 70 14 32 11 1 95 18 40 21 5
26 1 3 33 74 67 21 87 38 89 31 10 100 95 50 85 82 66 55 39 28 32 54 76 34 80 32 2 99 18 64 13 37 9 20 32 10 47 85 21 24 61 54 8 59 100 44 73 90 73 31 66 17 41 53 42 22 42 98 37 19 76 38 53 85 77 23 74 17 10 6 35 45 8 54 19 87 88 53 30 67 23 46 9 36 99 45 13 56 68 78 12 13 47 46 58 64 98 76 66
1 93
