50 50
00001100000000000000000000000000000000000000000000
00000000000000000000000000110000000000000000000000
00001100000000000000000000000000000000000000000000
00000000000000000000000000000000000000001100000000
00000000001100000000000000000000000000000000000000
00000000000000000011000000000000000000000000000000
00000000000000000000000000110000000000000000000000
00000000000000000011000000000000000000000000000000
00000000000000000000000000000000000000000011000000
00000000000011000000000000000000000000000000000000
00000000000000000000000000000000110000000000000000
00000000000000110000000000000000000000000000000000
00000000000000000000000000001100000000000000000000
00000000000000000000110000000000000000000000000000
00000000000000000000000011000000000000000000000000
00000000000000000000000000000000001100000000000000
00000000000000000000000000000000000000000011000000
00000000000000000000000000000000000000110000000000
11000000000000000000000000000000000000000000000000
00000000000000001100000000000000000000000000000000
00000000000000000000000000000011000000000000000000
00000000001100000000000000000000000000000000000000
00000000000000000000001100000000000000000000000000
00000000000000000000000011000000000000000000000000
00000000000000000000000000000000000000110000000000
11000000000000000000000000000000000000000000000000
00000000000011000000000000000000000000000000000000
00000000000000000000000000000000110000000000000000
00000011000000000000000000000000000000000000000000
00000000000000000000000000000000000000000000001100
00000000000000000000000000000000000000000000001100
00000000000000000000000000000000000000000000000011
00000000000000000000000000000000000000000000110000
00000000110000000000000000000000000000000000000000
00000000000000000000110000000000000000000000000000
00000000000000000000000000000011000000000000000000
00000000000000000000000000001100000000000000000000
00110000000000000000000000000000000000000000000000
00000000000000000000000000000000000000000000110000
00000000000000000000000000000000000011000000000000
00000000000000110000000000000000000000000000000000
00000000000000000000000000000000001100000000000000
00000000000000000000000000000000000000001100000000
11001100001100000011111100001111001100110011111100
00110000000000000000000000000000000000000000000000
00000000000000000000001100000000000000000000000000
00000000110000000000000000000000000000000000000000
00000011000000000000000000000000000000000000000000
00000000000000001100000000000000000000000000000000
00000000000000000000000000000000000011000000000000
