30 50
00011111110110001111110110000000100101010011101100
10101111101100100000011101101000101010111001001001
01101111010101010001011100100001000000000110010000
00111100011100111111101101001101110001110110101100
10001110011101110010101000110101000101100110001101
00101000111001110110011100001110000110010101001110
11111000001000001110110011110111101111000111011110
10110001110001011110001011100010111010100101111111
00110000101101001110000000101101111001000100001010
00100000111101000100110111000111101011011000010010
11001000110010101111100110110001111001001011110001
00001000000101100101100101101011010000101111110110
01110110110010111001010100100011101110001110100011
00000111100110001100110010100111100011111010111100
00000000100011111110000100110101000010100110111111
01011101101100001010101111010111100111001110110001
11000000010011101001011111000001011100110011100001
11011001111000110110111101111101010001101000011100
11101010011100101111101011000000000010000001111000
00010101101101101110100110011111111110100011000111
10101111011111010010111101111110111110000101100010
00110010001011001011100011011011010110010000000100
10100100111001101100000001111010110000110001000111
01011011101000101110011110000111100011110111101010
00110000101100001110010011001100111110100011011101
10010101010011011110001001010001111100111000111001
01000101010100111101010111001001011001110101001110
01010100010111011110101100001011101101100000101011
00011001100000111111110110101101101010111011111011
10000010000011110000101111001001001101100010000001
