50 50
00000000000000000000000001111100000000000000000000
00000000000000000000000001111100000000000000000000
00000000000000000000000001111100000000000000000000
00000000001111100000000000000000000000000000000000
00000000000000011111000000000000000000000000000000
00000000000000000000000000000000000000000000011111
11111000000000000000000000000000000000000000000000
00000000000000000000000000000000000000001111100000
00000000000000000000111110000000000000000000000000
00000000000000000000000000000011111000000000000000
00000000001111100000000000000000000000000000000000
00000000000000000000000001111100000000000000000000
00000000000000000000000000000000000000001111100000
11111000000000000000000000000000000000000000000000
00000000000000011111000000000000000000000000000000
11111000000000000000000000000000000000000000000000
11111000000000000000000000000000000000000000000000
00000000000000000000000000000000000111110000000000
00000000001111100000000000000000000000000000000000
00000000000000000000000000000011111000000000000000
00000000000000000000000000000000000000000000011111
00000111110000000000000000000000000000000000000000
00000000000000000000000000000011111000000000000000
00000111110000000000000000000000000000000000000000
00000000000000000000000000000000000111110000000000
11111000000000000000000000000000000000000000000000
00000000000000000000000000000000000000001111100000
00000000000000000000000000000000000111110000000000
00000000000000000000000000000011111000000000000000
00000000000000000000111110000000000000000000000000
00000000000000000000000000000011111000000000000000
00000111110000000000000000000000000000000000000000
00000000000000000000111110000000000000000000000000
00000111110000000000000000000000000000000000000000
00000000000000011111000000000000000000000000000000
00000000000000000000000000000000000111110000000000
00000000000000000000111110000000000000000000000000
00000000000000000000000001111100000000000000000000
00000000000000000000000000000000000111110000000000
00000000000000011111000000000000000000000000000000
00000111110000000000000000000000000000000000000000
11111111111111100000000001111111111000000000000000
00000000000000000000000000000000000000001111100000
00000000000000011111000000000000000000000000000000
00000000000000000000000000000000000000000000011111
00000000000000000000000000000000000000001111100000
00000000001111100000000000000000000000000000000000
00000000000000000000000000000000000000000000011111
00000000000000000000111110000000000000000000000000
00000000001111100000000000000000000000000000000000
