40 20
00100110110001100111
11000110000001110101
00111010110101001111
00100111010100001000
01111010101010101101
11010011011001001111
00100001101111100010
10110001111100101011
01001001001000101000
01000100000011011101
11111111011011100011
10101110111001010110
01011100001000110011
00100001101010100001
10100000010001010110
11110010100001111111
11010001100100001010
11001100111000100011
01000011011110011010
11100101101000111010
01010101111010100100
01010111100001111110
01001000100010111001
11000110010100100000
01111101010100001110
10110011111011001000
00000111110101001110
10100000010110011111
10001010011101111010
00111111010000001000
00010001001011001001
11101011100010111011
10111111110010111011
01010110110110101101
10011100001111100100
10001111010100001101
01010010010010100001
10000011010000000110
11000110111100111100
11101010101001101101
