30 50
11010110101000010001111011001000101011111010110110
10110100111110011011100001110010101000110101010110
11011100100111101100011101000000010111110010001100
01000110011001111001100001101101101010000111000010
10001011000110110110101011100010010001011010011100
00010010110110001100111110001011110111010011001001
10010001111110000110001110001000010100011001110110
11011010000111011101011110111100010100111101100100
01111100010101101010100001011100011000001000100011
11111101011001111101101010011000100010101100111001
11110101101100000001111111000101000110011111110000
00100010010001010011101110110100111101001100011101
10011101111110011001101101100000010001011010110010
11110110111010011010100000000111011101110101001010
10011000001101011010101110001101010100110100111100
10000000010100110100000101011010000010100000000100
10000001000011100101100100000001101011100111110011
00000101111101011011000000111010110110010100111110
10010101000100110011001111010110101000111010010011
00111010101101010011101011110110101001111000101110
11010111000110110100101101000100010111101100010110
10110100011110110011111100011000001010001011001100
11000111000101010000101100110111011100000110101100
00111110100001001000100100101001101100011110110101
01011000100101111111001000000111110100001001110001
00010000110111000001110001111100011000010001110000
01001101010001100101011011001111111100111000000111
10001110111010101011000010110000100101111000100000
01011101101111110010010100000111001111110100110111
11001011111011101111000111001010111111011010111110
