30 50
10001110001111010111101011111000111011001000001000
11001101001010110010101000111001111011010010010100
01000011100011000101110101011110011110011100100011
10111000100110111111110110101101100111100100001110
11101111010001010100101000010111101101011011110101
10010001011111010000011101001110100011110111011000
00000100000000000110001000111110000000010100011000
10001010110100101111110010100010101100101110010101
01010100000000010101010101111110100101101001110010
10110101000001110000111000010101011011001100111000
11111001001000001000111000010110011111101001010101
10110100111000100111010111001111111010110100000111
01000001011101011110011101010001000101100010101110
00110001011010001100011101000100100100100011100110
00101100000100110010001011101011010110001000111110
01110111000101100011100101011001110000010010011000
00010011110001011101110101010011010111110111110100
11100110100111100000110000100111111000001000110100
10100001101010010010100101000101111110110011110001
10100101101110011011111010101101101111011110000101
11100111001111110101011111000011111110001111011010
01111011010110011101010010111111010110001011000110
10100010110000101111101101010011101001101001100100
00000110011111101100111101101110010100110101010100
01110100111010100000101011011100110011101101100001
00110101100001100010101100011000010010111001100100
00101101111110010000100100110110100000000101101000
00010101011011110011001000110101011110000111000001
00011011011111010001110110111011011011011111111000
01101010111110100100001101010000010000100111101110
