50 50
10000000000000000000000000000000000000000000000000
01000000000000000000000000000000000000000000000000
00100000000000000000000000000000000000000000000000
00010000000000000000000000000000000000000000000000
00001000000000000000000000000000000000000000000000
00000100000000000000000000000000000000000000000000
00000010000000000000000000000000000000000000000000
00000001000000000000000000000000000000000000000000
00000000100000000000000000000000000000000000000000
00000000010000000000000000000000000000000000000000
00000000001000000000000000000000000000000000000000
00000000000100000000000000000000000000000000000000
00000000000010000000000000000000000000000000000000
00000000000001000000000000000000000000000000000000
00000000000000100000000000000000000000000000000000
00000000000000010000000000000000000000000000000000
00000000000000001000000000000000000000000000000000
00000000000000000100000000000000000000000000000000
00000000000000000010000000000000000000000000000000
00000000000000000001000000000000000000000000000000
00000000000000000000100000000000000000000000000000
00000000000000000000010000000000000000000000000000
00000000000000000000001000000000000000000000000000
00000000000000000000000100000000000000000000000000
00000000000000000000000010000000000000000000000000
00000000000000000000000001000000000000000000000000
00000000000000000000000000100000000000000000000000
00000000000000000000000000010000000000000000000000
00000000000000000000000000001000000000000000000000
00000000000000000000000000000100000000000000000000
00000000000000000000000000000010000000000000000000
00000000000000000000000000000001000000000000000000
00000000000000000000000000000000100000000000000000
00000000000000000000000000000000010000000000000000
00000000000000000000000000000000001000000000000000
00000000000000000000000000000000000100000000000000
00000000000000000000000000000000000010000000000000
00000000000000000000000000000000000001000000000000
00000000000000000000000000000000000000100000000000
00000000000000000000000000000000000000010000000000
00000000000000000000000000000000000000001000000000
00000000000000000000000000000000000000000100000000
00000000000000000000000000000000000000000010000000
00000000000000000000000000000000000000000001000000
00000000000000000000000000000000000000000000100000
00000000000000000000000000000000000000000000010000
00000000000000000000000000000000000000000000001000
00000000000000000000000000000000000000000000000100
00000000000000000000000000000000000000000000000010
01010101101111010111111101110010010010100101100000
